2500 2 5
13.835890883563147 0.89058022274391
6.035299922557986 4.058076470361752
-10.318384714871836 7.56297669512867
-11.917663901853182 6.368173609057203
11.202708394560076 10.45009943094494
12.204346766346633 7.227696285154765
10.689393795350034 4.088231628486127
15.749108338859756 3.3921397901702726
8.471366084067885 8.298862412238513
-9.223654660524739 6.817418403323083
-8.8448211806562 -4.752282203906825
-9.373769805378814 6.35669918536596
-8.395010588130118 -4.166488512058787
-14.230027740919244 -14.151443047450094
12.199107490383593 7.515247759780219
16.294593380700192 1.16445985196988
11.766290185069913 0.970719224209224
6.975479377678299 4.233916918949094
8.447237073477968 10.76983807754982
11.744661421497145 2.5005668891239363
13.306801997145923 4.0482933927667
-1.3347666389560011 11.96173400529571
-7.456534220968808 -1.9755009083373074
7.570876876968071 8.252645333441277
11.493674678469178 1.7720448435733425
5.926748239387427 5.2061894564700415
12.345569759167109 0.9936167495949726
-10.908468687642165 6.9115253223689495
8.503764056844785 5.580922981122006
-12.047572604065973 5.601281549954845
13.126553192009816 8.078236748447617
-9.392106481644216 8.209960897977563
13.431675955864423 8.582727309893787
10.639077361797112 5.238535320110175
-6.7568626394118105 -2.8493768492884586
11.551105879108812 0.435289257722828
-11.63449471091155 -11.041363887996361
8.909210841519156 5.232281590374438
4.121537450758225 7.145318066287396
-8.038354566023866 -2.383694358041294
8.492029071807307 6.040594514013668
-8.692152688648761 -5.783619418005933
12.057717738341083 1.3055958389629245
-6.158130918734155 -7.237877229494721
-6.896122023942293 -5.0812920514707365
0.7642088996805789 -4.61548098380378
-11.082804461020217 7.7156550664488615
11.818659092951306 9.014498666524158
10.940252276989213 13.582096795610916
15.18072290237233 4.105068449777032
-9.242724993527416 6.718643726904547
-7.1672122481345095 -3.5876918708983414
-7.577795303652871 6.6523391492775605
15.836811326834578 0.9482605346817627
-12.06026119976907 6.454247391953859
13.91794408375146 0.8091133231775369
-6.606340360249558 -2.5156566165891183
-9.843921877285382 8.23561993954612
4.878786654095993 14.660687040233096
8.578791117196854 4.900894291106162
-9.509852386063352 5.927158050674694
-8.672647099275764 -3.1426207066808804
-6.6899321461280294 -7.807606432290368
14.495253632688566 -0.598551550236416
-5.919343011567116 -1.301786361541263
-10.103165178696113 7.98891213091982
14.340427086546823 0.8927119179332765
11.807360885016742 1.689054232255336
13.019166041348225 0.6607964942485482
-8.68790536156897 9.43454365152014
-8.125822019070334 -3.4817110913370244
7.034069070399397 5.189951255331761
10.672842557318244 2.5794732781875145
-10.470432259565456 8.990195849155999
-4.902425468746131 10.168913196910584
16.863730974852096 2.0436159445353295
13.776440945708664 9.208545295144592
14.23128859794956 2.185145143275035
-7.434556669292579 6.628378646664798
-0.600893362117386 -7.728473694289968
-9.958515205496795 -3.429489845969569
-10.262414949249385 -3.2743128415755485
-8.135837052059806 4.520975837625663
7.221270399997225 9.996457630129925
13.720073432908862 3.399808969463103
13.058332132838455 0.6641976205594218
9.774809151797493 4.523388980298919
17.21854212047152 2.6464571715207477
8.826689363931152 5.520473284183452
-11.466447181452704 6.4680043443788335
-10.563388383183678 -2.8179768655612474
-11.207786635305759 7.717440579414705
8.076856701345186 3.088007412081375
-9.115347763151144 -5.557195450817186
-8.077253405508538 -4.606792832992662
12.783746875298458 2.532335432105875
-7.952577681394723 -3.361268493024191
9.286804478772762 2.514799238278759
-8.211632687674308 -7.21008728385807
-11.626338459143298 12.34539815858944
15.818032253264391 3.9820033991244297
8.234548253621123 3.5417811832419073
-8.165604035273912 7.041314374781441
-10.169551361961757 8.546895787072476
-5.560896293053787 -4.034397241566587
15.564639227283479 4.5658810256881655
-10.47572830015024 -2.329990898061695
14.371556780960232 3.3249504635161187
-7.260407727259492 -4.042851899829811
7.694638292398532 8.294681305089217
10.767295910227183 7.480848016258194
4.1587903982038235 -1.8310801826884973
-7.758710191498628 -4.528442494657671
-9.852475399701536 -3.178608651189882
11.635898566988926 4.234969515357463
2.9052635867355754 1.5178200928447652
-11.659486443146388 5.275908282912596
8.4953724804504 5.457065272013331
6.997158460775729 5.816096663726754
8.390748051092633 4.9358227567186
-9.024801047582697 6.549257890940089
-9.413260054476249 4.869401223308252
-10.308757717893027 8.412340590916052
6.606166811352793 3.247222185436094
-9.003285470005657 6.608179400113423
-8.159842697569042 -4.098629920519178
16.6828929406052 1.7770434417600196
-7.219437588961653 -4.906145979432539
13.639107909460508 2.0165462481613363
-13.065004318835893 12.512616075391357
14.380314634606416 -1.2686036249647472
12.196202087083645 2.610197361332004
12.491981168547886 1.0818018945388328
-8.062977340349127 -6.4404293578561616
-9.951617173660264 4.2394383934582685
8.112877513259164 4.278387161575681
-7.353365903463854 -12.725085503956237
11.479649025028902 6.9099441499072505
13.08373196016653 -0.5359595474734915
-8.233240972134972 -9.294861923031583
-11.958690962115707 8.783128119110048
-10.352209392118285 5.1506102686582995
7.625534889684725 1.8055256012909293
-8.412433417279905 -2.4986894652573306
0.1005251123624884 6.748303018357884
8.514903822366241 6.817855746503249
16.121923593127825 1.5340422605618904
-8.712239108821235 -2.5351955936968804
9.853817388111954 5.121581747391312
8.88766201038244 3.0171804664740005
-10.430937070589685 7.53648267020008
11.690807731077259 4.78132259107384
9.57106815788612 6.549074381197233
9.440419816846212 2.1168118402245697
8.743789884462261 5.579891034819862
5.9717497431092745 6.39034504170152
-6.292628033486803 3.9665216916367427
13.389350802697379 3.543047534159176
-11.02437831410694 6.887295827114641
12.55776087118185 0.17978031659023852
-8.318278422199628 -5.815521485906443
-8.072377358342298 -1.4689113785248313
-11.356049100970829 6.487142638235871
9.225764666430312 5.498663008447342
10.654507398182012 4.3362468326512476
11.024927987505071 6.585263323028713
7.93432449836553 5.712293423324251
7.966315878861513 4.894128540029597
8.533885931574183 3.958227431546162
-8.38064049693574 5.665994387954934
11.65913004788796 4.529883679577907
-7.943198778707568 6.336621357589736
10.811399414162167 6.8505888780484225
-6.861324545234581 12.475368943436823
13.181027378897102 0.11721446207396946
0.2687443469288642 10.405424181014752
-8.588230708566394 -2.8048531775584022
-8.790262822902076 -3.7948660969901473
8.837005490698553 5.2678852054069205
16.14779437050217 1.9043462009160823
-9.11932237746875 -5.1992219289316335
-14.257034648960685 5.9783601669217745
14.125652900758597 3.521839636791027
10.033365813234916 4.035512073205205
10.394380353590918 8.225884847812676
17.695025770918026 1.923730608930837
-9.667601682856178 8.519267189366907
-9.728694356094094 -2.755107540322138
-9.435222818798872 8.001881115744093
-7.8544239151476365 8.389855461631852
-11.5320744741778 6.561655887640743
7.502386078878519 6.325333876637588
7.360027652598209 4.772524319920897
11.530058528794916 4.679461599957479
-11.679377038757938 6.785889107852248
-10.236229894019699 -6.729890263128837
15.266302158433435 2.3569618819362934
14.07881963217929 2.325564001798545
-10.31010717948187 2.503672186427057
-9.014900575567406 -3.9563312683130434
-7.16381788069616 -4.090668179846731
12.859244812863729 1.7388438776646455
13.921051666013122 1.5906516921045672
-9.071611333380783 5.847193052269162
6.668698854396813 6.979854079961307
-8.307748845746946 5.101648433123137
-5.607539710491426 -2.766525948386904
7.011833683228758 12.896289372373875
-11.148407327981886 6.158954957787404
11.805716302509529 6.658618513948071
-10.895266967679207 4.334166219249084
11.800930048856614 8.525613926091424
11.788747153616358 6.941293155043911
12.663651809206584 8.407190933500821
4.5389083561303245 13.640374759646477
-9.420348040469456 -6.035852989425371
6.2220497662700005 4.5343280109710244
6.21580824586875 5.46479789998867
11.057828186416243 6.289435186380691
10.685031995325733 7.847361889613473
10.304157452581933 5.151975311710084
6.250389407043937 4.16931330178815
-5.818776148065755 -3.46505657590142
13.942774535833498 -0.17438851292608026
14.96874177646051 -0.06406865353705182
9.31905464002087 5.6286782029519955
-12.09651686900016 4.084146133655598
-10.625760215804727 6.516616861354951
-11.261184119628929 7.47803812208307
9.672813591670606 5.267546858624762
-9.009200422468446 -2.7993371934756066
6.973684713031567 -3.992565376894202
-9.608753971333126 7.654540409644606
-7.953406675960364 4.815717228305409
10.255494676649977 5.082287175740586
14.352319210732984 1.7139438049603688
-5.689278538993653 -4.661187652572931
-12.474545389102921 -0.6928137726370203
10.240375494763091 3.4210525024210945
14.006737974949516 4.681520039643479
13.673671134801323 1.5603405382345676
12.301004893462837 3.682839212094892
-10.092170677511927 5.676431283957284
-10.438427017021557 -4.386141087456998
9.74279510939937 6.240252546270023
9.888700194749374 2.2593938103315936
13.437642859923551 6.114249834778008
-10.422636710297411 9.855216112888984
10.296005849791385 5.5033693117034
10.127128998469717 8.402517796077229
-8.864719444328243 5.680739603487319
10.894663643761165 9.196925369230772
14.84310735307704 1.6490087950978956
12.311776469879067 9.228504039714196
-5.881887984427523 -1.5664605205701205
9.687718863323749 7.312647685787667
-7.53375992651285 -3.745921824202092
12.997841488529076 5.69718801061099
-8.30782931140983 7.0379212827959945
-9.900211202155875 5.916862587313306
9.512770929021134 4.969242417118398
8.34954313851663 7.219692037067895
12.25607605195711 3.167265105206151
7.793423583061938 7.070594507747959
-8.546469304783805 5.359849342326278
11.272628119331937 3.0309890789179734
7.713839757874626 5.3662870114933545
13.48553102886095 2.5703967868382454
-7.188402855499443 -3.56193411411863
7.33769900396611 5.399563412760475
-6.533158465497056 -2.428666959022231
13.503083098742788 0.9196793063966655
-7.303273584458002 -3.8758889876710816
7.80760597630413 3.5269901869987583
-10.574320536529433 7.300844654667584
11.314981265230745 4.168473475547973
5.550325089126927 4.692248845047315
7.665162940310832 5.668031519071182
17.32569994345358 2.652845450327316
4.617212373482183 8.08309163626043
9.01018942622733 4.449131394542734
-9.334437823754838 8.271639001388753
8.134648224428405 1.9714598030008603
-7.318595177565066 -2.733926434938838
8.745961121600805 7.821461734134241
10.809812059598485 7.680331861947577
-9.707067580020016 8.04720521023445
5.440529996899809 2.603452220063525
-9.598682628543957 -5.087815121055554
11.857331530116504 2.1095328776183773
-6.57270286666253 5.837619282467781
-9.382593948550717 6.525125597946242
-5.312354815569548 -2.8021860577856526
12.5824327032818 1.4482850830680605
10.09249441600558 3.907477734627105
8.400985662650724 6.556101176173435
8.012977696587948 1.9422662092268452
10.9905486128708 5.212272095946344
12.873222578494484 1.8772142262339417
14.261616397990958 2.608300668087136
-10.493932276586492 -7.57368589456867
14.138657845849632 3.3071820659779467
-6.116420121066932 -1.0612103750597313
5.378424153788798 6.277890192727699
-7.263646658279181 -4.5023016193936884
7.929958610219485 6.245593954068447
11.871678451837422 6.756761313427043
15.08941669421496 0.961862806783097
7.496095233905985 4.029300429086695
-9.176918159659346 6.938605983674342
-10.179660827595315 8.82517061050034
13.503603107318929 0.44609288728377194
-9.587708010481899 -3.280118875247324
14.783299539557843 5.126000075178196
14.631700582588866 0.8198984444118775
-7.01573230421973 13.107160328100957
12.151942930911979 5.1881580831154235
-8.208865974228335 -1.779083415805787
-13.709706360464669 4.851681719066996
0.761854239541556 2.466935673463375
10.496356648426412 6.126907183660252
-8.08863368808156 6.677346819123493
8.910356690938066 -4.820725711669846
13.722020671015992 3.4328916344426204
-8.893622297948097 -2.8410696067234884
13.883396918440562 1.6050044630061897
-7.607439247392952 -5.197258368089914
-5.302305069933886 -3.7272415871119606
-6.539483972915196 -4.782418370213845
9.0261171340855 13.15276210415593
-3.202749253756325 3.0899013108522304
10.390795024860994 7.192242876157015
11.257150688375164 6.526781004649024
-7.041932998827024 -5.870764721955332
-11.0536692698248 7.126187341410013
10.206905457489617 7.165359254300741
12.677958336070324 0.5690665279919442
-6.796910332598234 4.542019310943971
-6.486967374341646 7.8068228386607235
-8.37086349895618 -2.929533593854535
-9.27185729902741 4.130478477465035
12.850300567680444 5.796668182951059
14.782812018883801 -0.486333184151142
16.143965583254694 1.736172009778611
13.802604537478475 2.6427119548520723
-8.820524173941248 -3.2548557756134673
-5.722562809482886 -2.979001594497633
-5.412691495268671 -1.581453570744645
6.304245413186226 5.488340792000442
8.083406232507174 5.310977359005867
13.757999668397568 2.882978800685778
-8.605427295296845 -3.934309460185113
9.039567413348115 7.102625682322213
11.66010743413941 4.737403389755997
11.846980855899881 3.0056422478802167
-9.783331882085749 7.067336718872703
-7.437347783110572 -5.1671006068636665
-4.009779664873237 2.68628484893652
16.127921128774666 4.668086983592572
-8.383557730976577 7.383273211536616
-10.10418869541467 5.9609900147560655
7.9116985537297975 5.559172541278676
-10.714319473762627 13.595918876524298
9.629407373607142 7.524960841044039
-9.852106293511643 -3.28542206304595
9.424715361782553 7.148393559177515
6.913144573250468 5.427678156837845
9.739928709000214 -10.803966277258485
8.348580430668836 9.189161090760171
14.161904441033005 3.7241967497605817
9.2879884432519 3.999788027670605
-7.521510243842118 -3.1765560213614448
-8.905711424405272 7.826481316839286
9.69989878738557 7.333176954216585
8.04661417443597 4.12627426079041
9.05268442814639 6.323603564227733
9.698182080385283 3.9994496302556977
7.065435099845505 11.87952825898926
14.914949934471629 3.3503308828404585
3.671701046722827 6.727401317908612
-4.536478775441664 -1.4088197037266221
-8.966749097243758 8.318446653157013
13.286653669794962 1.3392170227596596
-8.057817190719014 5.362227162980497
11.637435657254938 7.457991148845732
-14.658407508442071 12.833674030383154
10.0778844354291 6.139535656373993
13.752551940222215 0.6194003161829871
-8.235070885526376 -4.022951330464079
0.7283763102101997 5.260794233770522
12.546108363989163 0.681287865696921
14.343917185091945 3.0470582062399467
7.331032314789319 8.201738874804875
10.616171786503617 7.271181264082927
-9.0359327114838 5.8481511008129825
-10.668378224366752 3.1251186456456077
7.6562064334979585 6.566730697041416
12.10710239498301 6.685818347256411
16.394799917887465 2.672054240504684
8.405546422555817 6.39155691325517
9.812746115412533 -4.567557544769752
-3.09890812309299 -12.26972765508302
-10.005320391899708 7.864706007344063
-7.384422805295675 -4.7301588097571665
14.013908494792059 -10.400930046433514
-6.06913427927579 0.4795247803834748
-6.932151646922617 -2.2122970549943983
-10.428717570107631 -14.499842598156283
13.662647695547031 1.217450681204905
-9.725597469045365 7.072266849034751
7.404141373911982 4.469770408644618
11.760659180223401 6.723095640897795
12.716586200210521 -11.23233785990703
6.075406209900837 4.188850199292982
-6.89988644717127 -3.390187849244885
-11.267251024215557 10.974289535930366
12.102347275245874 6.465911512294118
14.930126402006081 1.7180743227448814
-9.970747826415419 -5.602283987149006
6.1757803340520105 12.52380745702797
-8.063004698621782 -2.0390048825623563
10.784963137230076 -4.892608252670405
14.489540691005288 6.071733507515589
11.8173120871218 9.396875916240665
-2.633104578521939 7.280742007338883
9.891491139051345 4.249523198089356
-7.912897254049345 6.182324401355659
-7.8296938773112705 6.938398543833997
12.874001294557301 2.559388883041661
-10.838337725635956 7.166806176949587
-8.097569608115295 8.06639142263905
9.557478248784081 6.699285213625739
-10.745455164969815 7.277095854761145
6.756852854196776 14.116872063477178
-6.537046239803656 -0.4701830986855944
9.603874343645018 6.91000682787874
-7.662852496916924 -0.579737639532858
14.801691848807152 -0.38424055546612657
12.262805592900618 2.379309029323183
7.6918542920382045 7.451556108919158
9.739995654641465 3.1700545225108927
-10.404427524698159 8.936091333003844
6.6171292681197365 -2.6776446999430927
9.291448072515198 5.897827044345288
-14.611189995650982 -11.906320869742647
11.080754221504456 -0.779173660796622
7.358332587736322 4.832573211130941
11.0820208987594 7.279722468522937
13.919842860087364 4.191888370987726
-6.555524833769859 -2.626244518337017
14.328305739161785 0.8049164823819182
-10.58431789838566 8.159238731757531
-9.024807149439413 -2.2655245850627668
-7.060871018148864 -2.3419943251122546
-8.937279994108787 -2.9062823939472544
12.438702393544888 1.5924625495416396
-13.744753189576263 -9.991382268866463
-12.572747443942053 6.653434301892129
-8.57312534618115 -1.1986862864160033
-7.050327836251062 -2.647078433919952
10.588970739913506 8.384623288979434
15.029208120092957 2.413234350766808
10.783786801478008 -2.149992515860138
14.431001224122367 1.19439154867551
-9.139044670012355 -11.413533186803267
8.672035273857565 4.834467265329032
-10.239071445297482 10.08531233273224
-9.103945932759931 -6.081937369571056
-8.155077521258676 7.454698264898349
-7.251266824281016 -5.177148100799096
14.66394196682282 3.60002122057708
-8.029626232612209 3.668459798778003
10.366266579023563 11.121674698408825
-9.98476030120872 5.271726452612246
-3.698163473825799 -5.24511250073054
6.184037514626013 2.8041016921559025
17.240079974399308 3.036516973379169
13.172842259392462 6.967751525750646
14.222758487631223 4.269615860252432
6.108544645751376 4.217411499983737
8.695384339113383 2.7675470329784995
8.959501918753269 5.3376961283340165
12.326342650224657 8.230325118423904
9.377403299295295 -0.9318994006438714
-8.347952006865482 6.308825018266703
-7.1011890950043 -3.7280381323923706
-7.178337339890325 -2.835359848416033
15.407278849518265 -1.2389676640982858
9.685940965105841 6.597555228919577
8.025545892187676 5.898395961366451
9.10197068358895 6.973850580704323
1.7879588187431565 -12.865610490259924
9.11670183498739 8.326567225642208
-3.8593779162792483 -3.9245511257636885
-10.583975148826237 12.7871167509807
12.785640288436596 4.808840257766636
12.484651283410212 -0.9648475833374541
-8.481857998151806 6.484691697985111
-6.663695091587949 8.366798493827602
-8.433785053888418 7.479434051506536
9.0809279924084 6.976907946619602
12.350002037032738 2.6842869935785343
11.398828331508406 6.4382078629254025
-6.562800169776622 -3.0684930794815513
8.791120812464436 5.24528409888972
10.04246931179393 9.75970823833984
8.405596853988486 5.428078893598725
6.186979539425604 0.23398830064008003
-7.701302885502183 -5.437098022138878
13.214541030614667 5.269739402364436
-8.19365160074026 -4.816643990293602
-8.901082585071325 -3.806246125232066
15.144447797519216 1.0805718476640211
-8.712527376685266 7.173101129916474
11.311947056558521 7.841064342008402
8.787007651123249 2.639466136901625
11.605468293809944 4.067350110055384
-8.288756949089361 8.856722658041216
13.732143239464408 1.4797115551033755
9.648546733629544 -3.629752502362013
13.594051711292233 2.2226025942337593
8.139123023264684 8.550203852085573
-6.947107563431743 -1.884616852740277
10.274653330424913 4.646468484854758
-10.259287066562004 -1.433968733600393
6.200503229618928 13.109103524474563
14.98033898799815 3.599456373136917
-7.984046345682788 -3.684027699232943
-9.077214628883139 6.145119448294595
9.192472647050327 5.262925867049839
11.626798926429165 9.365035440945295
-7.922055394218969 -3.4830537991140558
-6.721575851313434 -4.293491826004138
11.160656425867169 8.638518523085704
-10.460517976346015 7.4979433673390385
14.901106974265543 -0.7165667044154356
-5.497100025500226 -4.514399484977042
-8.644189788543729 -1.9573909862790053
12.194676971567551 5.324661305010236
11.396725369338704 8.841509377276035
12.359153550098892 7.818726742320306
14.692927432257665 3.4182485777790115
11.368508208250182 7.87140505991477
3.565344399126978 4.958762142751112
-8.851832176063581 -4.051302334626597
-9.072995070264561 8.026193108268192
16.908439410091713 -2.0046515482309215
-11.802664342504068 -12.471851941757802
13.399661407787852 0.9692967580004652
-8.396616396147405 5.933087663570261
13.786230686372779 1.2984720375158219
-2.588586049483677 4.6969686674383055
10.454487181212142 4.762506034267648
-5.1201818532072805 -5.688192419760941
-9.46488534424116 6.0061446370315155
11.383810759306893 8.649895887531704
13.026781220028832 4.368106728210234
6.404652821659301 7.124260019337887
11.001642164591134 6.4302135645552525
11.953098079356836 4.589463717702432
-7.970323092070486 7.046709291542239
10.783677969362426 7.006619575523391
-8.685196489259642 6.390312823517032
10.474912309066656 4.63984874855331
10.371394808785938 5.96733016873396
9.046107633223993 7.955845656283523
-6.504888517273079 -2.7703040914027595
7.985031182215349 5.412259138726391
13.222523187589683 0.5232710537744736
-12.947674589467766 0.5314425692314675
-5.881000925119278 -4.454887828174082
16.68628835206281 2.7135362459888905
-11.326170977754678 7.939777548999583
10.712268127798035 6.9208711905018605
-9.534192889046826 -5.444855290147601
13.833126518591227 -0.9005558105145832
-9.781954102902017 3.2197304966563167
7.40098354394346 5.119065859084128
12.951056524750719 6.726244354565697
16.466071538212198 1.6918625279896298
8.07718295414914 8.548195466789455
10.046468115989729 6.455943658178797
6.984067300289268 6.276309747789621
9.539113637231118 -14.675240351112496
15.567508604505107 2.136017121262703
-6.617721694601856 2.45641915617389
8.379818530937118 5.69428216382091
-9.179185638118156 7.029821000129175
-8.764096131353018 7.652405053996141
-4.938129157337231 13.163385851577196
-12.508636880936796 -13.908235662944229
11.130820353122049 6.824561221446912
7.7415976807679865 5.307569680490888
8.121624631522055 6.426804671115726
-11.002443824407713 4.722431786569228
6.766719035242058 5.59935258460684
-12.892890903829691 7.019148737452816
-9.664635830680327 6.93009363912094
6.938172445146643 5.302632167468113
-7.356371929221173 -2.5378434827399765
-8.923891440738341 -5.879773264501993
-12.276776613098438 6.914384729757814
-10.23896129762828 7.862445898126348
-9.692474991433588 10.136886107200263
14.012181673185083 0.5002158967752413
13.190061419450053 4.141168570596637
-6.509698433716375 -4.349459692303581
10.991817853268662 2.5566072978041436
11.85611573074073 -1.4432815648005413
-10.457026233287943 -1.371997717278366
-7.896827293866712 -0.5649479261587333
11.420924918149108 7.451952033041823
-8.003507150772673 6.261542014174857
-6.492595027999654 7.324120349535209
-11.749462782049887 7.421610043889809
-6.892277339544 4.255574597311298
2.875461962111711 6.292478731063422
14.335060730425143 1.0139390599162108
11.80567512850257 -0.8305357020118334
13.053967640431441 5.646966812448174
-7.276159249357024 -5.895663414870598
7.781030837936011 4.396267287007524
14.032481072634907 3.3113763547706894
-8.883294314595979 -6.310604257093411
-8.026445420522673 8.142331185273907
-8.76162580291442 -11.746659304440897
7.795380870892495 3.5864930180056813
13.070710531052702 7.696303056491358
13.155618653287215 2.406410629707544
9.675939703293361 3.815550080953045
12.181096001356167 8.030078587952588
13.883388354552086 2.232401051258233
-6.703958789638761 -3.6716460712231744
-10.477119103716236 4.1702071265458525
-8.033087142426087 4.7892645999975505
10.1177709946047 4.7978490191340555
12.44093140476277 7.903021893319781
-3.856486186695008 1.0290429640345842
-8.129710242381055 -5.416283422872968
10.50074179045993 14.659838629303799
14.016588460072711 2.1788269998849854
15.29940492590949 0.00015624273823200419
-8.161218999890501 -2.9966400533932727
-7.890164130303329 -4.341809829766238
15.483333456565596 2.9639731625189296
-8.335852792798509 5.276805771845471
4.340984234870394 -6.558862826008294
9.37739979489725 6.682115112229918
-12.279271708681595 -1.7257825959637394
12.107520678054769 2.21457214260765
11.190356304263675 5.984841256731148
8.981234511355723 6.363447186427848
11.648600741545797 6.917281423670158
-6.764996430145616 -5.8505548789517405
6.911829555807667 4.498916098953533
8.40720106013889 7.844145123045605
-13.721195123961946 -12.918504964998938
10.382185173943078 8.486321723582256
-9.827447378625644 6.418612838443256
-9.521050227154866 3.8188776344362836
7.284551414544092 4.418239841142828
10.49135614813051 0.9340137357488769
-10.10279167708768 7.241083190057757
12.926534367834094 6.903287342094414
13.299301591312743 9.210698041501368
-7.168631915892032 -1.3445919342104187
-7.271064125924926 14.112917984294352
-2.958202864299679 -5.5239019548606105
-13.848406949269519 -4.319009980083596
10.512919333206202 5.856627934143107
-6.948073332276518 -3.9492239971066714
-8.60941575444813 -3.09621135966306
12.728045926628315 7.360670824300572
-11.98622432954561 8.140310474120657
8.344557456937189 5.407201373185487
-8.759732673873527 -4.525910236612881
10.47630443665923 6.445348982268138
13.428469798133191 3.192349811233176
-9.864768412937824 7.318329362741837
12.714755228620172 2.8897068851836614
14.94315563509683 0.954586364505072
-4.823838577667534 -8.285759054553912
-12.006622190637374 0.13957574984649312
6.755014273916485 4.926572919196989
11.716445898014578 7.820989277484746
5.941359872909141 5.686398830525665
13.856671690322862 -0.07251794490006458
8.002274632852417 5.049303555608947
-9.539068561218802 8.46626325497161
10.855579528858819 0.4729790446090387
7.765553517662894 4.593749365707448
-8.596488411134718 -4.4173400879209135
-8.272408895780416 -2.0952399170376816
11.843409367163352 6.749949739423347
7.9371548133986884 5.906705983078335
17.03190024571723 0.7811945503874802
10.053071279522044 -5.658801413743237
2.0931486329051587 -11.758346068271424
13.904837000723601 2.591739232541671
12.102838212560691 6.527728204237364
9.915692413210754 4.2149703119020225
12.849620982129803 1.9347135591846119
-7.488558344233285 5.320056248668199
9.020693132087507 3.894836562587752
9.918851531899282 6.2152000391229825
-2.0882946960675515 1.5091753657548033
6.604942682513793 6.565410571433823
13.270655616391325 5.507000789823363
-11.193807483098391 7.095982214725003
9.417217443907896 5.802027191993562
-6.82602244561185 -1.94743390535449
-1.0302123219002581 14.141316599550898
-8.138339453958219 -3.6198610398061537
13.745371811088138 4.170622688446013
-8.235320987566483 -2.0083068790129506
13.049669888892346 2.550675484942161
9.03773105932459 8.08578217428056
-9.27512352656395 6.481919700591032
10.854240063426898 4.974108029132399
9.266629963683782 4.527243822786775
8.94010556069091 7.3006867887227545
-8.305757442509531 -4.472592421473507
9.964314099646614 5.472701824005734
5.391562097227519 4.291435579679701
10.144587930553115 6.399791003559558
10.263475785166332 7.756234845894179
9.649547068127898 7.520081670461604
9.010705271923932 4.99323179038911
12.104919978383885 0.23799425368915328
7.430621105401409 3.7683988804084945
-11.602720434705713 8.276239176202072
10.674925598411058 6.4482466226653035
9.745653784715127 7.336117902346788
-11.106684183971602 7.072412868685675
9.867784066473432 5.09189488567048
-2.9067805394675457 -6.823003198101654
-6.804141314553753 -4.737920655714905
-3.865331024138298 11.946600771763134
14.577174691528217 0.44714915096631347
12.830022227293874 3.2287310114063
-8.813327570168296 9.072612475487226
3.275936229487346 -0.3230395573384026
13.474387763460529 2.7952117376114742
-8.533023564799116 5.611865218831732
12.684748699415879 0.6347942274821079
-9.663478199639767 7.292684496662233
-3.2373533383385507 4.350202685823799
16.788874294470208 1.0432349450684844
-6.940354366140901 -0.5048611010664539
16.33728595678437 0.9208101595707083
10.625166574346053 4.668461307103929
7.514591538951631 7.7442055548851805
-8.487278684363806 4.573062247901084
11.615595794135174 5.996920154137774
-7.336053820900256 -5.263361211093982
-11.854679219771722 8.810160960799081
-6.146479405734556 5.269886059912977
13.437000526350218 2.362130242233491
15.54043730908384 2.9503984869292177
-11.32177513198285 6.9419488911153735
11.916051394837888 6.7635618491466705
10.398790612732345 -13.424960903158942
14.273588862672856 7.667000066865411
16.728765097907377 1.2581273235079486
10.83747871431224 9.043081361228731
-7.665465142657802 -3.415925116125604
1.0676243832420376 -5.941763339563334
-10.554153796930034 7.542945325959812
7.766112116646077 6.352700125249248
-3.0501925117100797 -12.122548338399627
7.054409770666219 8.665302356943704
8.693072117221575 7.18264760586014
12.734741594855475 1.8718435804888316
12.921778362310526 1.3389690194278487
-12.130345526226268 7.403766496737282
3.5052649164291587 -8.734167441231811
-10.490210849453 7.844333728810014
-8.311133192098414 7.314803342497809
-11.114100252869482 5.978157859402181
-7.525240532171444 6.107550940710876
3.1916295895499687 12.712469684012916
8.419098528984817 4.721457457634498
-0.8412994811506032 1.460421127523091
-5.12848673661709 -4.392540000199786
12.92888443427216 5.527274772321022
-4.933570339905224 -3.0715678260779553
-10.300363583781524 5.148410502463676
-10.449631899451042 7.242625506886409
15.220675076244994 2.4737555576086527
0.6896209691552393 -3.4354037694385955
-4.3197140683370545 -2.508575752898114
12.989466442268727 6.225470929739155
-5.49704553769226 -3.651729501887891
-7.294004392775617 7.436907217632234
-9.288087722472575 7.085264765113875
12.465723882308723 8.749444375977324
-5.966093106190835 -5.59718789479549
13.79757951711186 6.153433358937458
14.228272492132099 1.6137557092502097
16.162738054296106 -0.07290108716448973
-13.899562373734359 8.008840553113775
6.9423902779966955 3.650856658223347
9.969032848533276 2.8340875308559648
7.716402305223136 4.283070516192174
8.870220154789376 4.591960878025504
9.462892097452194 8.910268341157172
-11.643746463118896 6.312417272766596
11.767043824199535 6.75884442441408
8.023460247796862 3.371494695408925
11.290479629094838 5.339057400798905
12.245132563780988 7.229922894154648
-9.945029489672182 -5.131126928041269
12.49783754848439 7.669874904207693
13.189017837397042 1.4801648554927476
1.9438318224969038 11.838737854094582
-9.4788061980455 8.60917827996655
5.832587439617203 5.449488073742565
5.903943685382947 2.5827934914739035
-8.323329245773229 4.067710447619283
-5.045095508311794 -2.910902203148445
-7.561258982151771 -7.7802190824544795
15.927979726736398 1.4601224171143135
-8.45143103218936 -4.147648752639408
-8.728928513707764 6.66392701988273
11.347107474821584 6.925817148710363
8.80704484758066 2.2150767073767352
8.291843384499632 6.587529198053662
7.8927285974824795 4.913983660170174
14.578845995123398 2.3094748335069277
-8.379457338352807 5.8775561429301
-11.059842955157048 0.4936206567866108
12.131157848590439 5.791229028443462
8.345092568523 5.672172771816325
-7.522400599375063 -2.102223741992385
14.554303459003595 0.5002668188811135
15.433834840544808 2.0088423838633633
-5.411208537070378 -1.9302153980456342
-9.141387192974047 -4.50381030127901
-7.1145173185054595 -6.890592850425037
12.685316123328215 6.147060084639389
10.370850834323834 2.566493625476497
13.3532276871886 2.451850107229145
-5.851686018706244 -4.369882313688274
8.800553145363915 6.7913067103226386
-8.478551209427122 4.097958512536377
-12.68211833687042 -0.7975607825284934
-7.779945532322377 -4.896314737205959
9.67607024330591 5.138493942016044
14.385652838502773 1.2904259453417486
4.130114328279856 2.8845697085019175
8.336362528153968 7.115420523351736
-6.668767967939694 -3.7286563003146123
-9.570999345216848 -3.7085355501338158
-9.60739054812918 6.922476890034809
5.676574016071444 5.052586101450323
12.203979383003581 5.88915493938134
-5.61750581121092 -5.826847507182993
-3.2604407436130334 10.70698917482935
7.751574434457974 6.454232414323501
11.750390107853747 -0.10297257191872244
11.530888867772678 5.071542563389167
-7.824859833500091 -3.1920532643938726
14.05726682182645 3.4048151530621227
13.288327189304495 6.534455629292508
14.636665785476435 1.7773362775650063
10.536630374914182 8.044880365730725
11.781738270120577 8.435175994590441
-9.821775488610015 8.296044800188591
7.649903591051789 6.776803428458128
-12.710791660655746 -6.794522323934073
-7.81419102459074 -4.245649736002298
9.175337918150607 7.279729373947508
13.712184740403606 7.920836758810858
11.329663135100548 7.401247789906259
10.690724335588008 4.415412964481074
8.247983926409894 3.2043363887291227
7.914357553684806 7.29731137577656
13.400419860682039 1.6026208085636826
13.776137410271494 6.145186304162202
14.981169515413624 2.1067160257686495
9.42763024824787 3.919749640029318
8.838483750259066 -1.1422593704419288
10.889036464304144 13.015195916692985
8.547027981267547 6.486444583667234
8.27631415247435 5.283225132828206
14.267875306735993 2.352581708391143
-7.483428096226782 -3.8591550230040643
7.161400374326525 6.016981735222438
15.276737954589393 1.1013334913353805
13.390569608174971 1.9653847708451833
11.615705021861604 1.2503514581719433
12.525916156686131 1.0238246254598145
12.305733737159397 6.563931661335267
9.538326865541611 3.354930274836545
-14.611021408847511 -3.802863827408734
12.267739352753741 -0.08940761663393326
13.892238699181533 5.501577637716528
7.89989355858172 4.586254419940003
-9.104131629849098 7.851008255469904
8.223020317202549 6.947012898721145
10.949329702734959 4.894356066310392
-7.60606290553074 7.166893733823793
-10.43534881213463 -4.374641431871502
12.195446095765579 13.851760193555226
-7.459411517961639 -6.335057676547811
-3.139926481397925 -6.57049716968803
7.138329232259119 5.767926222513739
-9.809199443928472 4.820129452600588
11.865874773107752 1.129906315322816
14.097557770044897 7.66176571087602
-8.309726621281257 5.725406670679339
7.112633675949064 6.288024869450092
7.374541451565417 7.3364088125337705
-10.450652217091156 5.211896595432124
6.991786086472184 6.340688667163582
13.791772050193233 0.16975292883990134
7.4945044530943745 9.656643892819895
-8.759889047486023 4.95840566947677
-1.4179657830611845 -9.195999104215876
-8.750930323156261 -2.3973471003041733
9.993290358782762 3.6536121180677514
11.90855857358131 7.256530178005004
10.286946233610344 8.537682185157424
13.567695686405463 6.338423489013052
-6.585415136794041 -4.321722789760229
11.089688689486808 3.0798015026349845
17.791602226331282 2.7811577932072167
10.39310792881215 6.417251888214395
3.3096794920280956 3.437983319467307
-9.254011926024575 7.470675733962289
11.365010070280773 -0.6004726692237714
9.365984228278808 1.2334851972531524
11.805511486900109 5.801305886805888
-8.470076459692779 6.47291412730684
10.282493124872383 9.733598449941576
15.071032820531615 0.2112531842777805
-9.751672373814396 8.420418705610007
13.234476871954135 3.048978237081626
11.00559267796659 5.853870883304101
5.173582441209524 1.669334573858197
12.953676403475939 0.24263163794611353
-10.569195200458283 7.1040446041074246
12.892513649985275 6.350797719635458
-7.75148235634154 7.864072358677743
13.522576044292903 0.65838330028941
-10.117659231425014 7.807932374491657
-6.937410690308881 -3.207459350866584
11.203041930173542 7.804640124201073
13.009189929391813 2.786512878105512
10.147177697324704 5.527084389804876
-5.0933525958760075 -4.994489479843306
-11.150182815955421 14.194067980935024
0.4010126471162767 11.349699240773912
7.622375891395128 7.766598988147422
-9.914031294021768 8.956599101082952
9.816099152479524 5.527681120295118
9.436833507460427 6.433495102221086
-6.465968876814356 -5.740030689652537
8.146638060892952 4.852692689612423
8.797154168366486 6.284748016445542
14.892465019960806 2.681505516692069
-8.553072745825421 -4.3228511986812705
-9.471295245786319 7.3226550066194624
9.537380158511095 5.38063146516211
-4.944095450716802 -12.830592301238475
1.2362644599502097 -10.51786778952145
8.3240031549227 -3.479158132012131
-0.5350869481366818 11.985770387944036
-11.349118768359373 7.379218207650471
13.015184052752952 6.984856505421106
12.453794390127607 3.01574999593334
8.529992636529991 4.880725383027293
-9.608446563098289 -5.700202537109303
-10.586094672972335 -2.1401731121359724
-6.626690925761678 -5.482849238591529
10.619513745937246 6.594741648138164
-8.034787102774654 -4.006264134778112
-8.542013521177553 -6.08453000879476
-11.651077684411689 5.073915602141305
-6.2282627322114985 -4.820896206909474
-7.508833613632824 7.645223773173128
-8.929209536317789 -3.765169786714982
-6.425614169258921 -13.229096598837138
13.637009068750816 1.5871256670807714
7.473097404568557 3.0313875870868916
11.040265867897421 5.953156495091486
11.096861647183337 4.944296844642427
-7.377938454141571 -2.1861106335751805
10.440433195808678 5.811093041473286
13.970522563176916 4.711645890187322
-7.703422735328057 -2.770921618492884
-9.203011198920946 9.238758154693462
12.157451247925826 0.7345239449920684
12.300483892152146 6.37632176996825
0.05937882439126696 -14.829030485327594
1.7011227950385397 -0.7505491177425174
13.503200315977713 2.058100569391735
-5.910072429015173 -0.09407189525421789
-9.902032282190298 4.1970974961149645
16.44856179036706 2.4806281401043466
11.259000437717965 0.09425312580352951
15.222359910624347 3.751259413335531
14.591193239841907 4.605118211614748
15.28537706036073 2.5405024168183132
-0.26579467726754835 1.745538006975007
11.632401763200868 4.618284138016952
13.848955345822322 2.819436145389665
-9.12901232585144 6.895968509283201
-7.952386023905963 -4.569547610577906
12.670768109862198 0.8780767034757225
-8.135257011452941 -4.382536077152036
14.22908934495933 -0.23152200180796179
-12.3582331378547 6.978719580304522
13.419628457707121 1.3370035618550387
-1.3747933976470694 4.869028717082166
11.92121920932244 4.8652314552014095
12.87369945775481 2.8940935552355014
14.475575741640041 2.712625481777599
7.78851477639846 4.5503439077552805
-9.347114469795324 6.351877143998771
-9.048820056621539 5.973945789278393
-11.265547136029063 7.785730340940439
-9.146978287365457 -6.498134993230151
7.545734725059263 5.331858214807326
-11.054757514427568 8.093035255520668
12.573883099727144 3.1692978415994206
-6.406339070134885 -6.186484279815494
-10.9841842771169 10.21705001348213
15.240397843623793 8.107474036586524
-10.06478818665137 7.53485253382675
-10.84314720445549 9.378665269861907
-8.097848695928938 -5.261101727246435
-2.2008573870078614 0.5844582860675107
15.297155551074965 5.663906074214456
13.934197675576385 2.2698328529339635
13.333081274797848 8.568792674549872
11.065132552238856 1.4260757107953206
11.010609990688815 6.964685822389539
9.139634191382344 7.795015217420997
-7.2884223828881325 6.8640524524619915
-5.9554661477644935 -2.2014812893815625
9.626889911813617 7.526143131907423
11.832834732428047 7.6600258630667994
13.442483013465706 1.5891503771018258
-10.7180475709269 7.166964903454443
9.763918631717853 -9.470883014257696
-5.294017308945756 -9.606281775575747
9.005206485606855 6.995207561520736
11.21793553328287 5.365367357748797
9.73055255229601 3.707446689735919
-6.188074661482595 -3.4511019731892767
-7.1469166659388215 -1.363278581838689
4.9816426585382345 0.6121026366776867
-7.1156550465140995 -4.3244704123134605
12.009187037193238 7.22484219246597
13.282904396704726 9.571551017038491
-7.305370012878546 -2.1088921349156386
11.095288315469265 7.831689278233637
13.640034880086688 -0.3251825817017808
-12.428100243566861 -4.73418823977759
-9.215746915143173 3.740467127655455
14.485685037254955 0.6552545478218221
6.675069727051252 -4.4075407266290405
11.321188097595668 7.376704913026606
-10.78016629938867 6.659683171463847
-14.606137474142653 -12.97212200229703
13.897519852434817 0.08513570487031896
10.039615442005356 6.204158500655993
12.55621626880856 10.062226510123512
8.993543642851854 -8.941919698591402
-9.24513435141595 -4.205216649086698
13.120382129632803 7.782474596797359
-7.591120430830179 8.506537516441798
8.139522913117123 1.4483136451315524
17.00697168028381 4.080479219683447
6.312981694163868 4.9031481584784204
-8.59926041953157 8.929457784360897
11.546835131399911 6.215884019321644
-7.580939202493659 -4.009530991045215
-6.374643365157811 -5.305043855167801
-0.2783145921857315 -4.019108190214231
-8.005188931812159 -6.059041081050999
-8.729905236564434 -3.115036016438087
12.684071446060521 7.2148906989298975
5.726136858828028 8.710618988203127
7.671012501186951 5.826913968473088
-6.952850525349573 -12.294644672039595
8.32333513551059 3.943078129626997
8.258886198709149 7.870816808863035
-10.692910386805268 8.123256648393836
10.79247084010141 8.097699454928442
9.998928523077192 5.1081652412556
11.57697921640139 5.613042551813403
10.060809073311637 5.610648910848341
5.1999197693254615 -5.094869381093833
-8.113222682141366 -4.59832784184156
10.879697934047908 6.902084684036876
10.873006726588798 6.602240172971614
-7.733958171329884 7.077505289377176
-8.0193619037985 -11.272835317531147
-6.6113147025730115 11.976124967334375
-10.840695041017584 7.667597345848172
9.540949866900778 4.2986551308397605
8.193414225927341 5.829837923145387
6.2646037693998515 0.4598016879962472
13.491823895356355 -13.1296581192457
9.784524380425434 2.8000369366720865
12.411540819924326 8.002562130980444
-11.089418551682096 9.26049590623284
7.799059270562725 6.646189866275661
-3.1354459456421537 -10.612487802326996
14.586084313995642 2.377045931609291
-10.483567526748367 7.635059312149211
-8.903846298576399 9.631406386939641
12.401368915477446 2.1214179585476
11.147204979755365 5.166194071885646
-7.465358230549507 -2.375984221385259
9.401060486987152 5.286305635364977
9.064466622978102 7.130144684363772
14.739396459126787 11.907261836992983
-6.676531944819512 -4.716995547143366
11.277039307319574 6.480340884141599
-10.423572982401039 7.5295468801693275
12.081577962788256 5.132972192364642
11.542957612290802 2.5056059200901872
-11.03503286073374 5.910875385932963
15.287265314929805 5.246441338294437
6.391445468610541 5.09163662574775
-1.7426630107411132 -9.049914090089727
-9.072144382834233 -3.6852102357185923
-9.84110815500565 9.258406624544547
11.325714574900456 2.7580782526010026
-6.793542035673032 -0.5421293122748958
-5.696546357409704 6.499222296684459
14.553919075553424 4.756313972771956
-8.20190561708845 -2.8486241110657806
-9.866977704561176 6.494751189893569
9.718103076226932 8.58314078888232
9.330362061736547 5.251387772323752
-9.887394495791508 9.008451044312022
-8.009214251364734 -3.9102968597667953
0.4762637076551304 14.120101077794288
-9.99502248194541 7.720738340290175
-5.886856190429783 -4.924089103057892
11.802570426336565 -6.654765716303514
-7.0334004076276635 -3.6761540896228353
-8.04338766216213 -4.696619098454083
13.679513981724273 3.2064452155235217
-9.517220483489384 8.453860298404093
-8.831399116037062 -8.627726302004607
-7.705163752660335 -2.6616440073802616
12.403082490227916 4.711686494665179
12.698700662460569 2.891657104268509
1.1523333847119623 -0.68102330997643
14.909240061343802 2.6182441656512756
10.458011747533027 6.508355498246095
13.154860864119344 6.915627804131733
15.330731806422026 1.2125961797952778
7.322204923761222 7.491523360605651
12.24420023972295 5.133796881310388
11.822705217515644 -4.929487132041608
10.07540059004448 6.529111945559784
8.92660435578198 7.781956017489366
-7.86518164639963 -1.9941829274060985
-10.044645639994677 6.36705129334385
-8.811818055610633 5.801652581499354
13.911664890558793 2.577612310392598
11.386768247582053 4.228446540820226
12.811645949254611 7.277613843256652
-6.9554578827733415 -4.609377054346414
-8.463215446783476 5.1107467315476285
-8.114660961616506 -3.205692649340859
8.15143726879289 3.219089488507306
11.267270523874434 9.273251314759468
5.212535772658203 3.5816319721287955
-8.277958576852999 -6.747475881344319
14.0784340643374 11.058593037182195
13.582688259570002 3.4605833875089833
-7.661098059523919 8.201768636512202
11.467012428205079 6.814751298154063
10.207944161102374 8.05289072666413
8.137129528608105 3.5122462214182213
-8.375402066048903 5.739531115162331
13.407800226391643 7.503737968782323
-6.710062000767983 -4.210843612621237
-8.856559036150987 7.000529303902492
-9.71830253938741 7.386892839365359
6.2691671081062355 6.186557936801547
12.823198918096676 2.4545106769311813
13.739458518391828 2.756325273137066
13.817668484661342 0.8420195592429975
-9.608361684143961 6.569084203982953
6.605662045904841 6.340510538033864
11.901698588503923 7.349657803769955
-9.53261659467827 5.545634042276079
13.522711630111758 10.012541813763555
-10.426993425456637 7.95221842084162
10.043616004407472 7.533892117189191
11.938550687557758 4.447720638589618
13.445081847184955 5.625474849321648
12.695407165728264 4.363489304436322
13.499971524787423 7.07007333792971
-6.39407923315583 -4.618473812473646
7.4221916097409135 4.08626802086982
-9.775740595345514 8.068355462280424
9.410426354179315 6.4744466513727135
-10.39629825458264 5.7630059727547245
-10.572924210374067 7.007444143116107
-6.942435356424331 -6.087955689543101
7.233997215613016 4.626992631999636
10.919082541475055 6.10157493600293
14.045319928566737 3.7265310773459803
-8.559542961027894 -5.072511602578551
-5.472237291859727 -0.8120902596060473
-5.635478430577968 -5.421226834636268
1.186895814671793 -7.952423489494879
14.167494405704382 5.541627242513521
8.489037215829317 3.355072019824571
10.237330983971693 8.611038407876608
9.129844155463655 8.055436699184321
13.778994631370125 1.4773738884102832
9.048176483989572 4.025984251810039
13.081898828165262 2.9964201133320647
13.361628432237325 7.338998047701329
6.431618568523554 6.817892474520892
14.781840341227388 0.26053208470374534
-7.359516208701523 6.502530695192587
-4.018362997930968 -13.248163070122489
13.62910236809386 -0.15171837417822065
8.590438753439113 5.617991411156466
11.417786678325417 7.393240845589773
-9.822484358415654 7.639064079675684
13.501526547791507 2.0008689122816596
13.477245274837756 6.569024692580538
11.876114400012138 0.7658541963104555
12.242715162318888 6.807248652055941
15.274780351832092 1.42487060300739
-11.243376962489235 7.18546526850911
10.516351600317464 6.677131443081246
13.368432785099793 0.40750750511722145
9.504750685488288 4.758711848862737
-3.7480665804353883 3.9705643476758503
8.328171052139455 6.452255365944492
16.146536733627766 1.3223038304474346
-7.021618511327303 -4.635300269527745
8.712321302177969 6.966659004134626
7.231997900278401 5.58854355771779
11.82052873907346 6.87288788514881
1.680198934521437 5.266092212128316
-6.688032683585021 -2.951342793851343
12.577568614129905 -6.59674247161313
11.882446646989864 3.15999578840338
10.159255498555487 6.317001155484768
14.937822420161654 3.7416921419318343
9.45362682110641 5.559667739665895
14.42655282043993 1.3964546957085007
13.108055002100238 4.63320669519656
6.43719239378637 6.384162914594348
14.414325258358115 0.7559875819617847
9.30456214948481 7.560963841200603
10.677685060723192 8.800407051422063
14.615393755754917 1.7889302260994429
7.79444158216666 4.26912492815737
10.923890767839186 -3.3502089170315017
-5.281741434902486 -4.683094712287357
15.721392637263138 0.32159743533052065
10.221530382246836 5.703038248902752
-3.0096373304479016 -11.511650516616358
-6.705885080690428 -4.138487441484462
13.592973991076391 1.7610113899156887
13.761660804972475 7.83184705587629
13.057690373976461 3.0277269014436206
9.969322139835882 7.236529579166355
13.350045448538474 1.8147141192026293
15.826651571622918 2.292139780419582
-7.12999553057171 -2.6003515556011765
-10.661092827726872 -5.133354219003579
3.999548070843627 -13.318727517339667
9.1944183794384 3.640341491657422
-8.768656257897266 -3.245830408570923
-12.034047474456461 -4.921806990145851
9.078055174217607 3.8882044008951935
-9.61189735606811 -2.844998951948679
11.832049463290893 5.76929264208507
-7.989740619680056 8.650855351319873
13.169898289168062 3.936290667411921
11.603935804236931 9.019612280624823
8.735758520092869 4.734228536041327
10.86438796717195 7.058184618862892
-5.468579237129362 4.106036510379102
8.509125622522825 8.90380789056633
-8.069045620079683 -3.314084032654212
6.801534911465811 6.419325448452517
13.64037107316096 2.892499222231697
-5.732313573993072 -5.216440079145029
13.292528600354988 4.2895586514245
-9.718856676526155 6.348408857993353
-14.749406508784839 -6.203683083305423
8.942201893796447 5.963138418411199
15.833947060361371 7.687822860595691
10.854957947714926 8.365201006140836
-7.974049041809156 -4.294667619877433
0.09412428365848058 -7.8938452499340315
15.284355752547688 1.55812175193764
-7.563450607085941 -5.66145165555903
15.353541103255045 1.4673428205128918
-10.839401310229366 3.906957275441732
-7.058897537664671 9.51215097940689
8.055787188002263 4.768956490916143
10.832294214685467 9.004969449576624
3.9605888983047244 -10.042775137650235
9.243611326234184 6.894774293568036
11.216417385905547 6.602144486155941
7.864144375444123 5.203269212590973
11.005486462250913 9.194098747605596
-8.085080299792159 4.670288477707755
-12.528105141270094 6.3028622947733055
-10.63160001599214 3.789705326202408
-3.5417086394472985 6.187203227231354
-4.085982136382528 -5.188671631066828
11.399880106003415 1.6589743613146626
12.744757451726596 -0.19166789124676775
-5.750463787821724 -2.555524124116972
-9.482522575663488 7.456955566360435
-9.067344448573094 7.166423890633137
7.916861140750858 5.603625460131564
-11.99169009496682 5.9254551134376054
9.298340918675652 6.615155614758585
13.392371870617826 3.7547545774237503
-7.066249971053494 -4.575249366077855
8.392077071216589 3.921834769128945
14.0725969995512 2.3889377625636357
-8.304726412962946 -6.1331694047229
-7.609423011446876 9.242054257742778
10.327133458480837 8.668709608730152
6.7047240592551205 9.951640321070396
-5.698084108666555 -4.796487162853977
10.882381860349646 5.201554668533943
-7.705044998381867 -4.1869377699493935
12.69664788272468 -0.414526249908695
14.667860034580297 0.7859960070050369
7.08262960255653 -6.16213406439106
11.142415011512734 7.024363899161859
13.63306834324345 2.867193213800242
14.760625632666533 2.4332880311660237
-6.770950035895273 -8.290523838707731
-11.906763911984978 8.39117517012771
10.509751154199469 5.92378948344572
14.266339518455293 1.145999010157519
4.576866137998142 1.9392407043265116
14.71516165037133 2.2429393720643924
-8.922389470537176 6.483619869412239
-6.739877546514722 -7.456907463319926
-8.169833683683436 -2.5104033545137536
9.41429477728713 2.1945602963252178
9.557741295708468 6.545227861317474
7.042733350004698 4.637999177068184
15.911542813429266 0.24122030971845043
7.918246314815642 5.623622243667851
-11.060606742440925 10.67132852975647
-7.640692867359573 8.568369652629674
-8.318555059150613 -2.367005601688783
15.788605311680804 3.705275020403066
-8.754589663179928 4.599180076993983
9.26481477506951 6.742334397825046
14.888014249324193 2.6090283923750786
-9.72083962231082 7.626643368986649
-8.838866292349664 -6.23207064218451
14.466021205506026 -1.8960177402911613
11.751600093208264 4.723247905846454
11.360484732246855 2.319329860779973
-8.736367994934875 7.123106341071796
-7.954531339403829 6.770829960717098
-7.840110440294409 -4.313379484582618
9.423054239143488 4.518552651436185
8.37342260922825 8.02090994100377
13.114834162679921 2.9243381571014853
12.790138526868132 9.131761302015642
12.373955176273684 5.410935529842252
-12.606474606537052 11.89662806787766
-12.603018338678162 8.223377577195613
6.48855216156236 4.9821715699913005
-8.37174301041626 -3.743453582623636
7.74319163918036 3.719180445713465
-8.511511216072202 7.195516942735599
-7.46883332182025 -4.158092095390524
8.38813039121391 5.684351550750582
-13.914831562113465 4.748051140884009
7.145905556315045 6.244918289986632
7.352164684633893 4.779471799981316
11.556771853798338 14.400161826187198
10.41980892724464 6.933602060971626
10.956074494789789 3.011608726378888
-8.369490823198488 9.12797969917058
-10.372847712039214 5.388437126455619
9.824296072841056 5.479826711107068
11.579725894511565 6.0426500409788755
-5.3930395083753595 -4.265853732060744
11.905058328214158 7.222467514225379
-12.83089192879842 7.179998574196949
14.206166425238646 -1.6055831065752884
-6.868852821863323 -4.77291665452336
14.82687841771667 -0.32876741358955286
9.233442586432357 5.924933863721833
12.597426206438069 2.168983677702256
-8.031313052192019 -4.914733343570683
-8.59920602107178 7.367751534120521
-8.230008774950068 -4.108045734066576
7.474166197216032 -9.36659256475741
-9.906483402717233 4.983813241338175
-5.8741378888051745 -3.8890347505543224
-8.896835362779235 6.772431993071563
14.450388425233584 -0.05813524053649832
10.989602431865185 9.374749877584103
-9.477573148571668 -3.3057232913909615
10.219811595948366 6.268562873067485
-6.686845892786148 -2.4794080493313935
-8.701397504646877 7.857789283123882
7.351984481024423 4.642234619940989
-9.1502838966902 7.898646281257634
-9.715628843466149 -8.134502284912163
12.303431343088054 6.682735283603518
-0.17049358695782324 8.023504711387375
-8.24332973107014 5.870809967249029
13.301559956216368 2.002877111784433
-8.49026183295041 8.30872198012506
14.185265897493403 2.3868730338177
-6.703970639542587 -3.2413177206836608
7.458844063652677 3.6482731219346487
14.471562842409854 3.456852367690949
-6.131000299929861 -1.9971753602712763
9.25945430019525 6.553631890940752
7.93892280573699 0.39530912203463586
-2.8102645390766376 -14.64612332054194
9.76124082907422 9.835029926905566
-7.843633142146959 -2.201746086682523
-0.6304188290196127 1.2644460021234174
-9.927657821310675 6.54047264604849
-7.247316609967962 -7.011543983592881
8.80493191598262 7.888927355741532
-2.8195344824844906 -6.916701892932339
-6.274077688280197 -2.7274724108164525
5.197595001596181 10.751815647525966
10.406841566823651 10.481843775771175
-7.8432195502599695 -6.15478472467683
11.694457047267273 8.071024328112822
5.983835989763147 5.305043101444787
12.570386494360202 5.816355419579692
12.746942644011185 6.885718053461797
13.558644973236438 9.45765022301674
13.002472969896793 7.360451704955554
9.61704738201858 5.074854204303663
6.338827264750034 4.64113764539181
13.383373738668695 8.13930224700543
-9.309307857334586 7.43385465734134
-7.500613837485863 6.563976297589019
9.76923761810826 3.071288605298358
16.176090139731016 2.0927452457561895
8.549294059495217 9.137330428391671
9.260180200513265 3.9820976706792983
14.038986367691294 1.9089929787228554
-6.169493279882341 -4.773578318369886
-9.538257127988725 7.922077175257518
-11.02342266136571 6.4846636418310535
13.237345240399518 3.762813882352088
5.445254567214244 3.7970003526491416
11.095348513564826 10.198893652462084
-10.265002178060566 4.471643552852828
-8.402490854916142 5.784963594200291
15.501203579235291 -1.0377742883988716
-8.06618302253926 -5.005841429352337
11.16279524450577 5.602725106655193
-10.312162587094006 8.695948083387654
12.027714822811852 7.960083945072424
-9.45548577575792 3.625118459771655
-8.455001354726473 9.83274514350985
-8.224788831367603 7.825121650660683
-7.622532918739988 -2.4420822802031346
-13.934848317456408 14.271559120509199
-8.419793115178246 -1.5177804355711642
10.737397976463896 8.00648528584246
-14.77242532374978 4.4830309439477
-6.49753660766984 -3.4426662849926233
-11.557442470989681 6.445972868981137
8.439556344497074 6.133754826714886
4.998610313633129 7.080775208327335
12.770312732858818 7.913137146702349
12.673341188600636 2.493182403357915
8.881097878989038 7.622729699744845
-7.9418725884373815 -3.4706858406731618
8.781395055070726 3.9758744623139233
14.299759177471303 0.7944654514623402
-8.566575444173187 4.852220668649851
12.424749400796184 5.259805786450487
-8.189606669349047 -4.7338991824691945
7.857972982289622 6.316998082794973
-8.294040022684447 -2.8533708745685136
-9.689023152369725 7.6731996511551275
3.8169363095668203 11.42897449393768
-9.895808435542877 6.452239070187148
9.346087268112834 8.866056626441347
-7.982375955294481 -3.858345881486938
4.490052639148683 7.778188523712156
11.04382989377 4.5957814336460645
12.18345438692994 5.6118170573212005
-10.974412469466825 8.00520973946165
-7.038908686399143 -4.158063569646067
13.035145738921809 3.0256476669989114
13.797855880975034 0.18169071700580464
8.199793682423136 2.9800386706034727
-9.619908270602313 4.577033097301898
10.789530660312137 8.578977518822875
13.928504217569216 1.0718687434238103
11.058950089823918 9.939094897019022
3.192702434776585 7.843791828939757
-10.131011989762357 -4.292940604907099
9.867468583309321 4.876212617028564
-10.294927660291657 6.558982617301342
-6.60595215524201 -7.788073774610244
-5.574626930163541 -3.5948596847908654
-8.156027872493235 4.391491815216538
-11.430144918071537 4.941858698728163
-9.827707711694263 -1.970555806915673
-9.061057940282915 6.710367864573469
-8.888825189995705 6.837787211711543
-10.661145017033368 5.787163937026527
-6.67335129380147 -3.8124351570328545
-12.325262901420505 -0.12650674421844244
6.054478491720791 7.13044324679288
6.503881950056748 6.393408556332737
8.192399393825333 5.7796963863897854
-8.471112267738517 -1.8923873205195907
-4.321967445677556 -0.18132417899059128
-7.230721840889677 -4.320285749594287
13.691000734557036 6.2033172179887615
10.672528062307558 6.159600158668425
13.207209410215572 1.2751468380038529
-4.919384339768159 -5.4349100979956235
-7.704004311773734 6.508524571763116
15.716369463627256 2.310722616773979
6.925264860646912 4.054769128101057
-3.160962792134347 9.290349890447146
8.62624670848283 1.8889681993206047
12.613190613053712 2.790019656264075
-8.978675821343188 -2.620857906046219
4.896404759043541 -3.0570402971302855
-6.287535878671051 -2.8686813409809657
11.80956638366562 11.245887638996056
13.904975682405318 7.193253580982957
12.280803790390808 2.8731776988068467
13.798400972316434 3.333608000403522
-10.64995242603269 5.511684295518849
-6.244352467067612 -2.1550780100565694
15.951551616792718 4.416702896420684
11.827731649453392 9.464674837608804
12.706981774923143 8.796885655906918
13.805091914029688 0.7347099745849741
9.65782266236494 8.913255533061479
8.438085658309568 6.207418844316306
-10.406659144917148 7.204253799647823
-9.922759097994621 7.082005244668988
-8.928459168488121 5.098686243358657
13.97111271961911 3.8853119501343323
13.611755843139628 1.4583083916505624
15.90761181693601 3.9082343485864426
-10.352973342536107 -12.442002882385069
15.138055216792596 1.6227491584229978
-2.1180442673413715 3.726389329535394
-10.896178580585744 7.1572116916811686
-9.146941255297708 -5.296383851844034
7.338319302092156 4.436689460600046
14.007567916520344 2.8580406513070242
6.786660334470833 2.850937693642522
-8.286562453527672 -6.411452214359281
5.605534191913631 5.5879375117607815
9.926542828133027 4.961754531342436
-3.5338142906277703 -5.994880113887525
8.567637091909344 4.536771328386173
12.30942560666282 -0.7217872275061139
17.260570577330892 2.310657857447676
14.637282719118424 4.274605728906458
12.221534797935803 6.4730123125898675
-9.882004001393584 6.455544224330223
-6.2349993516550715 -2.602517801922504
13.097579157940244 5.290562577619006
7.54574955236088 4.412581689950136
8.338083126543134 5.117572959645153
11.730861863010333 0.003779325853243698
-4.592992149191801 -6.3009251612388955
15.050446407549572 2.8967983514673903
7.973651020194023 4.027247823885206
11.493414130196511 8.660604069875896
15.093017179537256 2.5972790225088582
11.757531899907853 6.242572139489545
-8.768714084531807 8.74562220630451
12.173794487268683 5.137309764369107
11.541254765777865 6.82510698293523
11.766976262574932 1.9242167147483666
-7.646039763715287 7.718556475170633
15.05494140779171 2.8556265272772374
5.92850073176715 4.447850813773655
-8.411787487469878 7.392765666589645
12.53393619072622 6.0612376084054045
13.72828573446224 3.055795223065536
-7.393456780521725 -1.9008055330944296
9.02977070939648 7.7791354401265
14.605797681061961 0.4759069444744115
-6.308565840016212 -2.0928209489527516
15.597159872455572 2.100244294780542
14.08013320567091 1.3466811170776003
13.172924628812382 -1.5172630455087517
11.236156826978293 -0.30163075845633225
9.92905236096303 6.864561806992031
4.999920266941139 14.617131733905023
-6.55277369132065 -4.4739316288452695
-7.151034480357472 -3.5498524919098102
-5.717008352060901 -6.132708505451628
14.624048108184505 8.266423917955654
-7.993869543047685 -5.4999312973402334
10.439724970556425 11.829479757502153
10.277106388506228 6.940255033215115
15.051845608015736 2.926232698304249
5.395082177748151 4.0603943862367
-13.346066694094345 7.90307720010279
8.483170279307375 5.991115302141155
-10.792181337273714 6.4429794551331145
9.564398133298113 3.784942431942175
13.256375262324664 2.8057533741957563
-6.488052255892246 6.189152869867993
-7.351397824429927 -4.806657631250215
4.399202003578409 6.379572030111229
12.19666531261106 1.8555702579546256
-8.092031091985355 8.387205939789396
1.8187309157701463 -1.9616580774368302
-5.952432615551704 -6.050993808255379
15.319482601371769 1.4229916095215676
6.703066943507567 4.562287030093774
6.51532449898853 8.128805676684513
16.02901274130763 2.0098447365270036
9.53334904957021 9.764980881893134
-8.12010346670864 -4.3675138154244015
12.809044711261869 0.572222925904992
9.273687915420473 4.940168090958213
10.864888490985233 14.294803031719383
-9.384512327199525 4.813133521205021
11.491233376214463 -0.5565822396054392
5.197448867587049 8.948071353099017
-7.503920400926883 -2.758043767920098
10.491492247926683 6.48625992453637
-2.46418426997991 14.324845454506917
6.862265763864444 5.45185404872408
-10.006851465673378 5.944754100996377
7.091252525756516 6.133557043016172
-11.156489992501712 6.816395534324872
3.4384136569688337 -3.089448947818866
-7.27791008180249 -3.7581581394420267
-5.229769438777448 -4.563728412049435
12.535139956425228 7.268217139421478
10.63592678555565 4.504907812065964
-9.43270414770784 5.500351417235484
10.488489574539098 14.19540974542711
-7.768320941711591 7.734338107680468
10.898985090901382 9.347159580485268
-9.864106045509782 6.866397395707254
-10.542944854307667 7.09440668651745
5.893591710482358 4.648618929597964
15.934390192184148 -0.21743111176138097
-6.060225441844551 -5.595779089961011
10.675303259907468 8.270433297249314
-11.047954260534532 6.975430717924706
11.44772010709993 6.167805549222976
-7.0215798341007725 -3.742840199651686
11.421170303846672 -7.469596357522318
11.40570017857018 4.876282872669572
-8.044367134956618 -2.6420879995924675
-11.002988822327262 5.695779963065217
-10.12804407750803 8.35300220240204
-5.536685904443754 -2.923591882443484
-9.771251822486091 -3.094718100352498
13.540573074572254 4.040338345779135
-7.757629145187015 6.387506328430594
17.140465831550348 3.1761975134008633
10.361790423748406 9.117124082248196
-7.27110229313297 -3.4758367929094636
-8.781019903777356 6.6373396988560405
-10.84113353662872 4.137974504138471
15.293873802327367 1.9517516312723788
10.130304543748295 3.2714989070160034
10.093218168846901 4.328600378220125
8.064753586260213 3.574152798729154
-9.977660831505105 6.042363339972141
12.20671194369265 6.60906303957532
8.873337148856411 6.809378578764866
10.535601132670479 5.646674900610456
-7.642914698449896 -4.832930613166598
-9.303965444539667 6.882758101437826
-11.112904747143752 8.597794742126382
-8.286717025272317 -4.985023753271159
-8.388623664160974 -3.7915607728085057
-9.544011162782809 -5.417064506076122
9.524360625600755 2.8969102464874648
11.277593346632925 7.043548898259793
-6.251992130937655 -3.8049203870996378
-10.182872751944721 8.67202421509026
-10.00913988007923 7.85758554979639
9.523991335277955 6.145157171504549
14.343839042936512 0.20156565657081393
9.09661293494705 5.157730944078439
14.730547480765551 2.5026843068303837
13.402261089940753 2.830467025478284
-13.164903498710075 7.303187448453316
13.020152794091613 -0.051049168629506925
13.968909006502756 2.638537577667649
12.144946151318253 3.721356883274832
14.106432582944366 1.5997096464505893
6.244436896917569 4.58521960395959
9.772022019810194 -14.731598607699306
8.808818586746124 5.3731164724933915
10.464768869956838 9.96675295220189
-5.711524080732242 -3.0815038909263404
15.76687503496474 2.252377754127606
8.062826828081114 4.8385972794736505
14.45571987247785 -0.7575117633944042
-2.812024737157495 -1.108392680530553
-10.861997767176517 6.398644086965404
-7.095740822532623 -6.899140624175393
-10.335976508590603 9.484100504285557
9.558017739719936 6.436004031893015
13.902957374788091 1.646550109194716
-8.123421128281445 6.593060444407357
-7.825265143451973 -1.0556769147981298
9.135294090785793 5.935035184968852
13.03218463008701 6.982496857801929
10.437903230062311 5.0637115175244665
-9.9488564177993 6.686272614544996
14.071695970472062 2.5536954712802733
-8.436361975574089 -4.960762120835864
14.247736639998081 9.031868708519877
-8.045046873732378 -6.414513305748505
12.406362607973081 5.33209190603743
8.807723097367614 4.836327558954498
10.383659363710294 8.960978100137378
14.939297444174107 -1.4471464435381618
16.08049844411606 2.5697568212552113
-0.1474386507592591 7.2567570021087455
12.01983146838019 6.434447226648851
8.30386395352035 4.357404888855472
8.427903575218796 6.631443883539067
12.706207664644158 5.411748894475221
13.144685615309545 2.3229291680337165
-12.015663348295316 7.9692276788806815
-9.322593935711192 -5.563009139012928
8.49922434557029 3.6648480201837703
13.809141231128073 2.6243389056129756
-0.5468319856544603 1.1552774470081317
13.904056574926646 1.8458146048104977
8.19851563518156 1.3723334729559094
-4.4356440423149905 4.7681610349428
-6.59707885037997 7.535845980045985
-6.837560467489058 -3.723026396879551
15.061513627029559 -0.12271087759287136
6.130333975468091 4.352104203359301
-8.118579285965092 -6.59836339689024
-7.876594570320164 -4.718487934889755
-8.238673305002736 6.401617286035047
10.294651485714128 4.329897690740226
6.9500058292145255 4.309388400830696
-10.318838277329803 5.43084694461413
10.088073315855993 6.641230161531702
-7.133206917923274 -2.5908074097348996
12.711412440651548 7.344435108129212
-6.863004415316736 -4.834147465172332
10.228350239124264 4.470782349049459
8.505868757571156 4.80301517274967
-9.504175392418192 -3.4385459545057175
-8.886766435702157 -5.506772274589845
-8.479801110886578 -7.014684801844794
9.394066680967565 -0.28167894765905643
13.175082738417982 6.869893570158621
-9.988895666695177 8.935847422974321
-8.602823808545843 5.579348858441556
7.835723572758281 2.7797916439100807
-7.887449696274514 -5.362236328023744
10.51507545735757 7.454585983574861
5.636394417621199 2.7937979504844392
15.7047163851151 3.539936850095984
9.74288217919506 8.285330757552103
14.314073410847106 3.477543050671859
-9.694522466353334 3.959998005701582
14.784888972724099 1.2918126212074164
8.885999549724616 6.660873330341699
9.133824872420298 6.780952061696992
-9.18724764983467 9.074436641858812
-11.23123244878431 -0.13303050536501004
-8.914433319014591 -6.054724409793544
-8.203339193062728 -3.5496406658496458
10.461992840620209 4.531454939024957
9.563131085985576 4.759166595795665
12.125777173655532 3.6796785442548074
9.439056635125121 7.9627961869650115
12.092970706065076 9.775140645510461
8.726094426583526 -3.6423655204450327
-7.996240368436305 -3.4132238549522236
8.088330104062516 4.21948851087539
-9.147990082519643 5.648821788073827
12.205618951322585 0.7969975971129619
-5.42640657331766 -4.0614108406136324
-8.232300790359275 -2.820005995752025
-13.544593045244303 2.6457392197938
12.723332163073383 1.5110690600777794
7.246944599829288 6.035593031406148
-7.220940278331907 -3.365474675945415
5.861529617813471 -3.034379943440662
-8.072436756777616 -2.3962809980560005
-10.725646632128528 7.459170725103626
12.822093295172104 5.768264958203572
10.7511014453147 5.9815272071151435
13.555268935206925 8.510378585573942
-11.623904229861013 7.631420457489739
-7.569648417604634 -4.894541492168548
-4.936997215737621 7.799779511350664
10.029830877658329 6.905995422972516
-9.589143126261412 6.637517959579505
-8.397618432724647 3.2463188759438735
-8.088547861345136 7.501434424794561
9.626992857745282 4.046350498454806
11.153055184041971 5.571159553116834
-6.355094850603897 -1.8824386640844182
-12.613240871631472 6.023819137742893
9.136754164808158 5.497657676729628
14.091143366719212 -8.450050502294971
-12.403921112389334 7.001193887224053
0.7276523097475867 -3.3646427332241817
10.90012139479102 7.866722203632893
7.610383235225986 5.368837500569645
8.784997179518141 5.075007138224445
6.886083690032169 6.157509778865057
-7.877266945929117 -1.6046113765664498
6.915935235401336 7.517071568047201
-8.75814609774102 -5.022609723987216
5.875707544102123 5.056533075760432
7.7465036798062865 7.642267334816621
-7.663992709559355 -4.472095849679955
-10.714355965703538 10.343805232408114
-8.431163882711319 7.085575939996902
14.438685490190739 1.0544707233076598
11.085917786535198 6.086064390788477
13.053695146046254 2.100086767350804
-7.458214710806116 -6.234949234698686
13.125863832694096 1.0134230850882224
-6.490676797502109 -3.3603848282375988
0.058242903630789655 -13.953353089097279
-10.549151803334437 -2.307470054950174
6.89148753968528 7.435476890354034
7.158314511955173 4.9886198245993265
10.783889235155106 7.556163531221547
-7.221261520023462 -3.871869382765208
14.315821106607004 1.9595877402501083
8.504382891512428 6.262766711781939
-7.1911777533597805 -2.1024074422966352
10.507464484273893 5.4481086947259065
-8.368021343050728 -6.00853150888801
12.293476646781494 6.568154073221567
-9.983231900363476 6.611425683754569
11.035172923086803 7.024697131383869
12.16961658120242 5.78081486699636
13.625445542045084 1.4585861603282777
15.074502191147264 0.3835114611493704
-8.08445905811802 -6.52414610008252
14.528430588390012 0.7937950364336395
-9.213427347161735 5.255796501766843
-6.4390749438496275 -4.593934551984459
-7.105179244671895 -6.891164635759342
11.232405057180241 6.107383035043834
7.863522908408457 3.3162595751326545
9.371051702475764 6.355085207178414
13.32071781847142 3.533183894253856
-7.078224514246485 -4.626034144096888
-8.757870694093304 7.624560659591669
-8.224730738239723 -2.353205630627076
8.145049597294772 4.130887306888635
-10.04938623958148 9.22676480773896
-9.09497196475571 -3.375469314333044
-9.824715085735892 5.739611712135735
13.920753891169822 -1.229320382743217
9.133345703941297 5.300432778191596
9.486311448474686 5.315495424604431
13.09864886777433 -6.9954351255844625
-10.340362132469549 6.696409741597221
6.84276988124701 6.903642213944813
9.662511221117516 13.495954214834676
9.39524534489802 3.27992968331509
-9.936345187054972 5.742359651095605
-11.496414263779089 4.307930336852143
8.714147818909716 6.083052745212473
8.406579974590706 7.131100167423895
-6.995654469896554 -2.897238454440031
7.0048879980942775 3.3631508508684176
6.931092522316003 4.283109222904403
10.151913546506787 2.5980885898218657
-10.851538372448006 1.3644390043545442
10.57470932424131 7.549748470693942
13.676369148025799 14.193250175033281
12.10416045637249 7.143826000505582
-10.517958590973516 7.494217318573408
11.836958853853535 5.902849158551243
-8.03535294606995 -2.272497671368946
14.173125491378041 5.994504794628226
-10.461593600750879 6.710982255151105
8.80529745027186 5.483705150749646
-14.787359294121618 -12.84314553557693
-9.605372199935097 6.472961051969324
7.659550626485695 4.750373375890247
8.343899586036276 -5.774127719168192
9.588126079945429 5.052379793889884
0.6355241848135584 7.387545358400946
10.194994120681507 6.2792732528609445
12.316102693229801 5.7231201669883776
12.7861813740617 9.442510302111211
-0.3772545267312335 -9.391270199892045
-13.44202244629795 12.28195064639656
-9.244843844822238 -2.3469501211327084
-9.069374077022685 7.300545471967739
12.056561763632471 6.373264385987795
-7.0224667224220045 -7.951458805971653
-6.446197999436604 -5.4285485349844596
-11.53982123994478 8.366239975844596
-8.712111856483316 -4.104969728399289
0.6453248425601927 0.898197848850744
10.42092247793578 8.79207858359035
10.81799753949949 6.795125747251114
7.529509707187224 2.761976237410043
5.798783727986739 3.4941881693238557
15.356062873521505 0.36887213479883796
12.304468973031948 -1.1876063689688117
8.379887953731954 5.3103741898921095
10.198522237067365 6.839248667690967
12.413415421130576 7.639114163087945
7.797670867464401 3.8440762809488
8.71404234768382 3.3048157290725246
14.166844041474418 2.166202126759146
-12.9365188628972 3.7855898809814303
-9.515570816455172 -1.6297326518448392
6.015711204834275 3.7738018391007286
13.421436284102422 0.6517495525757451
-9.02008394431123 6.031488156357946
-9.732081522991642 7.755284969045296
-12.123610288701851 7.989679980896057
8.838627650049947 7.185129927937748
-10.228138103543424 -2.905416314259103
9.209657251892933 4.196519190601452
16.147219617339093 1.861109291256971
7.39601878800944 2.628956507695352
-5.858244100519553 -10.27822059722504
8.085616016836985 4.309038162384647
11.435737934753103 8.723671815101433
10.474651461661967 7.0138708198347794
-9.481110622721742 7.060050958487088
-8.85449811646525 -3.8308284212560664
12.798987843932249 0.41982634458246393
11.673720435653678 1.505478285786836
12.238705405577557 2.4844866639361247
5.9671030955365065 2.1151059148703
9.467929185937468 3.604810320410184
-7.448589700492339 -7.679402861770574
-10.352709161023796 4.023627334604432
-8.411409434520085 3.8313664140267853
-4.620159443814455 5.770355734199171
7.346245865634521 6.203468142793177
15.328978218633337 -0.3676443922585877
16.707275929839092 1.412158868294712
-9.947582276083722 5.999311699000362
-11.185066501053335 4.741078515236611
11.029092501101823 3.2735027343693384
-9.779515202213451 8.769689077783257
-12.408935895616779 7.620368935541478
7.474227368720731 5.6947812254684615
12.278931617481769 -0.9577676511575195
10.01879833225778 5.277741646235463
-11.756267012474959 6.76204011347644
-8.00788140493505 -5.525178923176334
-6.792670414009487 5.509450195791943
13.201575410245056 3.3916282903018677
9.42790271720751 9.631690773636816
9.552321093773418 6.519880572473137
-9.686445460603757 -6.88475053694922
4.531989919789126 9.566452420572737
14.535815683583506 6.158880934641969
13.885852863057849 8.077866201904655
8.454340176607783 7.496888201602573
9.382801515048556 3.8103908847370564
-10.522039047685583 -3.2423660535029115
8.367045603758612 2.9165265191564433
-7.964598845476747 -4.267898127682996
3.8475011865744335 -6.644286806558261
11.376657972683056 7.604429256535891
10.37648492897721 5.937100102802767
-7.4256869428617085 -4.519650402256078
12.684779346261255 7.697642640408479
-8.604351077733076 10.40157083285744
9.544589331745735 9.30759635891047
-10.582183009553896 6.356118853868399
13.00591051130311 7.142079032565134
-6.348063445784335 -6.335931883374542
9.073322842126508 3.7391018166727923
12.050332018106413 8.253265093225524
9.334435683119827 6.196496309234426
-10.814590365362967 8.03571304857238
11.904604954841616 1.5141221970171497
11.372428417810557 7.6378228266687564
13.847686446565035 1.8464141626524069
0.5845562186566582 0.35142260468954056
-11.256280207121975 8.174236827173445
-11.50012689142517 5.750977648795815
7.1450734671502545 3.6700092856572413
-11.549796376254593 4.955863849858249
1.2311157487182633 -13.527568324284037
-8.299208321000348 -2.8554766172258894
11.040259216857788 6.549862269287357
-8.809775937425496 7.712841117812002
9.741256316694109 5.700771766993686
-12.008224489333285 6.651677673615846
11.245408976141208 5.99943376455446
-9.868004396243283 -2.830379218401287
8.092129220837153 3.255835723378545
-8.590059743620953 -3.0429328102210866
11.966477759244178 6.214651734600951
10.229801248606122 8.257722637761619
-5.446825686881289 -4.1520978667262805
15.443147988505835 0.23874835636415215
9.408575844292194 11.243096095394648
-7.297916981179181 -5.964073735357346
13.401337291199223 3.231491615913055
8.245449688012249 5.647915570179698
-8.382679490721229 -3.3033206815886342
11.070062718362927 5.317549655245036
12.328869223190951 2.247837874695672
8.766181760784486 5.384402864739695
8.434010600438834 5.327172000000735
-9.950706261503502 8.142739008790633
-11.406551617643736 6.645278218328125
-9.434213436541802 6.428604189903295
17.435162016087634 0.7008945265181201
8.256033262639935 3.9133036524319365
15.815106145223348 1.577488882482405
-5.400066066127692 -3.2375744779695674
-9.093810639139383 7.597107409469929
13.835980141808701 2.863540039075567
7.589795515143754 6.637676565219769
-10.323352979384325 7.978124132369347
-9.472672241805911 -2.3994931865897406
17.550956767061994 0.2943763514541935
11.904252652707187 5.136507102807801
-11.01342288913362 -2.620911018117087
10.507190486316166 3.8803134263608237
11.958303132661934 4.133168612818947
12.018217392046333 -0.9836845015958344
12.425048326056437 3.2623830963242026
-4.677245469141575 -3.411080967112632
12.069847753346098 9.021168334027362
12.004167926422271 3.2709882715877097
-10.12214488246489 9.187244709677568
12.088559880598309 6.693099032513932
12.23095684309243 7.0931355881245395
8.314475661644389 4.7707258109060335
-9.304401590872676 -6.891305144043271
-8.79170959898079 -5.695856760848833
7.828445214872973 3.75461702527255
0.821947917799994 11.593220555061528
-11.419482240368165 6.171233828575381
12.061471984428032 2.4801824834731927
13.072532660781562 1.0335452050687262
-7.624988595033617 -5.701895369280082
7.455940524806385 3.70071159410933
-7.469613116537871 -1.2090693717443277
10.605875072104828 3.7471850149697845
-7.347792660443632 -4.2163073677583816
11.572508677537638 6.936021010342001
7.699130177413359 5.1562481809054015
8.091706070909515 5.803243318855363
7.546024493111067 2.9291904159517386
14.889711059925887 8.93526571334538
-10.494474034368894 7.686601433290166
-9.426501614653404 7.821773858228216
-9.928541757436745 9.099446667635007
5.231973647676774 5.711070655320723
-7.719935568244925 -5.8664562098275495
14.32448263008349 0.3729054868180788
12.688906733694719 9.57569458999735
13.727627635284383 3.8723112939703
-9.012277412342044 6.990563490894229
12.811322404870939 3.0523659450464984
8.090410171238025 3.9744952499022315
-6.576062662506082 -7.137510452247123
-14.900398392124451 -9.066140063656324
-10.26619305182142 -5.739056999413924
7.009536913365595 5.714677952282539
-7.3320484420657115 -5.515676820109437
-8.795752321774524 7.828941957028657
16.000980068266536 -0.6483005882087434
15.590813617184084 0.9375356213368338
-13.37565537558037 -5.778212309445971
8.12286451510277 6.253556193035656
10.956731650522869 5.877030332199441
9.7206640822769 6.607495158212609
8.944919997747228 7.422402704860097
15.718747674832137 2.785898820579556
-8.726772888709718 6.518173639313108
-10.018379800872957 9.067883400429295
-10.188787956335268 4.3245807542967665
9.334287495197032 3.4870015260749363
8.327836527505573 2.136132806368884
12.35629973727827 4.120390183571835
13.527470304373743 0.5316627607396243
8.037125405769839 3.766064327339475
-5.969128936022084 -3.587820349486229
10.27650724658945 8.23071079059398
15.511984705230066 2.3595485260310993
13.955474669268108 2.393015150319934
11.52963605181606 8.8142651551532
4.246308929232813 3.094322711006245
1.6590302009310562 5.98199766247923
-11.380470585750196 -9.252989294109776
-8.914201476086975 -5.999581419233525
-11.644242181411302 7.353630044975451
-8.626134171208385 7.567350193410974
11.031823811581537 9.894718360759496
-9.510039171475183 -3.4939112094342613
-9.805630798114287 7.46879497072951
14.638199093889696 4.496945898241633
15.129362120495363 1.245841023417423
-9.769911459816793 8.493788318278078
-9.124123803465466 9.309774218024604
9.294571880495194 5.829790925466264
13.799316046976541 2.983968955453876
15.026453280970024 2.7235364906260218
0.7393989489302264 3.200647869815363
6.792206237211739 3.3803542194109997
-8.52475229441316 6.674916571287728
16.143374874249385 2.2836594598419406
9.978385720655831 3.1698637073269733
11.206335678671126 6.2463697095074835
-7.230341256609805 -4.5584163548135
5.800432322410458 13.352315039313776
-9.438155110995455 6.017213055218206
-9.552109476998739 5.509892174617578
-8.11233423459243 -5.287336490048637
12.844438726171349 9.749986444978738
12.293333289089947 6.823526007805251
-9.493160463896482 7.7841038628477035
14.779024054278866 0.769832596021842
-8.680980979548957 -2.0939611263476965
-8.309541050528871 6.883158430481064
-7.748868075061089 4.837018317027507
11.55844744039873 7.456372532546645
9.749175580970945 7.509720142258931
-8.726092760025178 -3.7414607262044868
15.153765695304923 1.0090459030788848
12.26884168725011 6.7188644250596035
11.979143546354171 7.755205401344643
-6.801363911283526 -2.973116533510752
13.09392538313261 -4.6017533183592985
-7.232848881549188 -2.874733957392876
-7.588404896221223 8.009300964388814
11.568043825150497 2.2351447388034837
10.39215925177303 1.4171469286475395
14.097798268369 2.339975928997233
-10.969011128876565 5.846991462576056
14.4044905338366 -0.5000476246004606
-1.7029073033811013 9.693577398927815
11.676439865129495 -0.25556249567207345
10.669148170981686 7.5984788749495324
9.718664099192216 4.49898201506969
7.083761396011679 7.540154405667124
-10.510832654884258 5.993564987383234
9.097695133544855 6.498110125551422
9.790774019965788 8.79418288987304
-12.09359738381099 -6.362586994672947
13.210630495003654 4.785486264714151
11.15387831938935 6.073793696386374
14.071941270440071 1.800650578138263
12.259054561909636 8.491380258393416
-8.271931643072516 -4.191543352470224
7.363478029483584 5.318306994353646
12.14879691179095 7.655248060442304
-8.558725337345578 -3.7173776011000705
9.635038427388467 5.260387582702968
14.041309402993392 1.0775223967588103
-9.265447908462479 -4.018804499491983
-5.861452656655287 -4.785391856314654
-8.013213403093683 -3.8475474493081165
14.54291566258582 3.5539031235973866
12.902416338815318 2.209158116951106
12.147477681821913 6.483460510889003
6.051853062580124 5.881906763718424
-7.346463714728661 -3.7150340327933367
13.384590524585118 -13.755928098924937
10.536901895662616 2.7463905128311223
12.889422230469808 1.9798879081380811
10.62420241693678 9.083996525296028
13.90101447439732 1.2656328740756702
10.004164409851652 6.634581408197782
7.853739568446914 5.471981610977415
-8.816038633562888 8.887956160540163
8.091733680287064 4.950307234799991
10.136638872078949 5.689917625962224
10.630090976109681 2.9801766479188854
12.494813293537625 1.4982884402872496
10.571163529555786 12.915384668632349
11.186993289756744 6.07139634768842
-9.000064327654467 7.598601762250469
11.505176899378409 6.929657569400627
-7.895926688369022 6.7102535899393105
10.268497583884853 6.6241512318550475
12.610213426153363 9.177564256868443
-9.095274496599709 8.105128749399588
16.444733793439706 1.1840269889921928
13.196792485713734 1.717778176931955
-8.751492767499148 -2.969814536527391
-9.95275807922216 -4.337586593013833
13.112039629255193 1.3533659323669744
12.01534243885157 0.9468640893467446
6.20366325994842 4.551823442725381
-6.792671199989779 -4.197775908054291
-6.830769034289704 -3.2904527696560013
6.664549195097262 -1.8570384904740838
14.890103192754308 -1.5558232882233627
11.299109960532139 7.9025392678911555
12.096551663975886 8.225663332566942
9.691570005590924 5.960096233348757
-8.705901777085735 5.981393399638583
14.447056000279845 1.67099499646122
12.105470401734902 8.024505320011938
7.285793782486276 2.609929312605822
10.954270211211812 8.949508169364341
11.994858999150386 6.478758808185387
13.744031503809387 0.9347724995374687
-11.100364967869512 5.98640975303495
17.821950763785267 0.5274982976292815
7.714985918764413 2.8996524527698457
12.254542077457423 6.471085824321451
-9.637754829984488 6.507765098568949
-6.210390528855168 -3.9881812317724306
10.570403336708896 9.688483128088436
11.068587650535672 6.236590395445724
-6.188953758627431 -1.2917609377592214
12.720707727154918 7.596951665673124
-8.84128738452694 7.124664859474482
-7.966588727344721 -3.251274704022382
-6.316239304562741 6.640093618511321
8.910546458185667 9.261698852758649
-8.713780453319254 9.240950476339007
-1.4522142481830986 9.379868139367225
11.393376323605409 6.784434886214198
-11.571524719568231 -6.10133755348682
7.587011944286651 6.518442222896984
11.549157245194568 9.077825188333094
-2.9883014308751648 -7.039041183396973
14.34208128312796 1.6704182827917327
-5.780508420918876 -6.210214647529689
-9.441646337411012 7.3540803395320555
10.38232524177538 5.421386712477029
-6.381104971520192 -4.012923143064041
7.6861587709302235 5.471515739638816
-9.08846164977741 -2.315706158204
-7.271510436402584 -3.7441890673307436
-9.158444546970214 7.050194229964125
-5.056330111094187 -4.494493911179951
-6.7456462556985635 8.5510714197478
13.852647446643074 1.4368177260037707
14.288906308577998 3.018854316406765
10.039905411031526 4.302327642506169
12.180960197163193 2.8943457640971095
10.67239973943153 6.323436553390638
10.57063469117158 -8.635963948227088
14.066257231008235 1.854389232236058
14.350267548020204 7.6385250244526635
8.818800464488971 2.9321706956007447
12.652911730638682 7.170316458480308
10.334588900906754 8.21825540336874
16.04506832004834 2.7670408566389755
7.146075989428931 6.4454070717518235
-8.14988907415605 -4.372436541641549
7.4312829629375265 2.044275525537913
6.9219268705678205 4.099843725304777
9.778585577480944 9.61627256243909
10.926134967398514 9.054110368455355
-10.340757909472389 8.038648837181672
4.46300110453415 -14.175517654300073
-10.077261710334007 7.46670455586664
13.285273901935387 0.8295730082412662
7.754352222839065 4.015539266215422
8.471403495511398 2.3851166926413376
10.419336263082812 -12.346210232129518
13.856148672287112 2.8244834889959276
-6.520880834891148 -8.406641694581014
12.292882888870666 1.1367178381657463
-10.974795406671431 2.015439721321634
-6.998978679525549 -2.141146288091783
-10.725381709242743 9.343197205147044
-6.363663045503003 -4.290071667535366
-8.317428447974411 -1.5283823131134042
9.918385803263643 5.035164448633959
-6.590532636485045 -4.983729214517648
-9.03061073991997 -3.842501784634821
6.147939525531232 5.3309343105565254
11.90374843392796 8.613409065372046
9.377088767958282 5.221781213243759
-8.790244620985666 -2.6627530837474565
8.382390872110179 5.376273762260405
12.719961904087464 2.4357680830785124
14.57586892515138 2.7003231682410833
-6.403358689249448 -2.9391490121638446
3.085449708522404 12.013820887481124
10.046818973576308 6.061232183486751
11.529777735827611 6.925106233264208
-6.27485909364286 -4.689590738174672
-8.35190241906933 -1.5813509062142224
9.94655092165596 6.03112252358564
8.553985822313672 6.517404850127438
-12.846551393145432 -12.572359631645444
12.832948133747964 3.8981505112060164
-14.141847396991002 9.227733022583497
-10.138223245922521 -1.9106039998853839
-10.686758030363567 -2.736594206053102
-10.325405693042526 7.452147220457987
13.05991226751416 1.7208584696280647
-11.831985468342419 -7.038859473611475
-7.720432615445592 6.326913133952726
11.249441342974977 5.479889484262253
14.15770249644357 4.426154740189146
-1.3279568916063624 -13.326101649855996
-6.273508654082131 -1.8116813646079732
-8.865711584723373 1.1146930971580513
15.108452958048888 1.205118957503664
10.500888951963445 9.286776850970288
-11.224937973409487 6.254363927056513
-7.625046753263389 5.986996228070575
-8.264288546970985 -4.875363601086951
-10.499675607902734 0.6020522394531227
7.44936203658188 4.333653995663057
-7.360161236730506 -4.151473788887079
11.591298062236252 -0.6481808030565968
8.726150877194975 5.027640349880594
-10.872989188855492 9.740897718814175
15.059833350300917 -0.15997699964732992
12.546886817734231 2.1941047885318907
15.100253238918981 2.802618254333375
11.087323684182207 3.225228988095666
14.968339978814893 -3.018853394927145
-10.60214266491014 6.361916241830224
-6.974922953051756 7.528622874203366
-9.618260209943395 5.454139957662578
-8.585745969878857 7.353488869853847
16.20333919042954 0.7593514592642936
7.214681680867926 3.241131514973795
13.341561981580831 4.283068039541815
-10.46521007125825 6.7618907221048214
7.32311710085061 3.3544085785198248
-3.869167883193251 0.3596026752128392
8.802972154432426 4.383066791599209
-5.541083647479703 7.660310592313596
-8.477295785104968 0.045407756199975946
15.477470063584546 2.8935678317738285
7.875625635360073 3.425872741138943
-8.356198445002509 0.3843734808301189
12.28531440003456 7.164789562443482
8.57497105652469 3.3309781434464543
10.544888515432856 7.424331334609668
-8.745195817079574 6.924622804995631
-7.04540441127016 -5.321894844154452
12.050253154392545 4.353105278581213
-7.4754642902983575 -2.310761124563926
14.505782325623706 2.1315887729174143
11.01268975970451 6.920681682120637
10.916861950940772 7.631041837503291
-8.204859907089347 4.936299017574355
9.590197172531617 6.818474859248802
-10.856860840016683 8.699845266946085
12.80146905529287 2.5142591105425014
-10.916691968930838 5.894034827866358
6.359733115101549 4.433278479789958
-8.403360665984474 -4.536965734001651
10.674423551125306 6.324579743974924
3.650911526121604 -9.534967168636465
-8.561452655064684 9.131006855778342
16.142675350801895 0.8187360132411453
12.47176119185995 6.851929586038731
9.334384799297673 -14.379751198058988
-0.08863853452224646 0.16200579573510332
-11.595353424002528 6.133050968967689
9.969067893731868 6.461975080221574
12.49727364204665 -0.05699517408090493
9.886800155276912 7.622865838498987
-7.5578778099119175 -2.6057921782289384
9.829636127312536 6.802680055559611
8.850569875472313 6.459460176772709
-6.157564021536588 -4.62210232306994
13.015758604249877 0.6809705790605165
8.077338173943378 6.023772503146086
-6.686789293251726 -5.954869258259531
-9.636027817742127 -4.056651952284457
11.971165266490994 7.273750002180607
-9.912278897113367 6.068757543827769
-10.926232631976088 5.9425472200651255
9.795880783074056 6.630989055065557
-8.503145363037493 -2.273475278884221
-10.061020657593302 5.247969374576168
13.952159369549834 1.9830357009530317
8.439513250785582 5.012317247306463
-8.59790846175449 8.067395310806674
11.655025903334051 2.4640223578845237
-7.151717151779051 -6.5789772237150235
9.979122965389344 4.029915030049092
15.987433372490694 0.8082165297941211
11.006210451676253 2.866405891757484
12.432690945344465 3.5867379370216366
-9.274236233354877 -5.135475735748881
-9.682743260755483 9.338953231851027
-7.3443009722488775 7.9541997168763245
9.426016694406679 10.068344368259424
11.65605429699198 9.048409762985406
6.462096779020506 4.923117709214301
-5.401392067355726 6.226331525394556
-9.676706466966703 -6.247100766487785
9.841059035139756 5.061591534293561
10.68963973126112 -9.531215667784661
-11.499724875251946 -8.414341551298886
11.46195497295753 0.8678575383285139
12.805533158265037 4.647966739795869
12.396475385580578 5.911493823259144
-11.000827264632973 8.001739838632087
-8.658129351039685 -4.08422547474196
10.360566111984989 6.332572214998177
-8.355407238157547 7.129909495875909
-8.699147190542012 12.13017491324348
10.544768881390308 5.862738551228114
-9.284266324526826 5.586380098101172
12.731768472285694 7.632057048742794
-2.0857756492860933 -12.887460977454907
-9.696038936135794 6.346736318200264
-6.792595886338667 9.092434797480918
-8.024569900840527 -5.990952454800848
-10.05682729964908 -1.0639406039813957
6.789061262786388 4.031222882296057
9.044354274092232 6.4630199960138945
6.817425612635532 5.611727327802968
-8.825430829891278 -2.3417033636767934
-9.490962016159724 -3.029357534903526
7.600444335296793 6.744312946992704
7.203274748091729 4.139964648148443
9.255390842181212 4.375890560954167
-9.266281780333415 -3.7418201384121317
11.044387060019922 6.2788119693545115
11.217466931917036 2.5741965966861455
8.938729209469727 6.820488741296707
-7.900686495050735 7.705567550036686
8.23213882587867 2.3778699214201637
-8.304719268756783 -3.8519508177073867
10.407664221302504 6.300248146210527
15.613028503554187 3.970488097731457
-7.8394470682396165 6.976970532824726
8.553698918231094 3.0807514439700574
13.80828381696069 6.8183547884147
-9.66995586562745 5.039427473135041
-8.39793022987055 -2.9197831753308474
-8.520961611657572 4.685853530973677
-6.628246389890492 -4.005846850773121
-3.4048463796093564 0.04291029904536181
1.1984916622802722 -11.923951954883218
9.771707275690039 4.578689579146125
-8.828166014511877 -4.604713529660321
15.617748363753718 2.4013256500412967
0.7317113222125009 3.5852681714091688
9.193747803997612 8.321432659156454
13.928476128401861 -0.1264508642008766
8.387334305334516 9.703839047064168
10.819087760020134 6.5737358862813995
-3.0419347996146264 -14.032634025130012
14.848456493402132 2.666212398168424
11.725826513185183 7.4170750164726105
-9.965987046356872 -5.929151512434082
-8.993822114241677 -4.096191652243813
-8.847429198818235 -3.604768546708038
12.011111819462496 0.3953106397318178
-9.423112722810005 9.710831269318156
-13.245159099040329 7.923236586634717
7.747669377456075 2.1803564383036926
13.081871644496875 2.2316379221751714
-7.110529249728812 -2.959321886582696
-10.682343802602112 -2.9364693362783196
-7.765799335656422 -1.2920404119038444
-8.777166448894699 7.19449530633154
11.655512227417232 7.928461206471111
12.464945820171204 6.688813580687878
9.425184444706527 7.087551880183076
-0.3213505405560362 -12.756805826771572
10.976493073477506 7.663994792817859
-6.863771811339834 8.997223249083586
14.998531479027676 4.12558476378143
