2500 2 5
13.751902647874887 3.8076232643076815
1.7834371843836117 3.423367964931977
11.569417072896496 -1.0648297031196732
-12.921317508957758 -4.916953694248315
16.371929549121038 2.287931380856962
-13.619890661313717 1.8120577409498573
-9.544011162782809 -5.417064506076122
12.262436491797821 -10.162926714029087
-9.608446563098289 -5.700202537109303
-8.675882138403958 10.409483444693183
11.828277293356352 6.826869031998373
13.08375093234276 1.2071430170931277
-5.722562809482886 -2.979001594497633
12.617979681362124 1.826454881149434
-10.26619305182142 -5.739056999413924
13.122989087588989 1.9454308497421793
0.9441319327446713 8.832584846632152
12.461409265094305 7.3603870686157284
-7.195166009694489 6.385172632198827
11.052132753027752 7.727636539052056
9.56099295972273 6.829620573808759
1.3131228039155936 -14.685169664339023
14.252673887420407 -0.2795746134670192
-12.68211833687042 -0.7975607825284934
11.611932416174291 8.008779314505974
-9.598247416561941 4.544608866830968
-8.554380401507242 -14.671184969288118
11.137828800626561 1.1538864579980341
-2.6502793800531332 -1.125755168933372
11.157981809013624 -5.107615589542595
10.83852424763192 12.659365068230475
8.55546294170874 -3.873573300410717
11.923031431507697 9.316672416786485
-1.2083808210424145 10.762030927913386
-12.473223945384236 -5.002413577278682
-13.152258787733922 8.258755525261693
11.538923789520076 9.582028775726299
-2.2165724551232397 3.711005247084028
5.800588022055914 3.9462186988017427
2.7709004662946164 10.8570762568127
8.141237586576858 5.721073115325301
7.755162107953879 11.031579116625203
-1.2375393606050729 13.675923989152551
3.2891369658852945 -10.747957860234475
-7.595179938606565 -9.86754082064864
8.592399100227265 -2.348874860293641
4.068491114084509 -12.612143521494525
1.6789014237184254 -4.212155907759318
-9.965987046356872 -5.929151512434082
3.18796510325004 3.644638062527502
7.756223634818902 -8.519845266779217
14.870181620122132 2.6799661202533853
-3.23017036488098 -5.6891449080903165
5.215913119934509 -11.046964385352254
10.954984557461236 5.683329482719166
-13.734824404602668 -3.9161624391453937
8.828173740103672 9.150094667988817
12.748101700001673 -6.4423660252425385
-7.359516208701523 6.502530695192587
13.286155510175576 13.827095225374215
6.342853216261734 -4.085189310864088
11.980118871071895 -8.653015276432685
-12.132660830431975 1.8659792621075368
4.634254401711896 11.25696507142975
6.950490439161445 -7.134095034741836
8.519738206478173 -14.922875985777534
0.6131641849716143 -5.279834017866797
-9.934287638448396 -12.77977743247631
2.419081285739363 -2.1263042506784906
8.943716934019982 13.572651963038716
12.559249757925055 1.923437031910404
12.039975596363508 -13.418955397193077
2.1982935740550182 12.384313405599023
11.564632659309675 7.463853765122316
-11.629332692530006 -9.432090873404626
-8.031313052192019 -4.914733343570683
9.577886605687567 7.0114442934917784
-7.716948741758458 12.493531555587118
9.559308125343378 5.552116718081882
14.964536437249778 2.70881344634861
-8.96851901382306 -8.833192500068751
-6.2512563554796685 2.696379270551134
-8.767082288490794 6.873819692605657
10.266612775834782 4.538483577587542
9.898747906991275 6.165853156549285
14.526959757025384 12.814222887583234
7.168655276392258 6.307092171879528
12.473436530601496 -8.499932039022594
12.667697896620355 5.884454341691981
1.6620541456315543 6.319959943248993
11.409400404988675 6.51466329733083
6.74000196457583 5.199779119020828
-7.622532918739988 -2.4420822802031346
-12.705695991886284 -0.1453407366557009
5.321213005856691 -13.688997480409345
10.485852666437477 4.9394704517302
-3.7244485561077596 -0.4910399487300907
9.967953244924278 -5.627160984638403
9.120473390325772 3.338893245176974
-0.2183766182213489 -6.115698149684533
-9.409938191733273 7.403829750469315
-12.751746326954859 -10.482444210158361
1.7676653707959673 11.907275319678249
9.451801810970634 6.13994916772957
13.95886636187664 2.898229373459179
-4.004544184421576 13.269424994925249
-8.025692089030084 5.955577440320886
-10.551269315880207 8.380977078121449
-4.202770191592574 -8.079000955959494
-9.024807149439413 -2.2655245850627668
-10.96426672849158 8.537963179701986
-2.3645425783756817 -10.055999460669952
-9.661236497975365 8.777442801386394
10.642727710275004 8.942989531765726
13.681173640687938 0.12275061583697466
-4.401204989428253 14.69126701886955
3.852666432707899 6.643535810329755
12.3989104527389 -9.26147239846684
-9.958515205496795 -3.429489845969569
7.909134358056843 12.573873620110387
10.466725270268217 -14.38765955919451
-11.648875070075485 7.385755333944518
-5.654938160183505 13.263002654251622
11.969940606090024 6.152017647056477
-11.413072131955179 5.744190807629898
0.41456478482760417 11.759430743839367
10.25017586252765 3.319581470191679
-5.149184408288901 8.17313084241815
-7.260407727259492 -4.042851899829811
-8.844720979290729 6.741179101894317
-8.996751706912004 -14.292562395265
6.440453753038916 -3.3056721882879145
14.009192879715336 13.332349406632929
8.096632717495952 5.961339961159007
11.610317844882946 13.004533641226509
10.541972239527922 3.8377126197375224
-3.4408366739987564 -0.7948209689217993
6.0890231569521305 2.975388588554506
6.4508380027894745 -11.711250988601396
2.4396321875872395 -8.64337782028337
-8.355407238157547 7.129909495875909
13.482497237360885 13.292199457045015
-6.6899321461280294 -7.807606432290368
-0.05339263270358785 -14.395682827223364
10.479491122365907 -10.797831594169736
-8.235320987566483 -2.0083068790129506
3.2944833121004677 -9.58485740571918
-12.560575827583675 1.551001570827168
2.5828061546579235 -1.5574935449555856
7.061965212171768 4.589430220551008
8.814208790738425 5.790986642250828
-10.39629825458264 5.7630059727547245
12.565568974027144 0.8374339162596788
8.117627680468509 4.555735048883512
0.056424414483684515 8.426094980226033
6.577338454675941 5.562847824409353
12.962074935181004 4.677186676469637
1.963924175503891 -9.181616130067294
13.342580962512331 2.8291482955940754
-1.399898946459727 -3.0284522748737412
4.7556920140878205 9.349350384417203
-0.361941237978165 -11.394254981398468
10.73126674161498 6.970588154739782
-2.4808192445730732 9.59742637650086
6.195964579214888 5.187894038091605
-2.8674255652657603 -13.061776396509726
-5.379228478654056 12.322315438772375
9.92732965706567 5.837161901234074
3.4453702486411437 12.69129708119894
14.38560964932729 -8.053251648156266
-7.151717151779051 -6.5789772237150235
-2.062549275132664 1.1498479196062128
-14.019657280702283 -12.358345388838481
-8.744788053842312 3.0915927687685345
-4.37016626611984 11.694213113106038
-2.5750187678262026 7.601678536339399
2.087490140139497 10.894111353030478
2.4720878151637358 0.3853162604551059
-6.308565840016212 -2.0928209489527516
-4.029339496602187 -14.908742015855474
-14.972927045388282 -7.268390030827914
15.254524507376571 -1.317609422748486
9.367778196215227 6.792787306614129
9.766371568162299 2.8598647163385023
13.601145755245286 2.385876697051479
-7.889591223662654 11.637262969735158
-9.240024993604603 7.151628410986408
-8.640802576797725 13.034834663867613
12.583939788189687 5.11764493030951
11.752778074036739 8.480824499053272
-9.963695732100392 7.687613278984906
-1.1975976484638498 -4.035952317490638
11.762888910446337 5.593278296863053
-5.99821381487955 6.95511541761509
8.294107718366492 5.471376310793163
9.32634212296367 14.748108556595184
-8.712239108821235 -2.5351955936968804
-10.228138103543424 -2.905416314259103
1.1274357223919722 4.199626814916112
0.033660572037220504 -7.648280129213156
9.658115650470153 4.501352769994796
10.921794367648761 9.196212381316288
-8.759732673873527 -4.525910236612881
11.785711826913108 4.655826410936692
-8.382679490721229 -3.3033206815886342
11.069494403468058 6.049261538734022
-4.402156483698803 7.407731591190455
-14.504900209343942 -0.21492386227157745
3.382427785355226 14.13106810001295
0.8865589537667873 4.485174261234722
12.825238900879071 2.5186215090729007
-8.860411749913736 6.58617471737464
-5.717008352060901 -6.132708505451628
14.515650045206456 2.749670444482363
-9.306048146734812 7.291974672480437
-0.6644193423476157 -5.226329742655638
-7.952577681394723 -3.361268493024191
14.239151210773944 -14.581059712171866
-4.832696767557332 5.350741115439817
-14.61596157129182 4.821211721153585
5.543960105186777 10.116743728205211
8.17452393266153 3.9689413832171385
-10.57519787417439 5.918904422542915
-6.942435356424331 -6.087955689543101
8.3091556122753 7.7900070506605505
3.2070145560336734 1.243773764527674
12.951483898434685 12.675201827038343
-8.208865974228335 -1.779083415805787
4.856486660685583 8.011572782223226
7.442977665245248 -3.496202234870424
13.729588754841684 0.5933838143203343
-7.974049041809156 -4.294667619877433
4.947467975881633 -6.024372646895264
0.0476457867141189 -7.804230479369263
-10.563388383183678 -2.8179768655612474
-9.827447378625644 6.418612838443256
10.90869159745025 5.687536796276777
13.479430308658209 11.120940594076998
-8.044367134956618 -2.6420879995924675
2.146571018355438 -0.5622662410599695
10.780882700864359 6.125170793537618
12.769755361310912 2.008235854905897
5.640684704532855 -5.080741505507087
8.551849936788496 -2.139217059672408
-0.1892076997497778 13.239243787752343
-6.938332236713347 -13.944416965935632
-6.55277369132065 -4.4739316288452695
-10.121211853894783 7.021320661891841
9.528325485111822 -7.819631151200991
9.710614279203362 -6.035845670315833
-14.698996809500738 -11.459492675192
-10.43534881213463 -4.374641431871502
5.148495164604345 -0.2219697081343206
12.949585626857868 8.073289621400932
1.3560894771587577 -9.099291680032614
-0.7584805289878247 10.19655019749058
7.978667929185073 2.753178578771448
11.438401263640037 7.661438608406487
-10.81278346664467 -13.649925624198683
13.996198872348991 -8.951775637382013
-9.951617173660264 4.2394383934582685
-7.187470756172338 14.123058469494158
10.585561634222284 6.717880453912986
12.579715897501138 -9.591413795099026
6.741715539326301 7.790047655138408
-8.648534332316677 6.530206851075198
13.1955016823312 3.8412200123807274
13.770125506353779 1.3032632334118768
-10.138223245922521 -1.9106039998853839
6.864549205784515 4.1021857859330435
6.622102731826931 9.18497529218195
7.127469574988083 12.457138133798978
10.290072169567807 -2.8985523124251618
-13.335517102407364 11.660632389662872
11.779163900482903 -2.457197318978343
-5.560896293053787 -4.034397241566587
-14.347260798773615 4.058179045805026
10.0441664126459 5.702678161827098
16.377511559008525 1.7150766156867205
8.278162003230598 -9.089256839053842
9.606940471384998 -1.139752579098408
-5.497100025500226 -4.514399484977042
-3.1683411265219377 -2.3145641351412625
15.57738608055152 2.3524585880192896
-5.796899493887505 11.443709252286116
12.756263622632279 -13.046572808737487
7.65193125728274 -13.53969110516598
7.462880054660044 -10.13084102105259
8.690952259831368 4.792304965433598
-3.649167879795783 -7.934457489450092
3.543955271940707 7.974459897944676
10.988735560335346 -6.230406781502076
-9.576183681710875 5.712565936515112
11.553994771076681 7.791002061609585
2.693004274948489 -5.631784854062889
13.763901659706358 -0.9518783406603069
13.034333925904516 -1.3592705105728635
-10.201180359945244 -11.075078980201965
-8.658129351039685 -4.08422547474196
7.623906951033772 3.907934168714495
11.33581172719077 11.864103249224847
13.165384915898372 -10.620230976820967
5.402218567940928 8.734165587002074
-2.4826484221110903 -14.675777517610305
17.173338913897002 2.1751445127599376
15.377176992807296 3.7077468212659443
7.083390500824979 2.886693269226461
-3.796229540702198 0.2993360254396631
6.844861710384155 10.200776414798383
-7.0334004076276635 -3.6761540896228353
9.942526324137113 -7.790972824219475
4.753649484944198 -3.2603241818890645
13.755211840093388 -12.631786557671553
11.866906330331462 5.8111285833589745
11.859907585138492 9.081334840620693
13.454118980709424 11.990602549766798
3.0816762407289637 -2.9244340975440615
1.3292432628307331 -1.9199443452230582
-10.517859021273981 -9.130322999373604
-9.069374077022685 7.300545471967739
10.174166046117671 9.747795917576056
-9.99223308602113 -14.598759029499718
9.181740402175423 4.727369955571124
7.561156236688067 3.601632214247702
9.140324897905536 2.694120605007102
-10.986265097418537 7.274897996670741
-7.227122834237598 -14.327269339589972
12.882424872311798 4.118099747138281
-11.749462782049887 7.421610043889809
9.318972037096534 6.6778175336101455
-8.235070885526376 -4.022951330464079
-13.797896949170692 -3.4886894806274835
12.612264672071856 1.9772115046347418
-7.238688321890308 -13.066710397441492
12.611176427469088 2.9440594187453977
7.073374643953859 4.95020474096206
-9.08846164977741 -2.315706158204
15.282376210920079 2.2342973747613444
-9.014900575567406 -3.9563312683130434
1.0557013806399844 -10.10414477405197
10.023732573607452 6.491561840592935
-2.0905851166603604 14.327951948906648
12.047090907318696 7.605499961012351
10.855609056537036 7.951085773148627
6.9006454999649876 -6.301562975953328
-9.49023372303023 6.0730089121285635
-2.586110273987863 -1.136692363326432
7.931607040174774 4.839372550388918
10.942966539558492 5.967888213517947
14.85615800447116 2.5638652810367306
13.801827896386873 1.7174215589319821
13.91426156808226 3.271442868834736
8.467065240516003 -12.25265400819453
12.19948676044395 1.3190285076035622
1.1623744120536372 -10.022330400530045
0.8232920697926343 -4.395889174686369
11.438793550829201 6.575982402744835
-5.087087930331469 12.907451756493053
11.773795065186018 3.7792556869913487
11.441783035038066 6.479859250731205
-10.1716938601507 -10.50433206312445
11.848649327797915 -10.231806645623399
13.912526240676016 -5.301803399184106
7.784656827089371 -0.35020595670792964
14.133317347218386 0.3966582055008081
-3.698163473825799 -5.24511250073054
12.809073101879974 3.5508694301708124
-2.398689706761875 7.153984422643173
-8.37086349895618 -2.929533593854535
-1.8689597218246163 1.29655962044464
14.239432327243252 2.6727980214529445
-7.303273584458002 -3.8758889876710816
-1.8708598621849077 4.031230716798785
10.185157467796646 6.405542285727285
11.479019561445508 7.4958499645343855
7.446688051198623 7.711567855669789
9.039636730738337 -1.9214473140952286
5.721419329203087 14.406185686670568
-9.03061073991997 -3.842501784634821
13.537646947888987 14.051090521549842
12.165807050471486 0.6020018120205435
10.609549135941315 -9.944600492527549
6.920818561177814 -5.348785027265457
-2.4880965185617896 -8.782974797458968
-4.687875546174691 1.2674367344519695
12.56860402554604 4.104856711298258
-1.9518894544376444 6.3264849655083815
8.973646585766744 -10.460730757150554
-12.951743410279052 -2.2490995542791623
11.47909888064873 6.254558673874092
-10.497256459787657 -11.926009098186146
7.535425534812118 4.796139337405184
-9.547893562111998 13.089422421212028
14.5782992491838 11.406813117866164
9.226647298422577 5.687389552848307
-3.749522074873463 2.9113519019643164
2.3810510390200896 14.84783968820484
-5.711524080732242 -3.0815038909263404
-2.2901477572763245 -2.314701141650513
1.7568251765599747 -7.888917294134414
-13.052676232050034 11.23254679939247
-6.956534204217261 2.131123628888563
-10.201813238949429 4.439237185522617
14.962238649717726 -7.093279628559729
3.244578315127704 10.108468686814
-3.796192020845865 -7.887176563004484
11.113364532540915 6.635585590640528
10.201257093619493 -12.855496814384061
9.615371003687777 4.179694651808609
5.715152385473431 0.17963159229011794
12.53498698838143 6.164919938616038
7.4833186644079275 5.401290328506946
-7.095740822532623 -6.899140624175393
-10.522039047685583 -3.2423660535029115
-4.741984412511037 -14.445544620663485
-3.204213710205515 -9.118940642122954
13.089110598872214 13.396315486268854
11.134876337859795 6.0756557425896505
16.231377272604075 1.4794028098895264
-10.527459562761276 7.088105770570273
-7.954531339403829 6.770829960717098
7.053388277718556 5.96806804565689
-5.49704553769226 -3.651729501887891
0.769859954523266 4.207060991597096
-2.726295034039479 -8.382711555881995
8.099482749061718 11.719820633662806
14.689040400938474 -7.0016879073552705
13.73739218445991 3.950470830859736
3.739624159462867 -13.335122962421096
-9.35977617693221 7.514191867433364
12.116137565642063 -0.1931119869170228
13.988257697308491 9.519049178168771
-9.254490945114402 6.555196131065318
9.23109806905919 5.759866677165298
9.068843088823499 -9.893208365317543
11.103241964092499 8.588765669979773
-9.001840313917038 6.045519078206446
-2.562321833007857 11.35550235024056
9.627672994604996 6.178132027337262
7.1949516013834405 -0.5468752407870721
10.778833705013891 -14.740346712868064
13.995978076269207 -0.1095483636402299
9.726791052243616 6.149490785132125
-12.232289339717276 -13.894501321856769
16.01989417818137 2.569580638395362
-7.469613116537871 -1.2090693717443277
12.320518737250614 3.708727591998991
4.809268340736981 12.874378826074555
12.841708945838253 -3.9813476498621228
11.570330369036562 -8.157950958460837
-2.726123220079092 -5.882465245729637
-13.613287882025494 -3.585540288078782
13.382201361343043 4.50757344732841
5.875155401328577 -1.699108935100389
0.18930681942491923 -9.960057317217075
15.50990606940342 -0.7574840215587333
8.337295787866296 8.167482761916041
11.388789209596851 8.013914686844176
6.654282017160796 -3.212544426788801
7.882251736263088 7.310085647215197
-5.497756030708185 -10.450066541315785
0.009248486824901647 -1.2443272207197094
-11.13276981660887 -1.0543065251406212
14.760974115374399 -4.625308962599851
2.0972131641316807 -5.970359122957641
11.14067183225593 4.990711440100056
0.7312821529420503 3.6070382651788755
-9.285752564539123 9.51638796154009
-4.569121648749633 8.322952565894191
-4.9823712975878465 2.1133160783783858
9.483693602288707 11.515025453842071
18.26454187454093 1.0773556886192852
14.570659445296947 2.9561529126243165
-7.5578778099119175 -2.6057921782289384
-10.62791651516708 -7.762081592362641
-12.156886566097477 14.32572556472666
14.32776094244132 11.204444315652722
-0.8033713690332203 -4.728920212944081
7.373778788020193 6.10400882747214
10.667874962871469 6.495091058296812
-8.964858344212152 8.932232638024288
-8.588230708566394 -2.8048531775584022
13.969895005760861 1.1977604814249925
-7.756341709811222 5.052819036195785
9.662025083467315 8.029051734344
3.850593086493216 -3.0640285026482434
-2.790340954744021 2.525197038703162
13.422108481709774 5.9938944268324565
10.728770520101326 7.569874893890551
-9.583646084423979 2.3006756460549767
-5.881887984427523 -1.5664605205701205
-6.998978679525549 -2.141146288091783
-8.954924161639212 -13.898392500425306
0.5299140926918753 6.282728692903447
-8.094302046364795 8.678185253997217
-4.43924039242558 5.97911873839076
-3.759016678719485 -11.124499155180136
5.816441321662708 8.729043930761804
-14.897145114060216 0.8020049132342582
-11.569749390385471 -8.801024809988627
-7.15375528388814 -10.286162239032723
12.343903334647628 -2.8240252963336374
11.97981078640007 7.173322089395018
9.159977983802062 -0.7775372633318209
13.86030314378237 2.319819133954238
2.571998134630249 -1.2476034096714645
13.015981515863965 0.3627084587435774
9.956227581431989 -0.2972941177082751
6.149756857283087 -4.22468960950239
-1.2470816969991212 0.9590733233815882
0.18097562857923855 -9.38436511112039
-9.161302621022307 2.928207737407126
12.723825989199934 4.074608646381164
-12.572747443942053 6.653434301892129
6.643102022130332 1.890754791504417
4.9652644974355375 -3.1608848944323302
-7.271510436402584 -3.7441890673307436
10.462837336587503 8.166136930519412
11.575859989186844 7.329553205381344
-7.232848881549188 -2.874733957392876
5.190424185869272 13.627574956682249
1.7751648765144417 -10.740620897359246
13.616547702315176 4.077788970963688
-12.5852832252103 14.279589932197254
-11.095940061328445 14.454751561998517
-4.242240435913978 -11.785026872581808
1.3089266015427476 9.250612556512603
1.32374925987666 -9.59858839182315
1.9190197548236938 2.471559376093005
8.2671372666676 4.1502299038970385
12.006447498750266 0.1269324461373249
-2.0233281028411234 12.395387842740181
8.072668590702804 -6.717131384291665
-5.618135322473398 -9.022413816164875
9.622988801646072 4.636482912410869
-12.9365188628972 3.7855898809814303
8.07047199230874 14.705337785730386
-7.642914698449896 -4.832930613166598
13.096738741438372 1.9550687673321532
-11.461429834311494 5.31665740436585
-12.825593928963869 8.143072337325677
13.032014404949674 -14.974910795016296
13.847292831288705 6.847736563526783
14.594322608515872 0.6982172154938904
11.535588415670388 2.25479065996201
11.68098047054781 5.950339486999493
5.61126116843032 6.109350239391202
-8.848897899368286 6.668822930757542
8.711875007593413 -0.8845762669724166
-8.308329178482644 6.106088225008893
-9.775740595345514 8.068355462280424
13.945094319585836 2.4776675322113775
1.4868627801346044 -2.471813585132958
15.039799770688273 2.4183743566357023
9.168494505009566 14.048263885552977
-6.9852987540405955 -9.297869777040816
-13.284865384702776 -2.9990170680053616
-6.990658996727687 -9.046133764802285
5.792051370129066 -3.430372234614028
-8.107964834622386 7.29184619389255
-8.629512696102411 7.5192817151411795
7.767102847231575 6.2707109717064045
6.383308077645548 11.897245797164885
-7.75697620420992 -12.81288642905402
-11.753885492542633 -7.7909034743087915
-6.403358689249448 -2.9391490121638446
9.628788657530144 -2.1874560391341973
8.272830724674769 5.348194013407192
13.347095664566853 0.2818711078388585
-9.118542649734756 -8.588296210441015
11.024921401161196 5.79189740646212
9.66761126773172 2.710716768214641
-8.012973787405477 6.990631792824456
-7.713462828763843 7.284806858587913
8.83388668178695 2.4798096102368126
13.546802505139567 13.816867855167157
-8.893622297948097 -2.8410696067234884
13.718351665812934 0.8503358622250909
-9.725498330883383 -14.983288949796016
7.905781075945967 -4.020007087979524
8.244419447645576 -3.776947481051737
-6.804141314553753 -4.737920655714905
3.5965031226226074 13.363868915439532
15.897613000185064 2.585362270905197
-10.188541097086224 -10.194034525925172
9.39047865711412 6.004593858777477
2.994447718533099 -9.465076408357866
2.2294795698933036 11.938386327997858
11.17299334326974 5.325626964377054
0.10828696082312206 -6.948139857066831
-13.078602466024897 -9.71774837291226
9.963653996358307 6.604159118605213
12.158330044977458 6.844685410473424
7.59461118425784 -9.028428807128284
-5.919343011567116 -1.301786361541263
13.57321638042324 -14.18210412592557
9.232616360658497 -5.083685647289771
9.879070358182224 6.028759647402446
12.130235275429666 5.859518953680445
14.966786751354643 6.981199076468207
4.3502244813432185 -3.3865982518771336
-10.43804421960065 8.02418992615289
11.599203626429276 5.389019017920904
12.569024108242928 14.971307100878018
13.801165528958832 2.1693535259665655
9.806393471095916 -10.664512677092224
3.384026358823256 6.996561359877223
-5.314100378427732 -9.513833036221452
-13.86434231821503 3.016615785536281
4.119657020364112 11.72604222997316
-8.013213403093683 -3.8475474493081165
-1.2303076822991468 -10.550701957817626
-11.11751171994349 8.25880863733256
-5.138801703763059 -9.210933594109665
9.928108110810738 7.349978824069043
-1.2993676416266826 4.909770356219894
0.34595421060500264 -12.7909284104614
2.242015012324213 0.4852910646793749
16.074813511066477 3.3575616796665257
8.470909982563315 8.235675538172137
2.1195305290452104 13.417912294720882
-13.954066771049279 5.037396103697368
2.124935615892415 -7.469358473961545
11.298642344194356 -12.833551098810602
6.4461537271531535 5.292933303080879
-9.051996766131069 2.045315960567507
-10.16340579944083 4.888714088577931
-9.955862995097267 -11.275770928096073
13.286346118906437 -6.417406165968625
11.707242979780949 3.6341522823347763
-8.19365160074026 -4.816643990293602
3.670116028859219 -12.490026091204324
12.080406137729405 8.325344851918894
-9.998369285190549 -8.169079162978008
-8.113222682141366 -4.59832784184156
-9.570999345216848 -3.7085355501338158
-5.080088576893809 1.5500643633470013
13.562768763200543 2.839936294144549
-10.990668074663883 6.828364208752181
3.1842629080712612 6.943890973016693
-7.110529249728812 -2.959321886582696
5.626084746918771 -8.093676081352527
-10.932208775362936 -14.161593619375651
-14.18387170496388 2.4823366665664786
-2.336532839004372 1.488810728856901
-14.415731125785241 -4.121281533441914
15.066673522365086 3.7804819475856264
-13.78612073145886 12.381075224297732
11.39340296626159 5.656089932312394
8.825339003183387 -2.387590288130653
-14.762570997344094 -10.543080255767586
9.36784116919134 5.491595511240036
0.03251652278833461 -9.686508631313826
-12.813019245871217 -3.1760466651033106
-9.301872915727017 -9.744378930154625
13.677038275201479 3.786871586199049
-9.71830253938741 7.386892839365359
11.165151233579579 6.462442423092104
-3.5904830508235577 -7.937712878452401
4.40138026403239 13.508484588429177
-0.5105336993296365 -8.426828045755661
10.420774842856328 2.7742607498594456
16.077529045675433 2.8603251276135433
9.781781037604219 3.3171095168373808
10.076628458804771 9.519363339973474
-11.651077684411689 5.073915602141305
-8.326910560082897 7.428564570189502
6.988654790987482 -10.21234718667635
-8.914433319014591 -6.054724409793544
-11.496414263779089 4.307930336852143
3.7283703269882764 -2.203777001233574
-9.21400265983387 0.7095315665857633
13.737843636218713 -3.960694455957892
-10.96700191311218 6.2749530137184575
-5.045095508311794 -2.910902203148445
10.512695255032686 14.862271581797557
-2.69336901313679 -0.4660012682463428
12.480867440843321 -0.4078973215386603
9.207779534681219 -5.353901547556079
-8.311133192098414 7.314803342497809
9.290888222498204 6.768938312238321
-9.517220483489384 8.453860298404093
-5.229769438777448 -4.563728412049435
0.64329966640042 -2.48323053520277
-12.68798770193474 8.572196488428604
4.36467526806517 -7.0120662623258205
-8.842806538142888 7.638348822695118
8.211999578890097 -9.145324508235461
-12.3023237959778 -7.141397422201491
-11.039918483671627 7.073420418146712
-8.865711584723373 1.1146930971580513
-4.176348541529041 9.260051248033939
4.709595021279071 12.412355409626773
11.89916515245352 5.655719986835709
9.631224500993195 -3.307514268069168
16.80216213055682 3.8482474123083144
-9.852475399701536 -3.178608651189882
14.450174853707079 -9.636839996439404
7.058594953185847 5.514129243551741
-1.8376566625189685 12.937307888414928
-6.590532636485045 -4.983729214517648
8.523898946591787 5.465234194290929
-1.3617442454491666 -14.931990612888733
10.783366842538088 4.262388149465421
18.12485029441695 2.511334755538325
-1.299036677086141 8.990970189437093
12.808481929970426 6.408515484796928
-0.2703922584549403 13.819809429286227
8.355221509171095 5.257188160358214
9.489712763983482 6.452871067743018
13.406462367613589 8.575267851391555
-14.676326369113116 -8.34469548323468
-6.235150577866772 -10.446118029964627
3.115145082916932 9.73788327975275
4.912939673601404 -11.581403039101037
-0.4723768380572295 -5.834799340280886
15.577300253815096 1.528370982348221
-1.098538984730629 10.880016991178532
-6.585415136794041 -4.321722789760229
11.096448973469661 8.149637207552514
-8.891029344885515 -13.63664361243696
5.458867214123348 -10.611086021165661
5.432763694636357 13.252261040537281
13.496382579934899 3.3979199502972035
11.84813746359616 -11.809335980983537
10.733432966985848 5.7504154009779125
7.214465633544474 -12.554629449048264
0.6066922231811223 -9.973597724642858
10.971928189724263 -9.651556694874845
7.78111606256409 4.667511537575054
13.357176224003629 3.263364754140782
-2.234445922809101 13.823116021205283
-5.299574755935318 11.673829132958307
14.456360981310084 -8.717528982297734
6.78705983536695 -11.385946818385094
14.064114233681705 6.932917477297172
-7.050327836251062 -2.647078433919952
-2.185354550341758 9.887231567043802
-14.703258972787065 6.032741936296656
10.410243551149417 13.879066008226655
10.640496090056015 7.211151998409704
0.7022004605698324 -4.783870845031439
1.6567567397931846 12.013666669548769
-4.23429342272078 -0.30978738722734533
13.88397983899464 -1.9292453401189547
-9.187883173354173 14.836542099653943
0.5772658292524202 4.374120340471997
-7.2321884944763095 5.8851770635354725
12.016273995071263 -10.019346130960896
-8.790262822902076 -3.7948660969901473
2.265414007630479 -10.756875184832493
-2.3479023336927796 -1.612228160035663
10.439553425914962 5.820071656096575
-8.937865971239624 14.340674634585785
10.942981371842407 -11.414526409674533
8.309745768717494 6.9636731106075604
-8.327789657227733 9.587905605619557
-13.19662824100613 -7.7351532773669
9.040746151588483 -0.3597162306787194
13.350834673446393 -14.951824572442572
-8.75814609774102 -5.022609723987216
1.6180330625579735 4.842501070716835
13.460313470864513 -5.279601564507473
11.807774113516437 6.5523287312456535
5.416283737292559 -9.871112807901088
8.770378621874725 6.9212829285196955
10.078144106096598 5.853889661337937
7.411165709879945 4.111906365541954
-5.0317543768384745 13.673707140085767
-10.030253324261565 -8.446826003482066
11.568536843047834 -14.109352873310563
11.673385429594349 6.363597384127841
2.8582165999889106 -14.570048878007542
-0.20562176812141963 -8.239546380915556
-8.820524173941248 -3.2548557756134673
8.239647523495703 4.343994034548899
-9.561457418035262 -12.134578094992726
0.9856981837159093 9.9143370425504
-14.275401756292661 -11.293907941582454
10.529196643999647 7.501115517335289
14.24282121908665 4.561855432542884
0.43422159032514784 2.3329276475288268
-6.244352467067612 -2.1550780100565694
13.18236641514829 2.4860834753739396
2.531041579463224 -3.8853764475628108
11.010323661170368 5.004155661358932
-9.402482556879484 6.37736492398509
7.65571285167384 -11.885832853880835
10.734992647879157 8.702846282149535
5.4668880940755855 -8.640702671133154
-9.504175392418192 -3.4385459545057175
2.8929574348825966 2.6700143617344203
-10.868741135164736 7.7646305269406914
-6.210390528855168 -3.9881812317724306
-0.10602730528246695 8.019868642849499
6.7893174805353205 9.858767099762126
0.9677629058151282 -5.0420428467262255
10.410810958417546 -2.9847691479644762
9.031560481356049 6.49660973825224
10.39041122246832 7.942386913642665
-10.36732522987731 -11.816001223754572
12.160583812883653 3.6058594581025103
7.609288665489709 8.58536195029659
-5.2752350967040655 -14.408522780813652
15.195857482203877 1.3239382905315686
8.93232717218532 5.591163293259981
-9.094314710110005 1.1682908400728564
-3.2800098485482625 14.876303229736038
9.247873110442185 5.696605326124504
-8.14988907415605 -4.372436541641549
-0.7360768177108277 -5.715482953721672
-12.764719741635684 -9.363481822688039
9.239740023363927 2.361794456057793
-5.446825686881289 -4.1520978667262805
-9.624096100281058 11.689455761647036
-7.840190003959329 -10.500216152502642
5.6991177813452385 5.397691021253202
-10.75324537902852 13.51476254287666
5.5641059679099705 -13.296291381601183
9.838988201433082 14.746229923444247
-9.272042816523575 8.288859133643879
3.8015640279802057 11.943935386023899
7.872577441207017 6.08988777128603
7.9777409585588925 5.0949074086345645
-14.996418165086112 13.268788854143281
14.3015089792746 8.55796961850968
14.684456755924263 -13.00636658829427
-2.5696084836540933 0.832713265480308
15.154422725824453 2.046541105960328
10.770572095773886 8.698921569696328
-8.39793022987055 -2.9197831753308474
-1.114817150882466 -12.898467425049489
-1.595869696624744 -14.529009350931764
1.2189438738433225 2.4628727844332836
-8.368021343050728 -6.00853150888801
8.97033363168725 3.898259604885106
14.244952267928602 7.1994899800724825
-0.3132422494511715 -2.3555729574258404
7.016591385168708 3.647427688465173
11.06739814700576 4.336488483981177
4.6053759793942675 -9.53064225679066
-7.168631915892032 -1.3445919342104187
16.873338055557987 3.943458960705646
-7.996240368436305 -3.4132238549522236
12.667893746663395 12.064927628728835
8.669618628162478 -5.657390696545306
6.792427439225991 6.094111156406568
13.738276120585981 1.391496809273218
-9.076246588909184 7.672207192512195
10.113836226435012 -7.94509575790434
-2.683073651271325 9.817582013232805
-8.764096131353018 7.652405053996141
12.823580624701947 11.278769528780781
-7.1627799775402625 14.721526399507326
9.393574456890093 5.9339876877504665
7.211757265006671 11.250920585391952
8.682472092034896 3.2799268170440428
11.998335178351624 5.980843988040275
-10.132705441647987 5.379735246038545
6.011352634205139 12.505367259105242
-3.441381476106251 7.317378779626786
15.066727920824876 2.21877569734525
-4.202217298332341 1.9547439000641837
-7.992837696006717 13.090653641797509
2.811140967705807 13.458656787801061
7.54020845934344 6.469989450775096
-8.553072745825421 -4.3228511986812705
9.93305498210368 5.985056058164062
-10.457026233287943 -1.371997717278366
1.4171012941069172 -11.73956094613633
8.828114117718034 -8.022161619448077
11.345604729382194 7.158840380156676
9.121932588656227 8.204361235651424
-13.749457296718946 9.210424564398558
16.05651093044978 4.093078420967506
13.660613549996947 2.7157301705687913
-10.78302568714403 8.922275557099773
-0.47536084218826424 1.9865881545946813
12.472126458798265 1.9470063779497315
-5.281741434902486 -4.683094712287357
-0.009559885433365167 -3.065413117209074
10.486427419600552 4.982707361389311
-9.660346142442421 7.703110522017334
-2.5632899810608407 -7.016043845924251
-14.76534534844022 11.818141910355944
7.549263544102039 7.863847425187379
-2.3259561511562747 1.0147425932784877
-7.336053820900256 -5.263361211093982
15.69561084982617 1.8977334547669678
8.001280744645415 4.295811841678134
0.8878136539279229 -3.9282084183564265
11.062915603218496 3.074401740420341
13.372526223411423 11.429792071101936
14.629100394798108 -3.1147737247073373
11.974160164708602 8.033091307030073
-9.457431076165369 8.145740108439941
-8.513479263758112 5.574622688210978
13.500446667325328 13.110875649034433
-0.044007993587307226 10.652145394155855
8.509672780821642 -10.470378139706074
9.46379366784723 -14.254318135137156
-2.995521365049452 13.716710748178418
-10.2112132569426 9.410755164853947
-8.768656257897266 -3.245830408570923
-8.005188931812159 -6.059041081050999
14.187127743851155 3.4602024431912772
14.331496118141818 3.1226631646134813
-9.486628559043934 6.663359175620397
7.573109921052518 6.127339397554854
8.551675772841854 10.768264372322818
5.73016355930347 12.820867811259951
13.84415845328664 3.1470689634133198
12.635367747503285 7.399663865351526
13.294844637805905 -9.498836745106386
12.97838116553208 7.256118330317695
13.426862496599174 4.936336495956969
6.889166767722159 -4.010619626463054
16.059871036365916 2.0179178970485214
-8.728928513707764 6.66392701988273
1.0252610548048189 -10.722472748122716
12.362390808490131 7.262590061305802
-1.3624501524585018 12.895664615984018
-0.13845415054260712 -2.614075809161889
-9.672595825113152 7.133744719176686
-13.72378516469699 -10.528237281266518
-8.419793115178246 -1.5177804355711642
-11.06804543491809 7.114496756663797
9.731223330109245 7.840161029115687
7.981102007906557 -10.100376304343126
10.848067238074496 -9.693040806375048
13.59670048674042 -9.77321432922701
-0.7753848553006897 3.061405143654639
1.4268537878140393 -3.2287707254349414
13.355826762414786 -2.6453036503482146
-7.580939202493659 -4.009530991045215
8.561391536729607 7.3479770207256605
-7.541577421177225 -13.28564947115424
-2.2465850618731213 -7.379930956033619
-10.25809472919115 -14.343735225122883
-10.443562311563248 4.7464971386558785
-8.08445905811802 -6.52414610008252
-9.900211202155875 5.916862587313306
3.927105474012219 -2.827987441565046
5.493730195418522 -11.451640090881536
-7.836920007266857 6.083179380524801
-0.1639632879816606 -3.1598589105726695
9.638037975007874 3.0785174032114604
15.268315509172009 -1.902656960831398
14.809374905745669 1.8515534671272207
8.567722394057714 2.846839158665267
10.48130839990028 3.897097173714374
12.713570008383101 -7.1186321496811065
12.227356724685144 11.890381274164593
15.96192963012292 1.3595487349878446
10.077869175801187 4.741347785628458
12.224730910031397 -6.5263466205376695
-11.448369447287625 -13.054090366245815
14.799393704531905 13.186124837434662
-7.4256869428617085 -4.519650402256078
1.0429971419318989 14.879569705960677
8.404890280106619 4.932750392709287
0.25580475809843506 -11.837914836915527
-9.663478199639767 7.292684496662233
-8.807603866539996 7.151010243064166
-1.4188511039172411 7.357344264500153
10.620161809516526 7.959116619603501
7.729202657273355 5.043745931318412
-12.84927545376182 -1.9481297964954063
-12.090142156629042 -7.3218563290389085
-8.680980979548957 -2.0939611263476965
2.2559067027875557 -4.063825210441895
12.26979046557631 -8.636437386271187
0.8137948715704617 -6.960232848959327
12.310787240038287 7.130004539833677
15.461074034807309 -0.21267681920091608
-10.425398352127974 4.4682143290194976
-5.869545009546103 2.898502807924679
8.813620592933184 0.260897632092437
12.042029712035642 2.4824446207144675
9.467995169593747 4.324202183890652
8.80465425460441 1.1823434201820673
-9.523258703895978 6.149507733621612
-13.529388541304488 0.11449037063969847
-8.726092760025178 -3.7414607262044868
11.65770945256337 1.502701836840575
12.749241972965818 0.7450589910910872
6.3497448685608795 3.4736718002050466
-8.825625191852028 4.924797285119248
-12.799072615609735 -1.8717130175586654
10.570036131256927 4.177105325307734
-14.601279046450484 13.803504394564428
-4.2490377010222655 11.752730717030737
1.7357800799172765 13.619942827572356
-14.059962321252135 11.814509988010972
10.90379733736941 5.814257335826563
-8.272408895780416 -2.0952399170376816
-0.05121764351441449 5.69536662336338
10.581945163714913 6.768788920866703
-10.018379800872957 9.067883400429295
4.026555589304767 12.553648540126346
10.586637258627148 7.50484156610092
7.721728183016857 -9.307818017356599
11.124396136978541 7.088903443430869
7.212332506853195 5.97245471570873
-4.3037281297411365 14.773912886934237
-5.231961698313661 1.3675031446598211
-0.11757270329571412 -12.925689409755522
-7.458214710806116 -6.234949234698686
11.79978222063804 -13.701144175094782
8.191280495741458 4.515178886476999
8.839776816045877 -14.125202949373453
15.35060887756346 6.50612049544634
5.925870204713707 -14.026213537391477
-10.298678596169344 6.781036622859601
-6.9392694557928305 -9.804987111119416
-5.782866626217322 9.336581894955298
-1.9071480564953411 12.7353776455886
5.117496946933567 -13.140599951021311
-1.9709024977690568 -8.214151122811925
8.92982628894029 7.683479372087977
13.365570358115132 -0.0005653343115952225
-7.105179244671895 -6.891164635759342
-7.221261520023462 -3.871869382765208
6.185613904998265 6.084003408353445
3.9363468991742927 6.770317922246921
-4.594586171103247 -8.665076705324188
2.845256635985752 8.357833370405551
-5.312354815569548 -2.8021860577856526
14.383460143385214 8.373696692589483
-12.484297161279503 -0.7717209728309413
14.46292274297571 4.089782317918191
6.648058655761205 2.3565739329671147
13.192731319825526 8.396753660393733
8.944430730160345 3.5542681049476403
-4.269104105865148 14.163072208426236
-12.577262915621858 6.49352545592178
7.01197423769902 5.571543563831144
-9.27185729902741 4.130478477465035
8.967079678078537 -14.3665477871121
14.19336717919095 11.285882880613698
-8.373835250255373 8.277148741456275
14.980737452637014 1.2413369867417607
13.278464378517082 -10.576169927545198
-9.914953269995598 1.5992211130955454
-7.230341256609805 -4.5584163548135
11.434721624247132 -3.72100921557465
2.5828046495541663 -14.240195441918306
13.426972644268377 2.713470061351076
-9.802828608159656 6.4075706936988235
0.5640655032454784 3.0529926352611696
-8.712111856483316 -4.104969728399289
-8.426371777271353 8.010985202397812
-14.543366260092405 6.229340071066499
8.062422846976553 0.3850805584090846
3.350617909017494 -4.403207973412753
-7.1731514893284345 1.3130397584197944
-6.363554323019079 13.512754580200617
0.7113077877850866 12.61721647522117
7.885175917649278 -8.749956247735351
8.50053749013139 6.80255791023381
-0.4409138288438399 0.038903458284600845
-8.097848695928938 -5.261101727246435
7.575978289497903 6.841175042825316
13.288833110012517 9.064108384123596
13.665485062638265 -9.879983635440606
9.060022522351709 -13.928282209507028
3.2180312217630913 -2.8877031712880914
-14.530611552273534 1.5226418455917674
2.113403868445509 -7.818939635617789
-4.185899255733144 2.2960274350083836
5.610705690257937 0.4603955319299189
10.315259355016238 14.723569590738961
-9.858771466845226 5.013210333551229
14.8849140381193 1.4883638620807693
-9.60766922042055 6.721574447988255
10.418097761255932 -3.5132748300077647
11.214347811667734 4.255318225022569
12.45527560156929 -9.055411809502447
12.994249796630694 9.12636213326861
1.2226350992503114 4.892793376995929
0.08067996446143155 -3.1834142703261588
-0.7531263761079394 -13.31863897188159
-5.750463787821724 -2.555524124116972
5.743797752594276 -10.100823230016855
-0.5145477496744171 5.096029911362592
-14.081353329228136 -2.0117652064707663
-12.821179701202414 7.943197207100459
7.38830293799073 5.62903664541539
5.17875563550092 -9.84981209348211
8.666938788260168 3.8832776428551465
10.290184665891102 7.495064056893913
-1.3198716546773053 -8.360204106406364
-7.55004443567068 8.949451145333144
13.828714811594097 -6.999302251658014
8.643708131482907 -3.628669918465281
5.419387270602839 2.2991874996766066
10.21893352259666 -11.299761885244488
9.002575015921204 6.678382381050309
-8.519940870120493 6.866743400314737
-2.985971801614191 4.536442515241312
-0.18242269629640084 -7.172544968136144
-9.676706466966703 -6.247100766487785
-7.779945532322377 -4.896314737205959
3.0388662429257387 -6.045306657223858
7.85385965648242 13.267881569251958
14.74354447135948 1.3346440326369673
10.153739194321732 4.655850042955634
10.190266004338376 5.728096961442144
8.469862003840202 -11.954754195659461
-2.985765333687473 8.597332826392659
-6.940354366140901 -0.5048611010664539
3.2861627314891706 5.611167120373665
7.739052909780423 4.680981969036911
-1.7328234757645475 -7.526650520952423
6.544252000420969 3.8753587575861905
3.868529000207534 6.054494849343548
12.344158809913806 1.7929730543401023
-5.952432615551704 -6.050993808255379
-8.678319871515498 6.0972481731649335
10.022776920866223 6.894194025876522
7.983981970152605 -8.036185363292482
-0.23897632518285405 5.121032293711771
12.938166628210322 -5.274388341735198
8.915807740626601 3.5255103114395423
-8.701636068376924 7.811173463897227
-3.037611654504893 -11.603115956989917
-0.8819646468094753 -11.387563859409365
9.648960645830249 5.06646641890322
0.4216535264416468 13.198993034935345
10.59232374451302 -10.312320167789757
-1.447037870443971 -1.636115670411229
13.646699107249255 -11.105790297428907
-3.1909975068419385 8.271327838924545
14.760222517491384 2.6775054800640143
-9.416745980402792 7.121508403936752
-8.37174301041626 -3.743453582623636
-10.444593341109833 6.407074121905271
-6.67335129380147 -3.8124351570328545
12.519276509869103 6.778623193960151
9.79087502785119 8.181135025935326
9.624010109459114 5.618863577291542
11.267640032759711 8.776587276545138
-12.762248597481204 -11.035608829999443
13.410234034384136 7.165718772064157
12.711302442174654 5.283703970607352
-7.662852496916924 -0.579737639532858
9.680928292510725 -11.235880807104598
9.253582983570013 6.428692043313687
13.295672878631624 7.870970557439624
-11.833566258171512 -10.692298407983705
-14.803921717054825 -12.37997220630816
12.422556979407421 2.0364894317338385
6.496084297024209 3.812885105465297
7.299734162704233 -9.524515563624922
-0.012232285200585835 -1.9266034469022593
0.6407993382096162 5.040403118412524
12.851343576533688 2.886737211797108
-7.503920400926883 -2.758043767920098
2.0144775184469736 -14.37110708158978
-0.020023502761707945 -1.4432737722564966
8.7189476837048 1.8097575355084814
-14.51809516380883 13.277357748046075
1.175075468597342 2.5402864467288957
11.413702365711414 8.467250390307843
-12.990624618599378 12.060095295251948
10.474231024599096 7.014342341877988
10.057380723930521 5.8642599810527845
10.586574026577864 -5.833236954436039
3.764532065877823 -0.062155006245822264
15.210932587170182 4.683769306734578
-1.1733734891671705 2.8489604072284536
10.13423167440066 -12.438636055574163
0.05754666110154716 14.646544311323538
8.867063637488396 3.872156196906868
7.8422361564173135 3.5244540477570006
8.267109177500245 2.9519102962723522
10.165284620721302 5.370500940892811
6.880241264607818 -4.802671620454934
-13.030246693032902 -10.820856956920245
8.398212106719459 11.926208825200039
-10.259287066562004 -1.433968733600393
5.634603874052367 11.13893434515995
-10.131011989762357 -4.292940604907099
-9.012277412342044 6.990563490894229
0.05045378294961722 12.663810667219057
-9.070987545522918 8.66736948838438
12.022354187390466 6.55615608970197
-0.47155985870785777 2.8591807675706065
5.929931111334635 2.430180357416632
12.019420386966203 9.652819933778787
11.819906783267246 6.210344758844812
-14.150256579735585 -5.351601342354735
11.83160971831009 5.097738795000654
-11.573442007619544 13.305826153783322
9.660152910558276 4.198106384379633
6.512427536367066 8.215670924842335
6.777335442643272 4.670823710014868
-3.6145589539651812 -13.289938753780616
14.224287604485644 2.2051045027567837
-10.679350373851605 -0.27629593739194114
-10.416794475453301 4.13219066203446
-2.6602590481620645 -5.2866902512068155
14.900675829238606 5.276784258674859
-0.5334557528923671 9.95761059555905
-10.748251653048431 7.783455183715719
-3.3942093868670806 9.083746652795345
-4.746734511687267 10.743031477555157
-9.843880896982169 6.692728773429385
0.8446895298713049 14.348795560032908
-9.700094880752072 3.0994474609242992
-12.083865388272484 5.74853961533751
-13.777430317017137 -9.302042862447806
-4.81140043236411 7.874936704941675
12.650538838825758 5.939985862332143
-8.739507497320808 -8.473759558893402
-11.228271593888476 14.868244437498099
10.673749893431495 9.445432686961652
-13.357231905114645 12.029352466766309
13.881781776651763 -6.330222041930968
-9.1089861952015 -8.514912861608819
-3.1426720760835263 -14.583049936958588
-9.356883896738877 13.233854075186901
-6.523369075778051 11.24832125883226
-9.472672241805911 -2.3994931865897406
11.31507371198152 7.762183167807177
12.442734920106066 5.033163157944282
-6.8657340842648455 -9.372188963672976
11.12753888921982 -1.7734566350112004
2.824457771424022 -4.369821754190646
-1.5604514216518481 -3.9278444555167003
-9.618260209943395 5.454139957662578
-7.981384608288101 -11.113076174890617
-7.551422964934118 1.5519743757618265
-1.7721318926111813 -8.771260906241539
5.469711660048098 -5.921769788269918
-4.419547229674395 14.974953372302117
4.683922962224997 -0.11016229337640482
12.574503797603434 -7.202794129228289
5.7069261136367615 1.1045247640474258
14.45250659473492 0.10682066499157217
8.506127454802765 8.619988402986749
-5.544249031535362 9.802568313437511
-5.2998506379047114 10.972302096545025
5.906676874248881 5.313505899276712
10.254973897699449 6.449877653894996
13.644414278035299 12.204796305367978
-11.089418551682096 9.26049590623284
-9.76382449363392 5.177771174098697
-7.066249971053494 -4.575249366077855
12.788500142594772 3.9169063714388668
-2.2584842132277547 11.104730285905607
-0.20336131120327394 -8.784249488179984
-8.471112267738517 -1.8923873205195907
-9.177744584999445 6.721602973732712
15.422604210826515 0.7218341304737579
10.67430752293395 5.3953353252175
-10.363566636840025 8.526460912751702
8.417452681277673 5.403925162271774
-6.995654469896554 -2.897238454440031
11.56783095993734 -5.524060245809693
-3.8592345769406897 4.997268632246232
-9.369557739489979 6.5593807937844915
12.063213507190943 3.1272633394268015
-3.095050443176598 -14.36443975888286
-13.429689666111713 2.6729570757078562
-12.57560986713315 -13.686969849746578
3.910895976914624 7.5524055488923025
7.932684760390615 5.300963754706988
-9.386152508568264 3.868122559785898
13.841218856160763 0.5906358753604637
14.154877895429163 4.26247279607318
8.115366929626603 13.989518345293025
-5.311139023843358 -9.731517120472173
-8.751492767499148 -2.969814536527391
5.936457378096968 14.64594459792416
-14.86440028150032 10.04812482043874
11.642837691067465 7.764174703624288
-8.585033898036906 5.451118008394319
-10.542196564584776 6.342700809377128
-8.447847152472576 -9.461004352311463
-5.177591503050227 10.937855565509665
-7.16381788069616 -4.090668179846731
-6.817877609292223 2.9839965432992024
-11.990942192111945 7.594244480332829
-1.740312070389928 10.39957627081225
-9.589143126261412 6.637517959579505
-0.0605168950048256 -13.670702434416754
8.517407104584802 -1.521627138464158
14.96003216481092 0.8324175628633121
-0.932880790073737 7.9831963706579465
12.630901081162914 0.761899549157691
-8.8448211806562 -4.752282203906825
9.174911602183798 -3.223181871453985
11.485167731722566 13.223250031522216
9.228736241852692 1.522537872249866
8.904903532116368 13.85126859019547
-7.267322635217392 6.487126543178992
0.05656625926694403 10.006881550238209
-2.491554989241905 -11.501653868662842
14.599238219513058 13.919152562074025
13.085937678191607 8.695810885633136
-11.254183661751446 5.322471092561592
-4.536478775441664 -1.4088197037266221
-12.614531213935482 0.7736117156993121
1.2094371645400273 -2.6698944736393067
10.329107664046262 7.173863102216324
2.90206554755785 -6.18360709397783
10.885224469659622 -14.551678198979472
-10.588671795813857 2.1904143692847704
8.44506563204275 4.678070806923818
7.149955453969323 6.1307271055197265
7.511557677910766 1.561098114964477
-2.282750543337496 -0.9395777301811687
8.418766254769293 4.425042277550829
-14.794859405484756 4.875890285766793
-5.11896915092122 4.669243759300883
15.636307709284447 -1.4805160379972682
9.684943340922423 -4.884962960341904
16.86902360929842 -0.6069565258313006
-6.6343274139752175 1.4050781672198411
-2.9492070058527506 4.208295494057364
-0.6512199075963707 13.61610644120833
-0.29897235123978305 8.65443700792505
2.5204885417008747 -10.634825839507023
6.4435530274822685 3.316355414162382
3.890272482317485 14.959875127751715
-10.590266930789662 6.732017790739371
11.793172517860366 -7.693426818726877
11.937543467423371 -11.039141163178053
10.04471141056545 4.729329985331109
-11.207786635305759 7.717440579414705
-6.353699898820473 -13.519186800812236
-5.910072429015173 -0.09407189525421789
-14.887261981187457 -6.694666451683728
5.253178794807578 -12.068474447496982
7.740894139039137 5.908828185951513
-11.405117678933717 7.137846404966647
-3.186454413161467 13.272148715217256
7.188254031228188 5.0130747196578405
14.630001230412855 0.6991752640377107
8.96752993864019 12.395668400530315
0.4462833121529677 -14.85761067236595
-9.728694356094094 -2.755107540322138
5.4037656013372395 4.504436871268549
9.82196650566398 6.042334322992158
7.212634343655685 5.63775004351489
-2.7064566073106864 -13.415440556461336
-5.536685904443754 -2.923591882443484
-5.780508420918876 -6.210214647529689
8.688922097118464 6.985617779066403
0.12108731699523823 7.495041013866441
-9.160454409927604 6.244366273851034
-8.57312534618115 -1.1986862864160033
5.703643119379157 2.477888491249457
-4.301798551192258 9.470267436209358
-9.485310297671845 1.9022254779702443
-7.758710191498628 -4.528442494657671
-12.706292052993998 -12.8928345455519
11.695294703923613 8.633417086209011
6.127170861109725 14.870885881251546
11.737847377638577 7.440752856103221
11.569801088340334 -13.208150652392815
4.346611567469697 14.720111329106778
-14.717036064507099 10.207880457320908
2.7488560567314337 -4.875941171931773
-6.4585499669373565 8.371090790480665
7.2475798208772275 -3.1922407133186432
8.124863735471163 4.3768331979890505
-7.922055394218969 -3.4830537991140558
-8.503145363037493 -2.273475278884221
-6.116420121066932 -1.0612103750597313
12.951577976193118 5.194829395632842
-8.85449811646525 -3.8308284212560664
10.453006651824612 -2.2380395024107855
4.211768395158231 -10.579212681824405
-14.131540382679566 13.450897991288212
-9.67954335109809 -12.716559528537644
12.28726618748714 4.965303868238651
-7.1911777533597805 -2.1024074422966352
-0.13800713959110666 -0.9717185519936855
9.519355951470713 7.18342961025026
13.998332259040478 3.370291352591635
6.24323800394 4.592483357490378
-10.342735644740637 -10.8448519214119
-1.6592006240246029 -12.042646497357037
-8.69436073237016 8.253422025041761
15.068025480142166 2.9184194740314036
-1.1996548419626194 -6.721640829963407
-6.274077688280197 -2.7274724108164525
-13.224165568756352 -0.6585725225544525
-8.264288546970985 -4.875363601086951
16.00483588237274 3.052792799736932
6.83522458533977 -9.822173895884436
-13.3409484653407 -11.82403424578774
-14.096674776885191 -3.5991635623381804
-10.692926337626623 -8.673116057719605
4.29883854391014 -5.302627150472571
8.93511712590157 -11.235731786521635
6.130137875070737 -9.657691379361367
-10.759847225217506 -13.71190180037727
-6.060225441844551 -5.595779089961011
-8.045046873732378 -6.414513305748505
11.557175169569902 5.724818331993976
-12.058288445044763 14.173560890857544
-10.889766221756563 8.482319443074605
-8.464480781570842 -12.666296151812494
8.924717363094025 5.4554070920825195
-9.804301041258105 7.463741427253175
10.08774138795814 6.470500950643501
-5.815053281776976 -13.467537054815168
-12.793964004622396 -12.911558521937074
-10.105424625945023 7.6283918393563965
-1.302152399542333 -13.997728864017688
12.03365882001641 5.002091769404066
-9.420348040469456 -6.035852989425371
12.212629787324683 -8.204478175318926
-1.9705217820538703 0.5431567051718122
-14.437742175162287 -11.59562378684522
13.257393180230409 14.62423520683216
-0.37890914850751933 10.395664421933976
9.861494318197536 -12.125771831437167
10.633226429798574 4.242821012443109
-6.57270286666253 5.837619282467781
-9.304401590872676 -6.891305144043271
12.22967778647864 7.822086433705577
1.2576491989982088 -4.34333485767514
8.598688224993543 7.730070632223298
7.7399703402976066 6.3098527763862835
13.151228546604141 6.717151788701192
8.724285887601157 4.368787105814977
-5.1201818532072805 -5.688192419760941
-14.395879001495285 3.9661351517245578
5.540907054328709 -14.609282654055304
8.874895971545685 6.927918879110495
11.772031708409212 6.488817899352913
-8.224788831367603 7.825121650660683
15.75303668784731 1.0333485645803875
-5.42864778931183 14.918686204890115
12.15162328946073 13.630049553254892
8.810195891508238 6.535213528164178
-2.9584423266839703 4.270103872093404
11.22235078685577 -2.728731050560297
-10.21608930410884 6.272873710386117
13.79895623733548 1.3457753531182974
12.11869606648504 5.105584442120538
4.178956051314202 -8.80858825155007
-11.654406715055474 9.249933891533939
6.705652608194434 10.48011303066938
11.19036252420458 7.780212941150128
-7.9418725884373815 -3.4706858406731618
-5.086933385824903 3.640906798712944
-8.413694992243162 6.190075805204106
15.5739028499113 3.238230103014125
8.680714332226344 4.7487794432649615
-3.47277000061813 2.947098695686382
-8.479801110886578 -7.014684801844794
13.371006281604998 1.4100067805260703
-14.501168671568145 -2.192499910611975
10.694446073949367 4.030525533366313
9.055465140006344 5.932353312199487
7.964078591143467 4.536947320801507
-10.930545497581091 5.183809782529946
-14.979505945130057 2.0255779945730943
14.058543393767476 1.7735010532595374
-7.952386023905963 -4.569547610577906
10.46655417787305 7.7464481440658
-9.597123120659376 11.945332407539073
8.917479044221782 5.387835993980157
12.824800405267936 -1.0110013326367997
-14.893941177424791 8.145188683426344
6.464410222753917 6.758039704728036
16.87326352788717 0.36047435901667146
11.358132082603438 7.680097849917009
1.4753160348653473 -5.784988633096598
14.507489394926441 1.9012183931888538
13.778539446105148 3.859475207536751
-1.7366790375194583 12.251428371997825
12.289284540879859 7.63145885835355
1.4303002442427726 6.86888697158642
13.537889864388626 3.204026365626768
9.873819789203154 -10.68404004654555
8.156301533759725 3.920380719716226
-12.724930571572637 8.739493431242806
12.666473278653594 14.661159502851014
-10.035663192467014 10.314718617220045
-6.7568626394118105 -2.8493768492884586
-0.48407222146263607 -3.712579806793155
-13.358783676353411 12.332407855134832
-11.930735244023705 -7.016085693616932
1.7806796345003768 11.08108580053526
-7.060871018148864 -2.3419943251122546
-9.751017703767992 11.95187162201228
7.140102104391254 5.59262027101573
8.986894035204093 6.4611455907157405
-4.958304726765688 3.6798662110417553
-5.4919498313232324 13.352537353739123
17.349694637333915 1.4911177817360493
-10.207881518679985 7.565582510724567
-6.2282627322114985 -4.820896206909474
14.920738124817081 1.7756469682203597
10.40137408716812 5.104824866907646
11.918142909121723 6.9028667080450825
13.477145985561387 -0.8243950824785045
-13.984773444990692 -8.498559538167875
13.656794061817426 2.708609713021118
6.481195810092039 9.964162894402271
0.5821535535698743 11.494944910565131
-9.18424030987046 5.557771699224327
3.5859238546617007 5.386747703195251
-2.353699625541921 -3.2756283863807063
-2.162376620326837 4.037730786967021
13.659082476223277 0.7957782642211053
7.346871301623999 12.370029130158443
13.910894333656756 11.202425475637412
6.856669338985952 -9.730424805158284
11.609000123977708 6.024111253980087
-9.614300188898659 8.568905418814852
-8.886766435702157 -5.506772274589845
5.046342115871166 -7.887019694964284
6.823284332508596 2.1135135771357745
15.3562073206154 0.5764308339040674
-9.08690923087682 6.930442546272107
7.209954807748936 -14.35352601727535
8.736071943160706 -14.607776800757222
9.057661158206002 4.900311539865079
14.211411947105734 14.143063951725917
7.414725140228839 10.841295017065324
16.32163296964778 2.805223880101053
14.37784621942408 1.936288928338604
3.0737859916175445 -1.482860894006686
12.440995968487169 1.1053880902812412
-1.3810136166320763 -3.57623972160337
-3.70974438848104 9.853601586133447
-12.631575858575143 -0.4055454670785501
-6.131000299929861 -1.9971753602712763
8.833432617258982 -3.95093484362841
7.946673337224606 -10.923695165761274
15.542512813615211 1.4440846076320848
15.132910377097541 0.462889382056461
-3.0254083467808215 11.386787321349196
-6.703958789638761 -3.6716460712231744
-9.671735628357053 -8.18179959618413
8.54479947433703 1.4727780538979403
-10.53384648673042 6.713178031319992
-9.98246904074726 8.677920456696256
12.235789023825118 -0.20711713804710774
-12.195663198249383 9.815725939397383
3.3194045461633976 -5.134643568447148
-10.35046858627461 3.6695792595207086
8.243470049821985 5.670100393014899
9.786101421627578 14.28436200851111
-13.42680253061401 -8.458535782197156
14.042248961218007 12.1952942801393
-11.053037374687277 4.880085124145253
-10.182223560762433 6.1830474449246955
10.925010352508274 9.19414290843945
-7.551527393868973 9.298212972634133
-5.851686018706244 -4.369882313688274
4.334334350756912 -5.551930065680949
14.824646557369716 1.975689022699211
-11.38367974342254 8.53271642224607
8.706935867976963 7.913952288138155
10.5052424633095 -10.780287641598848
-8.358626358211815 -14.94004672673604
2.9116393802764264 -6.063071164342681
6.909515776664971 10.039193623486852
12.166110265800606 6.447686656744569
-1.0603073840820212 -11.579115232945316
-8.790244620985666 -2.6627530837474565
2.5224963494336556 3.800566186565618
6.172159980154728 14.983019880160661
-9.874278846104637 13.629581307452735
-9.003285470005657 6.608179400113423
-7.86518164639963 -1.9941829274060985
7.413463597739895 -5.980146355806163
12.739406389226218 5.108546631885019
-13.882535553816727 -5.0649766354645145
-12.868803085802973 -3.9779725703029207
9.429725677841212 -9.66766370291627
-6.0437100896096965 -10.421246389165692
-14.95346437097324 0.2720619591839437
4.976032284090227 -13.95440726909508
9.129491333119981 6.375071807819085
-10.340741515688752 8.031042432312999
-8.545174968735186 4.693182263563284
-7.831066429577259 -13.073926640589196
-10.236229894019699 -6.729890263128837
14.149603090791807 -6.461874717238366
-6.823138633055747 12.048111922075229
-13.784408892553268 -13.92247682417565
12.69152147242983 2.8562339026863786
6.8306142176462705 4.160163055012061
1.9254883257954418 -7.263436449244502
-2.9841460483627085 6.258904710384368
-11.044264450868752 13.112967742882383
-10.179660827595315 8.82517061050034
9.956381412852101 5.479686810514525
11.262012829507322 1.852218050448782
-7.991667340327328 13.025580949889658
-12.428100243566861 -4.73418823977759
8.989623706548699 -3.7585198440996095
-6.830769034289704 -3.2904527696560013
7.241049387913702 5.287519277424335
-5.332254446872508 9.822342185831396
10.441133560590668 6.876732505165217
-11.737518527144259 5.791851422323225
-1.5113196953635395 14.20573867984357
-10.274092910053243 6.497130466226743
-9.24513435141595 -4.205216649086698
-0.9754620390868425 -9.037895409654883
-9.827337641389464 -13.071999793977211
2.7532770466102647 -1.2134251361417938
-7.346463714728661 -3.7150340327933367
-6.770950035895273 -8.290523838707731
11.256998046279875 2.4713930987662067
9.099258681764917 5.511649191639252
-9.217060412846786 6.253632399281891
-10.680849419777855 4.795136534584019
4.37853846012991 7.380688802979398
14.561802312047558 2.7020324186946327
-0.6350937708655593 10.014109001302145
6.329671307677145 -11.96828947276509
-9.534192889046826 -5.444855290147601
14.897219857364849 3.5966463695292394
15.141181647483496 1.5259407345124567
12.16076355468904 -11.409328277997307
-3.6264900363725143 0.24383504397730782
3.907726501744083 10.929936033935785
11.370533294815615 3.859555710860709
-4.2775406082429335 -9.84107906921409
-4.085982136382528 -5.188671631066828
-9.469612319442227 -10.979403723475597
-10.146717303535352 5.354487620202445
-11.61640904717197 7.573943251987817
13.20786499296462 -8.260771790684155
10.120922602997075 5.949445418827007
-1.6787977181846578 -6.958528264691573
-6.764996430145616 -5.8505548789517405
4.087332506365286 2.759084042211242
-3.8218521604275484 14.368788152620382
14.818929885524039 -9.605996490106902
14.411922015872081 2.3216998971870177
-10.977702190949966 4.6475959011942685
-13.932643723529646 -11.393228604503918
5.911023026376821 -4.321318413520514
-3.9515874427856126 -10.275721812608118
-13.991839515579125 -2.1208679454079906
-8.318555059150613 -2.367005601688783
10.551119582244569 9.092164702949074
-9.358273487561954 5.97352056394624
-0.01922755234520146 -7.531037732794186
-6.533158465497056 -2.428666959022231
12.940552232653912 4.194221368371773
2.4864453778254827 4.371147798160784
10.369799424874707 -12.751945350860977
2.269610230706636 11.863074975215714
9.281788684195213 4.032947524978301
-0.03758826728798148 -6.435366325571824
13.207708166733546 6.9838687315866075
-8.931507098590082 6.681890635324487
-7.701302885502183 -5.437098022138878
5.005244960689144 -8.815072385112773
12.645452931822419 -6.458281140847324
-11.655180385857207 -0.7388536381621318
-11.947202074638199 -10.17085945771743
3.0392490113833013 2.6306830226233195
-7.733958171329884 7.077505289377176
-13.502353335578148 2.894109611412901
0.23625134885481103 11.805616158602277
0.13720711403818164 -8.730810899482913
12.24699101801357 -3.3108018054099215
8.195304739421246 3.0058432155731643
-2.5937600620168926 5.258415080398201
-1.8994668016041079 2.739140176980488
13.298287159912075 4.843916515789388
5.180755571341113 14.337065810808298
9.620229124631283 -1.3097971161243436
13.216302042445614 2.0936496701111373
2.105261575029001 8.644542111620915
-6.72189992506919 14.278301972326084
-7.871149472593374 5.66322646423375
-2.4836904006023417 -7.766277728725841
-6.355094850603897 -1.8824386640844182
13.057414615293107 8.657753550081754
-12.200216446505713 -11.806416176232922
-14.285296577915751 -13.674493571718266
-3.7386085406697607 3.2623910630246726
-1.9070027811891563 11.407556506834922
-8.47973659745862 14.630175506846914
6.994871036205733 12.454500108443405
8.604972567553677 4.224360170630748
8.137034021414818 6.411969160876751
-8.271931643072516 -4.191543352470224
13.62128830190198 1.2180754565685779
9.43165022863564 5.675640182982087
-9.146978287365457 -6.498134993230151
14.156081555833303 0.7781822138994228
-0.6910065410208155 9.28651030225506
-7.887449696274514 -5.362236328023744
14.450187026753483 -1.4085087091198165
-10.103434744077049 6.611768415695782
5.191248997959118 -0.9451534912234969
-7.50862982226576 12.186791962889863
13.77143337905289 -3.0501572831379473
10.47283469844373 7.307742853429465
11.719650701589327 12.548696898507725
-9.809199443928472 4.820129452600588
1.406000662930964 -4.197694969807898
12.021691760485353 2.2046542082001794
-8.161218999890501 -2.9966400533932727
14.952153488577402 4.091974639563736
-7.3320484420657115 -5.515676820109437
-7.483428096226782 -3.8591550230040643
12.940287309768127 2.3101948883283545
-10.340757909472389 8.038648837181672
8.377619416789678 4.987354139196084
9.691106134002334 6.494040836997752
7.16183196719506 5.53287183740441
-8.230008774950068 -4.108045734066576
11.72164837962333 6.048585953470429
-10.12288224428309 7.195638844145836
-2.5859653764390096 -5.215922587069642
-4.919384339768159 -5.4349100979956235
14.873445104690123 -14.443142426944753
14.210448166138736 -1.5238573770036163
2.283420509407268 10.894104624206875
8.566905541230483 4.6921168697234386
-12.109583725015721 5.277382556229773
3.662356843325245 -0.6551529558914275
12.559876550609356 4.579960446662965
-5.932501783502481 -14.421193870724021
2.443315710020432 8.17979272689842
10.419131493214442 5.64811798172844
2.485195204623249 13.734437508083126
-9.843999651260637 8.218022535998516
1.8691050776468465 -2.6559909942801667
13.063791276986516 1.2129404050549533
12.316573832390958 -7.8100174271750555
6.809903364085777 -13.923389138252404
-3.5338142906277703 -5.994880113887525
0.9937575808319945 3.6260886860867956
-7.607439247392952 -5.197258368089914
1.1804592677479988 -0.12913478288550806
1.7481015743208026 -2.0164218792039055
-9.84478759100351 -11.070923082060684
8.250297939657177 5.655973470865827
6.561066945720128 -13.305563627933152
1.3025562384228913 -14.493842880302017
-10.728895642221255 7.836733733157692
-5.42640657331766 -4.0614108406136324
-3.6608552173723687 -10.08537837969594
1.463619509637784 12.761830124982154
-2.8015525629103664 -11.252856001533182
-4.8645133052331495 6.04570102012838
-8.65971673349145 2.473024848797765
-1.0129818873251253 -2.3743814620350747
8.259684715111506 4.669012852577796
14.42320894836924 1.5696678901292758
6.358127442043603 -0.20852534851244897
11.872335561160913 12.648326297172268
11.323995828910006 4.981485522611072
9.815073056953544 -13.24004851635162
-0.9332381643667489 9.500975570043732
14.04827918113574 13.860666087436158
-8.993822114241677 -4.096191652243813
-5.966093106190835 -5.59718789479549
10.240466105940236 6.894717913201798
13.9470772653705 1.1994330212180817
11.23736996536362 7.98035752453308
16.140693409725213 0.9585751039356046
-4.18132268069391 13.314785417026961
8.395899870924834 6.483176313535351
-6.947107563431743 -1.884616852740277
14.888767493001957 2.0455194695562695
-8.356198445002509 0.3843734808301189
1.0653564776776712 9.4885797823611
5.313410134939261 -0.21263393381806672
-1.8916954936935841 2.9867967907875403
10.682781249292875 7.158751147321586
-9.176918159659346 6.938605983674342
-6.793542035673032 -0.5421293122748958
10.156665302362775 7.060364559597659
-6.273508654082131 -1.8116813646079732
10.623582252572124 7.536445078931209
-5.635478430577968 -5.421226834636268
-6.158130918734155 -7.237877229494721
-8.76552682436198 5.39681730478725
8.914501974249763 5.778684328714312
-8.138339453958219 -3.6198610398061537
-8.94019980988383 7.906550009868027
6.029381638482349 14.4648853883448
14.645849997585426 0.8825123195826743
8.269691971420997 -13.929663922101387
16.17737559766337 0.17108041189292766
-9.498997135330807 6.728192754491699
-4.1655352240810934 10.308109926571312
-8.773903354193722 -13.216912945707369
7.527650886495425 4.558526015965977
12.973023555091387 2.9742808116185646
-7.465358230549507 -2.375984221385259
7.083872498375811 0.08619226640359123
-9.317173238490627 8.044306694962746
7.841716147841173 3.9980404668698943
9.772467889643192 5.0872035443365915
-6.504888517273079 -2.7703040914027595
5.330450902367046 5.634968458277372
15.712527265936291 -0.33325860846986277
14.27382746025244 3.0609850612022926
-14.830153665989505 10.486539381959062
1.6499095602960914 -14.599957195096955
0.37401166355855153 5.565390797258946
-9.11932237746875 -5.1992219289316335
6.951759774445339 -3.762215732927661
12.231116601410275 8.894854359302045
-14.979198894056397 -11.031490397894666
-6.896122023942293 -5.0812920514707365
10.624518524675752 9.862114311650865
-7.077723991613364 0.7093462493217757
14.24888637166832 14.888184063073233
-4.48219366173311 -13.162131520157365
4.179007279928065 13.54325057699992
-10.251170133192732 5.592330053330142
-6.157564021536588 -4.62210232306994
11.14831324324707 -12.386734252937757
7.420531877263645 6.074781273805293
9.292531302995492 -14.934944619711162
10.787194839465442 5.558989300577575
-7.415216539998008 -9.244969332954735
-8.125822019070334 -3.4817110913370244
7.545842459313956 4.353507998477081
15.317981935031174 1.159849181491432
-10.830988587249063 5.096047125372846
9.186896421579076 4.32533833352532
13.973458950463067 4.987910270424992
12.86028746629848 -11.089648868789887
7.659350867569804 6.611545054727085
15.358104630486826 1.8889454460207236
17.17896656755501 2.657847001885452
13.23499687130697 2.3875068334248084
13.217461357661893 6.945296742595878
13.40093176383609 -0.6773322839224436
-10.311745565380814 -7.8309583494744555
7.2923094525743215 3.320992798419342
-10.211272655377918 8.483385545322779
13.829663338083293 -11.002329124010826
11.743189790433496 6.889656300199707
7.259768713097191 13.409804449172459
10.273023241282532 2.8609300487118476
-9.141387192974047 -4.50381030127901
12.556893402022752 8.315620178886942
15.530096889836852 -0.6279999991496079
-8.826868582185323 7.928323749527436
-9.390102722881318 5.702518442579683
-8.269997496996714 -14.514307507106968
-10.493932276586492 -7.57368589456867
13.717077524097355 1.5372967777697248
8.216263306174742 7.18689677295883
11.109507027538747 8.211669258602688
6.636609131307562 -1.80177521660225
2.9067213033035877 4.075293059027448
9.753605491815936 -8.268385001064578
-8.318278422199628 -5.815521485906443
9.58771002435466 -6.306719991987562
11.794904166456476 14.714991819297797
-0.5630566512337687 -9.008725803487199
-8.71898188190321 2.3843102693353657
6.483579200416637 6.799718043748061
3.633478822322747 -0.7748821213330839
-4.857349797290025 8.317696914951132
13.983190681141172 4.189977395075756
12.613370181084745 7.4863322502684175
10.31986724780231 2.754101363327518
13.588672231562649 2.317728719091368
-13.922656789160294 9.900465553518469
-13.443479011599464 12.820559231352547
1.330695966597883 2.1477122739389145
-5.472237291859727 -0.8120902596060473
9.438886288017365 5.880979414806603
1.029710449693635 2.6242147401800473
9.624305592296349 -8.164335631729129
-3.6702436435890835 12.093345256795935
-8.009214251364734 -3.9102968597667953
-4.706801633658975 -7.966638962646298
-0.182847772918576 2.1701971393147126
7.775633575448602 5.44049140270672
9.060930905427552 8.147208672882538
-9.009200422468446 -2.7993371934756066
11.618361337830683 0.45230571317957424
11.85487404414615 -7.508321855429511
-9.904635234256723 9.587626131474934
-1.0543712900451059 7.212606389556729
10.773043038066964 1.8701729006775445
7.078191588748972 -12.7281235768626
-4.934330657441704 9.814392636598523
-10.262430555652767 -9.344232861758432
-4.956692788308214 13.37696863512021
-1.3885531352666742 -6.653256260388625
-14.298681232530983 2.5200014608718497
-14.809211302634264 11.062259033804462
9.454113248327069 -7.6604889294958225
15.285293444960914 0.5170185511796632
-11.629797914760026 7.850309008475253
7.103100457543157 -3.913405818004076
13.04364808420049 6.2684402129367385
-8.726772888709718 6.518173639313108
12.669564958673561 -7.997193930135289
-3.890529435765046 -12.265210085640913
14.661259747909678 11.997025393272537
-3.989431046525887 -7.073052778398599
-12.006840294843585 8.049287324977492
-4.605852568576136 6.264438123194065
2.5519822907109457 -14.339599306336265
-14.811093596272183 9.789112699783022
14.978028580327688 4.28556781474487
-7.126495608462971 13.019486305362442
7.334390137497934 10.508371463493248
-7.827667482170919 11.117485810695893
-0.9453033033047369 -5.88667553808698
9.268759451104465 4.79643548321811
11.98105748775577 -8.805018202648355
12.143308936396764 9.638304585701523
11.10884892836089 9.028185329507453
-12.463454253989113 13.499921852544155
-10.489527002022472 -12.106361961064726
1.1494367488145159 -2.0867338038347327
-11.825281359204059 3.9949160064295586
2.1699783880858448 -6.76748692267263
7.555844356307372 -7.323237894180211
3.619361615649872 -2.151235560935394
12.452254113608122 5.367127219814933
14.283339993345939 1.376149761170971
-9.702286505686242 5.218214887819749
7.392328195144638 5.178447927824033
3.6809931121843995 6.438669177411374
-10.328442567949349 6.145767360909584
9.43893903141759 6.461469874500077
10.635947813040627 -11.74420344471857
-1.202133618358305 -9.299782205719348
7.7310049197162085 6.8331157378969785
-1.849221436501681 3.347952415220462
-7.828114437593955 6.218478890805848
-9.725597469045365 7.072266849034751
-5.025854245175211 -11.554820903592912
13.718507249860876 6.076684195107861
3.380376074200207 -10.957849115025581
13.805671594389118 -14.409115202788943
0.9744872665728508 4.8285221063934785
7.1766144032519215 -6.014226684498945
5.230570781321774 8.705290959031245
-3.8522784765971814 4.465623312412632
11.8208827341102 -5.113266597078699
-10.177190464624168 8.495972185337484
7.840159596889891 5.079230072754888
1.142775249381259 -8.824187757967305
-8.815367843419814 6.162670996235413
8.424759722020145 -3.432066330588267
-10.513368319711002 12.240306725189086
5.463701599468951 -1.0277833715453255
-14.769639002045698 -12.173891417434753
-12.799928726327174 5.7463123243752
15.144972330239083 -0.4631223058015941
-0.06282148614011263 4.720329465870773
-12.401250847849687 7.60535370180323
-10.744263193897147 6.945357083193666
11.22598530525153 -2.541847491580251
-6.576062662506082 -7.137510452247123
-13.486663521655107 12.628627757344095
0.14174180728725183 -6.430493242119828
-7.441140968534188 7.1524249562668185
-0.42474232699064096 5.826663177768655
-7.8432195502599695 -6.15478472467683
1.5208887226777037 -8.1550772411962
5.106406414838851 -11.540810903507197
-7.188402855499443 -3.56193411411863
14.559102979080917 6.196051068629874
-7.448589700492339 -7.679402861770574
8.22202140365047 5.310762211731462
-8.596488411134718 -4.4173400879209135
-13.770342759766173 -12.680047898984627
5.167026573866817 -9.475978835518404
6.639637942561221 6.761200372568121
13.040173726091929 1.3676410245796795
12.82653263166729 -1.2420185613335395
-13.143613365603029 2.878475455140709
-11.774863716342429 6.823014591094322
10.11934709278783 -11.931709246880956
4.926945259222542 10.348712574159723
10.514723188829398 5.171106406229418
-11.16914045855296 -11.171802240556024
-2.7311937690253068 12.081464117005677
11.052693070265182 0.8748433009676218
9.150277035725317 -0.14143711413622384
-0.4522793001368921 2.5634310341892004
9.970509077156137 14.27135543826903
3.7112483220151056 5.922340999001431
2.951327618436 9.383810419218161
10.864282483028441 8.678922413852142
16.088138638243784 1.5033633125022892
9.986548492532238 10.678226728518352
0.918576940845238 -2.3747105337644197
10.079921955537076 8.047531139805661
12.126112701951875 3.217264139069326
11.759170029911678 3.2421993333524393
4.456151070928765 13.494255049863721
-1.52809825493064 2.6948138514618662
2.901303429398016 10.161173423871013
10.501371103394492 3.005460073308739
2.812311593736883 14.9866289873315
12.404749822267727 2.3290622853077982
12.6560016449086 6.580744638544543
2.410897572393033 -5.401798865224453
-3.729585758974247 9.779463176909271
10.482598632353078 4.81453317025184
-0.14424837407597302 1.4508497844301154
-7.12999553057171 -2.6003515556011765
-8.825681791386451 8.400258494047385
11.299165376827967 5.96498735871469
-12.496413865464245 -10.803665749922919
-1.6617472167658214 5.46156443958122
15.18407594374485 1.3357158612098396
14.126865380677854 3.3172874181963383
-5.349927293394485 3.458445033222855
-7.81419102459074 -4.245649736002298
-6.9775040506598724 11.819108458148218
-0.7135398049522585 -6.211037753010096
11.542323653194806 2.8407041441207856
12.049053970885026 -5.394763424208884
11.372830662924983 11.698395258361906
12.40038680586759 2.6367545041651677
13.880084151304402 -4.734184308445437
3.4866636359168552 13.858530260966642
-9.322541260869233 14.633220172936735
-1.6024895920129083 4.430693480814725
1.3642905885666785 6.7199869921265645
-2.1006175504643583 -8.857904772631093
-11.795499785241578 -14.459585269547869
-1.041825277799001 -6.24982646664777
14.12767681390793 2.7731013384822463
9.640603617329425 6.652176417090006
-4.677245469141575 -3.411080967112632
-8.43688990269189 14.339957715220187
-9.003346926212153 -10.133039343908427
10.463092937573382 7.3875119577123245
-8.559542961027894 -5.072511602578551
-5.3402370637642935 0.8541012042827667
3.6330008313705484 6.772743910676947
15.500329906622744 1.8923385380061701
-11.112904747143752 8.597794742126382
11.95334459583378 7.604005608231811
2.666879398527236 2.7131978224171576
0.7151162335940437 1.730327114459314
-8.477295785104968 0.045407756199975946
7.3543916533482605 3.759331739533745
-14.209816215828052 -7.046159502264679
13.210304196641768 -2.9950987346407363
13.843449583481002 2.4900882429004128
-1.9671488759629838 14.280539570505304
12.509443949394944 1.6674196975496012
-8.169833683683436 -2.5104033545137536
-8.602823808545843 5.579348858441556
-4.041498922074933 8.451439924171048
9.955104392803651 8.325171877136572
14.85260637172836 3.9236366387119537
12.150319872193927 6.779330191833444
-2.762267890341958 10.653012200315445
11.677399593414606 -12.24577325863
7.422365009264913 2.542401612999737
-2.6603370279599243 -4.2802603859294805
5.829866425312847 2.5217789208677894
-1.365302553608263 -13.75068288780588
5.316698615815049 -5.234316470414004
-5.3183758930712735 14.149199852887705
10.75344248740252 -2.808328987934315
8.627539357676381 6.0972154768799935
5.340524486188205 13.72116640816935
8.477290894948016 6.385543226451175
8.954026804853301 4.8672913865726715
15.290531875847755 0.5905552783870589
-6.4390749438496275 -4.593934551984459
-3.7518944992590306 11.340648333723706
-4.686772941262937 12.40792524465834
-14.216182401087151 9.86167402762053
-9.669989520447661 -14.277276574478206
12.885767642507986 1.510707334688576
-4.449806865308286 12.413472038395838
5.993658952432435 5.542383518357752
-0.3690751561936736 -4.185756805896354
-9.253353217105762 3.989073692953742
-5.013684221524063 -8.854845326417735
2.5325640922902757 13.44833286174718
-9.999927275455004 -11.370313687880587
-8.12010346670864 -4.3675138154244015
-9.843921877285382 8.23561993954612
-9.964101042052276 9.823989628580648
7.1376208930306335 3.4981875050556925
-9.495207827821474 8.341823060638802
0.026413076548569947 1.508075786592162
10.929496003548149 7.814830573253539
-8.672647099275764 -3.1426207066808804
-14.654201572382624 10.894503022066992
-7.325660568024572 14.814642435407706
9.692174152353429 4.54570398098612
-4.173937513084262 -12.253588931727837
-9.587708010481899 -3.280118875247324
-13.079405510381578 1.0827110336824362
9.99441190613022 7.945893691801228
14.14488371474179 -1.3300982023389878
-7.276159249357024 -5.895663414870598
10.230518870801678 -7.837556953281307
-2.743623454548075 -7.680275442330381
-0.08292223904144258 -1.4204975641877446
12.016509054296613 -4.7999257082090985
6.644594198593161 -13.283268153507702
4.391460232183071 12.131625415508879
-10.174188844670253 8.607168872009833
12.583129480876439 2.56667922967359
12.160245347355373 5.925706631558994
11.015518609913936 14.701895185867489
8.091184989320599 3.6977614766562157
-1.5958082429597003 -7.259835962022725
-14.834701181713912 2.918802122506026
-2.9067805394675457 -6.823003198101654
4.095501532014076 9.418836940704008
-14.213783833064035 13.52479332307886
-2.45384129037544 5.582265302304638
-0.6660511332471994 -0.8678023152242158
-1.8766649178133292 -8.290244137325416
3.24574702414251 -9.005271692603866
-0.9408236890651676 -3.3629573963980306
-5.323670321268478 4.367610304143373
1.4072265377975341 6.222843115273815
-7.1320172266270685 -10.78166230335682
11.986097294690248 6.71726606333535
13.014068092547078 4.796162798759432
10.536839946363722 7.562284665244697
-7.876594570320164 -4.718487934889755
4.513485770811247 -6.713479895209501
-5.959693235978365 -10.328085884598362
-13.59848178527572 3.326811873534762
-0.9157286288230928 -12.48879251818811
-8.937279994108787 -2.9062823939472544
0.4847325443728714 12.156242583731839
13.530202984137631 -11.466841095970125
-4.972312598953405 8.258154876803054
12.131044405075983 14.866763903420512
13.68270204153318 1.4624498469792977
14.607714785635178 -11.932805181627671
-11.47056506803048 14.62053290584468
-11.414852779613138 0.9394986676617574
13.111780144966621 2.3939694891845402
1.7699090685447842 -5.912292066657248
13.2152817248055 0.06292075865685298
-10.926675274672915 1.6436856585692468
-1.1011937548711455 -4.428207664966655
6.800062509047109 12.886170549809123
12.572552604710804 -7.466049909489335
-1.2320258447735348 -11.037033451030203
9.165511466815055 2.7495937468836757
-1.9533599646043847 13.40597716128837
-1.0761668404690052 -8.444822116792585
2.32553877008759 3.324834059649369
9.720984257218484 7.946675747761464
10.753566170694171 14.025417549633758
13.538321621340339 7.652121971935009
13.541979972114039 11.178700434137852
-0.272143442623749 10.313770138558969
-4.373048170220152 12.798999397931887
7.365414269127216 7.446467888683463
7.453467211778306 6.002699317574714
-1.9733823657206457 2.6569116443452856
-2.7921179600048767 6.40679151772672
2.832327394482366 13.285604362409199
5.154206748326587 -9.041287787106995
-7.569648417604634 -4.894541492168548
-3.523219965269007 10.08991598940074
12.480579790799975 4.859118867411732
-11.966543610294565 8.909110736463106
10.175444375932962 4.026621695154992
-0.7341063109209323 -0.4075352243386714
7.9545280816911585 -1.9954382415710423
8.136488930073417 3.2600518774790332
9.515080760795362 6.568554086402624
-1.8006181833547448 -11.766710904621084
11.687169838835835 -6.790807573074051
-11.02213021319628 4.569062286285368
-1.3005356350298403 -5.133854679419525
9.69803646661379 7.386116406412352
-2.3630200249901794 9.487021849361518
9.697323986306309 10.87899420252553
-3.9230325226362552 14.570287488145112
-0.5040615939611293 13.605978362996119
2.7218627175637913 -5.718794335787949
13.29094010090278 -11.055272318489969
5.194212577957202 3.5513402050822673
-1.9419178959886558 14.77990416514827
-10.47572830015024 -2.329990898061695
-10.335976508590603 9.484100504285557
-10.669675183853345 -13.243677528704637
2.1548242465126037 -4.68330243326673
14.318819472101332 1.2029013072234997
-8.5186281392844 14.808797901575439
-8.06618302253926 -5.005841429352337
-8.390828029537957 7.074746156279141
7.528694468548437 7.219529731069866
-14.172883373056763 5.957859553232928
-14.708575074919333 6.251365414661873
12.489674251125395 6.360992993040817
0.28295651322645377 13.909994205834188
-1.8496099572484663 14.010427916228121
-8.232300790359275 -2.820005995752025
1.1806134927248273 -6.58287075339352
13.340528248854127 2.3031713836827157
13.283723212199405 -7.77190823387221
6.834490154356356 -10.44163349202421
9.031491886677845 7.976125877642563
-14.451247747616113 -8.145616962756868
13.563142264808976 2.0921073532824854
7.9756421178492 4.665486827554
-7.377938454141571 -2.1861106335751805
5.738513155101799 4.737335521787891
12.665106677263683 2.852764001856816
14.854115886286023 0.6526767447240829
13.325571809427107 1.5474339048219496
-10.264157135037907 -0.15934143814456014
-10.432875921284749 8.026295668810265
14.707165595241278 -13.348239966977724
8.186319495663419 4.924775323125635
-0.7282751353931154 -5.333553592142673
-6.4029499543717066 11.707727883950259
15.11946463711285 0.21087350555100626
-1.4262529518679443 -12.091440371309552
5.173387753131642 -7.295443582640599
7.228055279568192 5.0582490686113095
-6.868852821863323 -4.77291665452336
-7.275431844051663 -14.677223892284381
-4.879097934112442 9.221699597259278
-10.510832654884258 5.993564987383234
-2.0945665716561663 13.808818723357522
-8.502498944103305 6.589594875843413
11.27724377515637 8.50068651703996
9.365086330068408 5.80189765109925
-9.09497196475571 -3.375469314333044
15.608116751177644 0.2132513262052258
-5.818776148065755 -3.46505657590142
8.606508355834377 5.4309428688643715
-2.4497176594800365 -1.3943043718206063
8.790069505353422 -12.202152026459533
-9.95275807922216 -4.337586593013833
15.06158286416358 5.252594996082168
13.524596167325893 7.439533495379093
5.574789876076677 2.7767304020168964
-10.935947091934366 1.458627910819942
6.214747449110521 3.844215356783684
-5.004368162565516 5.059522345205622
14.611508496233078 -7.716266745762971
-3.5323135806357087 3.5244452202187446
-7.840110440294409 -4.313379484582618
-2.299379159421079 1.6409798511967573
11.42724696437085 4.5839312960637795
9.243920791555656 -5.521950206932109
13.171459907527762 2.5376255965148946
-12.716529244152092 -3.646484800850523
-4.13423719251049 -0.24763206982603236
-10.443555167357085 7.027715725671392
11.089955591582736 -13.903139016454539
-7.305370012878546 -2.1088921349156386
-2.487433026041394 -5.832701087971797
-6.470984057709456 -12.021314173452582
-1.6446855524131756 -11.935736847086304
-1.5001999696424928 -11.202920639211914
14.932495956220563 -3.751681922729297
7.428572714722392 -0.9458292803762021
-4.587714961145295 1.4960739320654461
-6.737261131378444 -8.363371942927412
8.682550234190328 6.125419366713175
-12.538399606169136 13.757216957739544
14.965994410861864 -8.608747601806378
0.9401175268576356 -3.765893869521449
12.02218747877776 1.1634414359913248
-6.493193812815981 -10.37314743145681
14.184823319174914 1.9110751217118171
-9.160415732701074 7.136826343727092
11.582269890732002 6.013042835793397
-5.881000925119278 -4.454887828174082
5.050319080775527 -5.09234350593791
-7.757629145187015 6.387506328430594
-6.4896031305314885 0.8933684950488505
10.127238360779188 6.783636180876295
-10.029000028903631 6.53785671361254
1.7946638861935469 -1.633110996983154
9.413135240245648 3.4618726216225992
-10.84314720445549 9.378665269861907
0.42548081791706416 -1.8440762887023858
12.292565571793235 4.6060782757558645
10.88442160905422 7.213974604928888
13.030669995343384 -12.561667466352544
8.2361529015332 3.1634968653435473
11.495045757974424 5.516790373379459
-0.057067844453372985 -7.86682686082401
-9.771251822486091 -3.094718100352498
-9.289870378957774 7.3298140514689685
-8.317428447974411 -1.5283823131134042
-10.601279625563512 1.5994994447667032
-5.3930395083753595 -4.265853732060744
7.288684832046371 -5.050412666638644
12.827596216260698 2.017830340174315
-9.265447908462479 -4.018804499491983
-11.41983221725651 -11.522827232842449
-1.6537265401449481 8.193309147455977
-14.960651214235844 -5.818052529999555
13.313724549778371 0.0016344318830279203
-7.703422735328057 -2.770921618492884
3.2663546775755705 7.96403121277962
7.357799090446608 3.739157654721777
7.519660427995486 3.195575622547198
4.943420601539998 11.410586241403802
-3.8147884465241493 1.3857829104445756
-3.3212247124760736 8.95792338708566
7.13647393461515 -12.319638395288914
-6.837560467489058 -3.723026396879551
-3.2914600426087652 10.939772239938346
-0.2534538058662701 3.136693103814874
6.170110901928155 10.158717211805602
-11.983064893132536 0.4553955753608072
5.515694110635842 13.609792395896068
-8.118579285965092 -6.59836339689024
-6.89988644717127 -3.390187849244885
-13.066740597574015 -13.875872142577311
-5.119722793501783 9.000715573974581
7.645435046244308 7.126654553239929
6.364043588744217 -14.144572478664355
12.31110474497902 -10.763559894540837
-7.500613837485863 6.563976297589019
-6.731828047792103 4.578741382139883
-7.538901964727994 7.642092065409211
-4.248998153714114 11.071994214095998
9.121584873568782 -10.943981513762054
-4.850306252026657 -8.532802486272569
14.023187157800258 -8.471457502570548
-2.9109725375738496 5.373727713217711
-8.532915131756132 6.261192730905132
-13.300636978434799 -9.454658654896974
16.6910109888449 2.3796470374280947
9.704860054282275 -2.928516959177779
1.0081400684934998 11.530782187533653
-11.210980281434535 7.194456307660187
13.411117474012393 13.13200740002527
14.442279281371917 1.6684425665478122
-12.910863680290243 -14.363875063800966
-12.144190488461806 -5.495362882788925
-13.085487359411198 -0.7961722981583232
8.450254886991434 -14.106713561129093
-0.08425646970669654 -2.4526467047547076
10.301700070003347 7.283994053523026
-8.063004698621782 -2.0390048825623563
5.844857083016414 0.8406389287642533
-10.253496860216808 7.673973894037919
-5.861452656655287 -4.785391856314654
5.857626480231293 -2.69283333704532
-6.9554578827733415 -4.609377054346414
-1.7275098907473811 0.4656442620213941
-10.291611939256287 -13.210973833012543
-7.877266945929117 -1.6046113765664498
6.069494912108716 3.0821404863264723
14.28142161469713 -0.33584231557025035
-8.476779284425426 -11.78770774427747
15.356392891367785 1.7341825937057924
8.15245701567158 -2.9772047993971924
9.276455469260037 6.8200533024050625
7.726634662057165 -1.6978718720944599
-7.072406238505526 7.808098717300823
4.836369325157587 -9.739660048930626
11.811254722124936 3.6611851240238096
13.824825786891006 4.109430787769275
3.813664371742334 -7.1074456111283935
13.739115040668931 12.444585453219407
-0.21259938133263034 7.559261808176004
-4.678104745198052 -9.7952200541953
-5.70352597071834 1.8344860213863328
12.322734905701513 11.39381544860187
15.639488521373982 2.9933553484986355
11.503822788251568 -11.819169149911835
0.7611086077605513 7.369378101661141
9.711989367128194 12.514044494240903
12.677664411774675 9.134877897932462
-14.609943839533258 -3.160590999330383
-1.030120357980362 0.7531074126916248
14.233229794188816 0.35137558046021256
-4.913312064705655 -11.847337919986654
-14.191998048444658 5.381098804479585
0.7728534642395051 0.4565716273156415
-8.690702650559805 1.4859737825255905
11.127507343568594 4.1215961055417125
14.486748303778501 1.8808451633539034
-0.2737845134802619 12.620937624198827
-7.900686495050735 7.705567550036686
15.263443086980514 0.6359877574250199
15.104481286831971 3.982031019003071
-7.041932998827024 -5.870764721955332
11.612941798431361 6.435502388665176
-0.3931986363885649 13.46002147875468
-11.503563408772921 -11.369982663333172
-9.61189735606811 -2.844998951948679
-3.8567965115519804 13.64084972181394
-14.972041535934505 -12.66012176697201
-13.752639738797761 -9.55699633096092
-8.129710242381055 -5.416283422872968
-10.661145017033368 5.787163937026527
-13.452977756987542 -13.10948251142039
12.892077713714487 7.46159646366023
10.151888267293955 4.341064418010966
0.7599590401702354 4.255162322448818
8.752958307456499 3.8343487424350133
1.0898128303465278 -7.997406659976445
10.832954693083199 -14.424899719134398
-6.739877546514722 -7.456907463319926
-7.297916981179181 -5.964073735357346
7.009401158960582 3.9564378639489513
-8.486899344384637 4.543734660004237
10.164968168374966 7.688209467643027
11.425405874011236 -12.810754912152268
-5.599949269100982 -11.621626142647646
-9.008555700545667 14.190062572681999
15.234770059185337 1.936600103221631
2.4102388459718114 12.08564216929619
-9.532292679122028 8.97886101028435
1.7922721014578897 10.512103770268038
-10.360157812348234 -8.531743882815608
-9.96774801075674 14.335452843195316
-2.4852702111847442 -6.459833669717904
4.894654328637213 -5.611324325104958
-8.558725337345578 -3.7173776011000705
5.466562303435875 -14.84124229803636
-1.856682278250135 -2.272251764090658
10.986134577379861 5.254867573338049
15.945501326451064 1.1779372971774542
-12.784590201850706 -11.995206504284624
10.37877701060641 3.132016844407489
13.882602059810907 1.9183608820974314
-5.009234558816161 -7.950786915096295
-12.87832395641522 -0.9518014702701354
-0.2953484768172636 -14.618432883695212
-14.273917932775078 -3.358031742846885
15.722735163189087 1.1876455208144645
-6.606340360249558 -2.5156566165891183
-1.7430158177693382 -9.043796963297556
7.6953182575338985 -1.1949869518413276
-9.595370119569111 8.90416563504147
-4.745195316071246 5.4689381146923814
-3.03810538406349 -14.441745211181045
-10.357386618635047 -12.491390110964621
7.992045948250233 -7.120409199585891
8.257989617984748 -14.022307563695067
-13.306425723609937 -3.419339648126291
8.614923332454648 13.854267424278522
-0.42794692701099635 -1.207812273051763
9.779904210757607 10.981187734692247
-6.59707885037997 7.535845980045985
-7.746375609091728 8.113140594991874
-12.067491157844948 -0.6081606366743877
8.187588394920706 5.897797305862893
-11.28577715389801 5.583282691534745
11.05489242787783 6.71621457377172
-9.664635830680327 6.93009363912094
10.963082202317498 12.59668096801057
-8.636372506270142 7.437000258386155
10.138686547330998 6.918423521130831
8.654454155705388 5.037948900723337
11.935524752080102 5.6561408544182665
12.334627858287897 7.179999328678355
13.175723092443656 2.6953578920347425
-8.203339193062728 -3.5496406658496458
8.512031278450294 -0.19468800553308085
-8.286717025272317 -4.985023753271159
11.338611914022867 -6.456432841852186
-4.738806687772666 -11.919787073423253
-6.528594824114254 3.1396107469739505
-11.062727339338643 4.999893278876786
-4.017975151581421 4.340597305068847
-10.173623001374956 6.873402408600667
-0.5505628063696939 -10.812472680568437
5.716632930351118 -2.60114837647375
9.762937182544096 14.252168392466206
-1.1606586507222243 -11.324763928511604
-9.694522466353334 3.959998005701582
-3.214886613430979 11.927541990793191
6.896393920280233 3.258141477063467
3.3332412887161915 1.0929123719503941
7.211855627592867 4.955575386707171
14.801214497568413 0.5317637667120476
5.954338070959989 4.328712618645172
-9.103945932759931 -6.081937369571056
-0.38758596206448104 -7.137251581210158
-9.715628843466149 -8.134502284912163
-8.604804775414658 5.139635853726242
12.681749664779755 5.068074176706858
-2.805027312991612 -3.4584572272027785
-8.35190241906933 -1.5813509062142224
12.202283766707257 -13.877278718787814
2.793870109517769 -0.4642897557671297
