2500 2 5
14.668233177421968 -13.434909866679988
8.661793811632876 -13.935379995527429
5.593940634770924 -10.16713352175643
12.06220682971303 -7.894536303521519
-2.708120784047562 -7.336730004307775
-7.503920400926883 -2.758043767920098
7.250166895392098 10.260148422110976
-6.690071681308634 10.442118464290395
-13.297099141869042 -7.616382183361219
-8.031313052192019 -4.914733343570683
-14.84523218123245 -9.545118721809668
-7.420577333502788 6.196571831091422
-12.102141994422823 -14.398050989748427
3.3716590362998957 -7.65971303783799
-2.1391852770951605 10.939613955234812
-7.377938454141571 -2.1861106335751805
-14.807201432700062 5.744920122788482
-2.800807694228741 -2.566507261139183
-10.61613168370527 10.925074299578755
-14.45670192195074 -3.1884568496832824
11.219707856347519 6.425511037205137
-4.859357322885348 -13.669293277445552
-12.660874946285885 7.637300489875868
-0.38973876384067907 4.093602642738677
-8.768656257897266 -3.245830408570923
3.687775375822355 -7.279844959952424
8.627491046179834 -2.191389576647646
9.994117860285886 4.886983322907135
13.299046554252442 -4.432593009238692
13.808229357975684 -14.674902440759222
-2.974670862711461 9.330853101974057
9.118040771004175 -1.6955270843938237
1.9684886507379105 -8.946890412662329
3.199732951930944 -4.069071840453587
12.776167720140092 3.333343606299334
-2.869551331879631 -13.202044530627813
-4.7309601345121735 0.36678338414457023
11.37455940986001 7.1406429179385675
-13.318230695876963 3.421888054333788
15.017399609579979 1.3812310142999267
0.6219435364281161 2.619430877347291
-13.938919001104772 -6.761353751122963
14.444339726501312 -7.606760842045431
8.108758555452162 4.381624393885105
-9.715628843466149 -8.134502284912163
9.319370501735397 4.319698147214989
1.6393543384629936 -7.8781694886149545
11.589724158807794 8.152638307201823
-2.0890119029331427 -6.082452554466748
-9.891154019548468 11.850510133287873
2.017505600763265 7.815270439280528
7.821200075506642 14.353362227231653
-2.293673192800682 -7.04564901715833
2.5102967239981453 7.447766711188972
-8.471112267738517 -1.8923873205195907
12.213376414521417 -9.65884387272132
-0.8903355794947316 -5.125083124856673
9.05768173943953 -5.193388313881398
-13.276847147259476 -8.101087875085389
6.783374231744695 14.235079205857232
11.529934751483779 8.460758497165974
-1.5263207026118621 -8.944204436087176
-8.691609589920951 6.405734914533509
-10.14402483041246 4.820625462327779
2.5487308909211457 -6.772400212251469
2.9072065141539802 -5.441706927792465
0.9974945939394537 -12.096376573022079
-5.002724711363646 13.390366261242061
-12.144805293123646 -10.321840959838145
-7.39196916011894 -9.59337690069368
-4.884935911337138 4.090781944541799
0.16696601770177288 3.746489907027634
-5.095047602312087 -9.704766962771826
14.28769414912933 -4.484377367242994
-3.2317686322945356 -9.421244630042251
-13.232102162957553 -5.837690509421572
-4.521993844577409 13.602224839025002
-6.281841102524464 -9.230652018562967
-0.3295276488917658 -10.784915404706005
-1.84385162278374 8.74205189973151
14.434440479639001 11.463109585279707
8.660505815868731 -0.3277607821823665
-9.11932237746875 -5.1992219289316335
3.7784139497143165 -13.476570025734592
-8.138339453958219 -3.6198610398061537
15.133018810140523 1.112216894129861
-7.802529337630569 14.50221593963596
0.890774134895052 -6.832305201689316
4.019470843649334 -6.482531213083343
-3.61565216746407 -6.587997407888892
-0.33877646512823034 -6.525128240984312
-10.112884940409458 6.584998923501345
-6.942435356424331 -6.087955689543101
-0.14053010855144699 -8.39591663297922
9.371439320920786 -12.677940265023395
-8.312977059676093 11.913743183935509
-10.053180628508835 -11.178455881959517
-1.1692707297037863 9.364332263131413
9.309636707828904 5.798749621085106
-4.782573368746462 -13.418786942945033
1.961356635138177 -1.7349033161550658
2.3574197463581115 14.699399696959652
-9.211922536966464 -11.99307804319694
12.708361244216245 -5.121400836914885
-3.073162727496868 -4.372075838842234
-12.766625407133798 -4.699907480795581
-1.414399307247951 -3.36716998072208
3.3594030715248913 9.157890595887313
-1.2856049772610962 3.6206518215886128
-11.309881306200891 2.1843449482660375
3.045303466368093 -11.064757380835008
-6.2954719725972 11.257232773348697
-10.929098721502378 7.084800446388631
-12.297098681669137 -13.975735049931295
13.210235227706306 6.090077579286683
-13.400697966758745 -2.8790368555096606
10.92594338107838 7.028218860653722
-5.899505272703969 -11.421687939368432
13.334436326530447 -3.6722285517165716
-11.960278272815419 10.938604596529874
12.282254198474115 3.383740585470799
-6.665435875054461 14.175485584846392
-4.077658434813463 11.562177870498289
-1.746451147675172 -0.865118950991171
-4.564684819270608 4.418790144736814
8.182791502385024 6.225430123886548
-9.007688720463625 6.106749888855418
14.003959461993077 -14.226233941027672
-2.7275684696504747 -14.496118926903996
9.453080890560056 13.001332817850919
-1.6043106282196433 8.333298732913743
-6.590532636485045 -4.983729214517648
4.7038571713417205 -11.853825429619482
1.5475601673039208 0.5877296014941251
8.849612804701906 -11.23505930599889
2.5106567169822114 0.7837003064369199
10.886756280079513 -3.8598126158022232
-10.490738317669631 9.298315637164556
12.681974919644102 -12.262837122257096
11.775297935945753 4.137376676226916
11.470971553262288 5.7194641352769935
-12.024285236000294 -12.896112110366548
2.2519566735931775 -8.50182182215305
2.0795522329380205 -10.032706179572763
10.859619471397732 -13.4178398934089
-2.5684566802565705 -7.417684644845343
11.792664289858761 6.562094329827199
-8.680980979548957 -2.0939611263476965
-0.9917318868688536 -4.699480330919725
10.835882579595244 8.49028374408466
-1.9862328576846426 -1.794116769208335
-14.74710344499265 -10.153399587257194
0.5372199310574626 14.849626167320345
-6.158130918734155 -7.237877229494721
6.276599781486816 -2.85012870639488
-12.239981180313553 1.2083239734874525
6.043437412998333 11.121973586092874
11.428895025029767 5.4610381564244594
-6.366055567050497 3.2146682852104362
12.518078393560597 -6.815314904791958
14.450076384593192 7.542744178807866
4.174492738357461 -8.546526442840396
-14.773675323354912 -7.123533455328749
9.348303416355023 -4.842910810426064
14.413119726001849 10.33505044817079
-7.9558990661384446 -14.580681639924078
8.610001763046046 -0.7808850833261776
-10.228138103543424 -2.905416314259103
-2.783421707077519 -8.63041374310377
-6.03803971509601 1.596574343362196
-7.303273584458002 -3.8758889876710816
14.990051803492698 5.260507607917913
12.701667213405075 3.388987342926714
9.456723096395457 13.077170949213482
12.762492377103023 -11.462746047600376
-6.86075738986367 -9.657265857941127
3.551474670429762 6.526588546983582
-13.800832761766097 -13.341998445792337
10.025025021776882 4.575960485047249
-7.693651231312668 1.0575109842841783
-3.345136654207142 13.410108347867762
7.226872215320597 -5.655080334672315
-6.392064006692802 -12.343614971177448
-11.26998728344594 2.2363835246429034
8.983458401403098 -2.453094690252266
9.525326659707414 -10.503690542197262
-6.274077688280197 -2.7274724108164525
-6.816081367741877 7.468585576266147
1.823137946570526 -3.326404239888589
11.556921511942933 6.079907110890445
5.1769754161477834 11.412962094222422
-12.713335564315194 -8.585894369307704
-5.048313768977353 8.158476103269177
1.6401109154943185 5.454011562586196
-13.632168290165044 -11.768856351007075
3.839925432489917 10.70056128747644
15.120758973161468 -0.4557935732119871
14.170726114075181 3.192847223863531
0.5477153725122204 -11.120409800916278
9.493055774922837 5.124902266433557
-7.9966620184942 -11.44637295860598
-3.772046152751912 -10.423200651857641
-9.570999345216848 -3.7085355501338158
12.720244674890266 7.435462768951383
6.380662761134026 5.560805781187696
12.741648298788505 14.848435398580406
2.194613002017963 -11.709745084744489
-2.125888501588939 -9.396424430809363
3.0982739978380245 3.263872714139268
7.95518075141356 7.156150131436917
-2.0447244163008342 -9.431221184387523
-14.916385691921462 1.6256360464301558
-13.238762338623978 -13.037576112850113
-11.771627530546983 -0.23124380329167593
4.701611891195103 10.069570907200685
-8.368021343050728 -6.00853150888801
-1.0772346028530428 9.028130676326377
-6.304451050953318 -9.277016565130092
11.146944032817288 5.923760786075187
-6.828597106303093 -13.758144366061176
-1.1393428845225895 5.677680808788281
-13.04251006654937 -9.862552893238476
8.784941114952765 -3.176220425932982
-2.258184208456534 -9.087872898665088
-9.45769209354749 -11.78377235095283
2.5965529144378827 -14.952652028400808
10.406008200646912 -5.2264840998043205
2.790900683319503 4.937332392904789
-4.697847517470263 -8.924290636193192
-7.276159249357024 -5.895663414870598
-11.738107355123546 -13.325238911071441
-5.818776148065755 -3.46505657590142
-8.04061738726807 -11.89229749897645
9.464776846109164 -5.246423026890536
-0.46186602972186463 12.67766135621222
2.217752437132834 -14.502016987230718
2.969297535289357 -9.148649426454618
0.8393680169165254 -3.0554080177349316
12.82236640360556 7.832019849422564
-0.7045588309381436 3.022353672065421
4.260176839491237 2.4385226200729804
-9.887938335272922 -9.0028514810873
7.957096334779422 -6.116418550869895
-7.922055394218969 -3.4830537991140558
-13.274143665044141 10.220004805565534
-8.383188365667914 8.724588533322208
4.50444103625799 -5.468008706091988
13.119482499274461 -8.832020120275223
10.513675154162733 3.1097796884864204
-13.21297269925197 -10.651810824013378
13.324929061438375 -12.923762691419086
13.62052699668346 -4.311744565554676
5.212690732525644 -9.63195272243055
2.2733840766485365 2.7508051977224
-0.7034627728962164 -1.9468346533766727
4.632790891227273 -1.618228675632551
2.1167146054482657 12.763108034114563
-0.5132650149214015 -14.596166662599439
-0.21937924626100092 -5.3075169657425825
9.087770186105296 -14.95308560078196
8.71371291755246 -7.911745431258415
-10.004017544999932 8.88548361597268
2.846461900420298 -5.959828765211984
-1.1600804288638216 4.771877101356903
7.165165680765673 1.8363425991396891
-2.124827043407894 11.55157851834397
1.9810645796976516 8.2843110558853
-9.570157825227652 1.4107753987812153
-9.658201682356161 14.629440105681894
4.84052863066961 -11.5618518525112
-11.34296037203498 11.23716085530122
1.4706106140373194 13.162725016761204
10.77306232491992 6.504028664988624
4.552653997965805 -5.635002119766547
-11.726543909082201 7.599547668131455
2.7492795819772127 -4.701108382957111
-11.152754839455056 -8.943333948186622
-11.40428380706278 6.8608620438867955
1.5114059175716044 0.46092420728464134
0.39321084642554993 -12.651143123373538
-7.232848881549188 -2.874733957392876
7.422383981441143 4.285504177566356
2.358540747409233 -13.601173598746279
12.252861809941477 0.5952149708546262
4.349562784828169 7.327439226080109
-14.487780396572408 -8.916983561390193
8.135397544922952 -11.180965105244205
-3.873617999213856 -9.825957051336239
11.656838399513735 -10.792005870956531
3.2927379766992786 4.958507395544451
0.665810796382134 -5.0428323346306225
-7.855844250661203 4.7469580379271505
8.635570944662803 11.952712291174851
7.995427110915809 5.786970873494347
7.674992259111537 -3.279214609406358
8.319350858033218 14.113500383866807
7.9691671520301135 -5.546497440730272
-4.2696686735220695 9.954615962697666
12.204348696830275 7.645247021456999
2.666239658182395 0.8294332276990968
-12.309198211070743 -11.14577626068545
7.9017753139073585 5.170468513755714
7.354614564962348 3.441069619216806
10.660266018746162 5.883585040574282
-3.2738488327101365 -7.509184141893899
7.334239747401579 12.865548994091782
-2.4529806291213987 8.281873399595046
-0.2705291033092667 6.087294161698999
-14.220151206757588 -12.677664445623124
-2.846365073310638 -1.5954121720502172
9.769153742068056 -5.917620442863587
-8.01097660910824 0.8694966187079913
-12.07941256572197 -11.174742157913943
14.268158578618142 -4.987375647627008
6.4491675170738105 0.7079632963591518
7.278920358866511 5.388556048801584
-14.00857219894815 9.90133131122009
-5.895448596978538 11.016857557163004
-8.013213403093683 -3.8475474493081165
-0.6123094448909043 11.442369178418442
11.117189215572367 13.3313629040826
9.148007954844052 4.929914627600449
2.2458487055589984 9.410127680400638
-2.3659131506272963 -5.112260045469672
-3.0256508044953243 2.049349692737376
9.629164924946139 3.6689164388602875
-9.954445826399184 -8.114361255724223
-9.094293781373644 6.270289489032365
-5.942142774911149 -10.693384332816324
-4.619984407241354 10.447960613168146
5.835490928488298 -6.798107720690512
-4.5447853866429675 9.993921242970078
-10.50739400551423 -11.240944966227088
12.993658415512837 -13.569020950863726
7.765495545697557 8.014697656430197
-6.442056255613254 12.56984711918808
0.2446557795966413 14.722540032460103
-1.2948639486047568 14.443107096261553
-1.7362232225424918 -3.6529360205305785
-14.394114977665373 -4.777034435378786
12.534169509861165 13.356210969484408
13.330727613639908 12.249307670109818
-7.952577681394723 -3.361268493024191
-14.231094523513148 13.39050322243262
-9.733953236594056 1.747785552572168
-11.35878206995182 -10.819810147138426
-2.343027552997139 -1.6672514790888062
7.056206510540225 -10.717190622644825
5.10432009343711 -8.167909002907752
5.149280308666771 -4.609189422359567
-14.94235744214807 -5.00379206721983
-7.952386023905963 -4.569547610577906
-6.600051183127299 -10.204354898543745
-14.2834914047105 12.999978552187333
5.0900476451396415 12.49888543708298
-8.583684335086588 11.773624947569221
8.30627424467703 -10.518951510467945
-6.403358689249448 -2.9391490121638446
4.601937171163907 -8.597331850019653
11.382519404292836 6.936991837882821
-10.98164367911314 -13.061203494246424
-8.503145363037493 -2.273475278884221
-1.003335419446934 7.83187686885687
-5.887739759246282 -10.61942061908726
11.352632768619829 3.9668962044634632
10.817397436549292 -1.756251046306426
-12.293677284248258 -8.345760225963847
-10.371136688959577 8.059660547626754
-3.6574668272259494 3.2214293234308222
11.811893891817558 -12.967369725745353
9.493050568839891 0.8088837164576566
-6.226868892172369 -12.34653814733565
5.406556024289639 -1.2096522439972581
-14.566936142167163 6.145478303601188
-8.942977213154055 6.141745887663873
15.006217208405205 -2.6759509879775063
9.642037556039444 7.144744603728528
1.3624284171443755 3.8552685290561577
-2.5223335396993676 10.422636563196207
2.914618560631311 -14.373189039659689
-10.73532430973502 6.462326455457865
-13.628823300549683 -14.84686764134194
14.734426843306574 1.532914798549216
11.047452634988879 12.19216431844507
-6.6955131554737 -10.493237719031143
10.71117872638256 9.490998703047438
14.332807384332824 12.077375192603839
-11.696385818701408 -13.531547417642381
5.0502889221946 -4.588167128481706
4.890791274783069 -9.236627932728627
-13.748466785198959 -10.922311968899383
-7.095740822532623 -6.899140624175393
8.7809123304703 4.746803727021041
-0.305768667540562 -4.626024130017461
-14.946093215799685 14.521652193576276
1.9094471542329003 0.1266435116943576
4.195976288654325 -11.470336583723835
6.897882807023438 5.0017981923836325
14.037916957536734 12.697881637146587
-4.344100107763509 9.088764935893142
13.549656147424223 11.647575125867817
-10.686951904945854 -14.62192572295997
-8.553072745825421 -4.3228511986812705
6.956612730460508 4.904816041622663
11.45801210871175 6.644416158341386
-13.015745266506576 -3.891280735053048
0.8779122728458528 1.8071589264663324
-6.513954993010973 3.598148939907073
-14.212085330697212 13.641561449045351
-8.209828167447505 -13.821301254687459
-1.0317676348700893 -12.340587994262624
3.5614461749140602 -10.168937884494486
-10.015430468920467 6.161178608489024
-5.780508420918876 -6.210214647529689
-8.937279994108787 -2.9062823939472544
13.980741757600448 -12.642850785913637
13.132087455166236 1.5642021945447204
-1.0226612272404854 3.522476887421945
-8.203339193062728 -3.5496406658496458
-0.9719820681092379 1.8084672804824322
-2.142736527256048 -0.891014153078121
-2.5303544891935577 11.23319063806602
13.611490856033768 -6.574702233569504
-8.161218999890501 -2.9966400533932727
13.207540453138442 11.529280129082597
11.866076146468579 -3.390290444097152
8.95557944285602 -13.208797352906283
9.098855566589767 5.755866640537243
-8.199061340444853 5.283887453417767
-5.228785350299246 0.47196303364303205
0.3412429878914409 -13.398057202937682
9.694840369713784 3.654791994377296
10.632209331817783 -12.39466573306333
-8.356198445002509 0.3843734808301189
-2.8992604804347426 7.498825182276725
-0.9313006774410688 14.051049189023896
-9.399243625859794 6.836814643548967
-14.572696041646884 5.2161506268824205
-2.3131350738447445 -7.884478120021549
-8.751492767499148 -2.969814536527391
-11.683560221112252 -7.682858778360187
-6.893543130520769 12.558599973432397
-5.083288928520059 6.007942319267141
-6.6899321461280294 -7.807606432290368
1.7372298364445662 6.321030095567782
1.9659480811375651 -3.056375120584038
-1.6329163633590706 0.6072459218899677
6.489602403883808 -14.739375806950617
10.897472778275354 -4.942577498485861
-10.493932276586492 -7.57368589456867
14.505479531969051 1.095390437075762
3.52870423203359 -9.224730346974034
-9.559514438429211 2.4059331720857777
9.339013539419199 -11.373925311177675
9.60691542696 14.560750149547243
-7.675354051917488 -8.6518802558144
2.3603072932000586 1.351403563970603
-1.2790061189297681 4.134770180915261
1.443293317153966 -5.322599902442226
-5.3930395083753595 -4.265853732060744
5.075944996394899 0.3450952045144007
-4.475724617056947 0.4484048897666142
5.965759141091802 -2.4790592241042173
9.957736683291067 9.267394104994722
-7.041932998827024 -5.870764721955332
-4.655967306064442 -11.89733979825968
-8.969604932890006 7.589213773722777
1.3535722055561479 11.62076216778447
-2.0577489787512064 11.428972904084254
-0.6639783384465954 -3.1550200880792456
-10.490545416640469 -10.457581420073545
-7.2590177518075825 5.191474123617838
12.734019124676813 -4.101180849086717
-2.1374057925978445 4.960638839385787
9.91593330291348 4.60673214282145
-0.17635127863153954 -4.730544093950439
1.3374864870750471 -1.5996211572486772
-2.0270584271083223 4.79944051239962
13.31319706364328 7.084403488139057
-2.2374820862940012 1.879696196027826
7.747764574538767 -11.447416558513911
2.3490799794292485 -1.909112004104907
-10.160221554355964 11.468693368124068
5.160235463017365 -10.567982695246698
-9.394241137183279 14.994615206607094
-0.0241310182248462 12.536656887397665
0.4143743432093352 2.995212437143895
-10.851075007421537 8.344470949681899
11.783113554427707 -14.373105012350138
0.8377678101542809 -9.62002759664761
-3.267688655656091 2.860691896383841
-4.629123556635582 4.306582883815686
14.436068519034809 11.562754577132615
11.448907818411222 4.551507065592849
-1.4090865379011195 -12.472773048689326
-2.9191882417984942 -3.364381816475838
5.444760391650604 -3.801531790274854
3.0702767356485303 -7.907875039822223
7.163871949977456 5.596982669546129
0.139223606605686 -9.57970736371398
-13.249337371693864 -8.5583573397613
-13.34148981823178 -13.875807347594789
-6.558186732323888 13.749604547651415
11.147827533671077 -10.860265158184514
2.7405337309220386 13.762560780424941
0.5873371286643163 12.75506587592459
3.9103779496056674 8.578887919464186
-9.673676069858601 -10.004481806405753
-2.7718551975402157 1.6211999306024083
13.560509315951633 2.479416002581125
4.852474885508492 -2.8989532251308052
5.806097963232759 -8.744974670836417
8.755762889941366 -1.900019546561607
5.58909396365668 -11.912758852892637
6.22336511447876 -1.3160218116319626
-5.936261143876212 2.1839882295533144
-13.806668171536792 -8.611303308540194
9.536400622688085 -13.669530057597738
3.3952082384224838 -3.1847101952766472
-4.0021341934346335 9.366160506067551
1.4919313319036966 7.119317733774562
-14.451903062312404 -1.4498743565780963
-1.6811058976146391 -9.501998898858675
5.216701546130935 10.610295355650067
9.471543426195925 3.5412505425296894
13.839981793787768 -8.784978419714706
10.026523477194758 13.363557983969415
1.8925340034857463 -9.844259502520181
-1.4570767444209274 -8.671803137781996
-3.762148863474536 -14.160297295112631
12.221473443586712 8.407156692809266
-12.851672153847405 12.81271848096084
-14.247369670902206 -6.354633580586935
-5.149389185759645 -7.828006376544506
-12.70222428178398 8.061689677817531
11.918627075566459 -5.058637371363787
-2.3891356561233152 12.521265324144817
12.557427867828764 -11.158343028864154
-13.027952422626417 -10.286398409728571
-0.5478737794622148 -5.29694770977841
-7.699732191654089 6.845269301812191
8.465498429776238 6.395648578669567
4.618740038138085 -11.432200429506684
4.658500296900694 5.832462523800747
-1.503288620414036 -6.1203927136708955
-0.2758841640687262 10.184498196424297
3.2958258033334467 0.7811587445599706
-13.263701263982794 -3.9670769185990764
-14.8012137832137 -1.5181965465220042
1.52092221364666 7.875818487868518
-1.5824739717279108 -5.961599478011404
15.036421245794244 2.3703058783659086
-5.620297293177673 -11.333868077206947
3.8097215529272823 -5.492908787744016
14.553083543523929 -13.650454154873803
8.322224663400526 8.746391630004688
5.591594287681975 0.1608420183486139
0.696905004035079 -8.31834711446696
-1.3163176712280613 13.397864573227228
14.060783156615262 -14.035269714273308
-13.717156433031676 -7.496728143209937
13.928506332951976 -14.849708576703742
-0.1481514473563621 12.87646929593594
3.0255554066858537 -10.53509881824466
-13.28457842995426 -2.35515227316591
4.759407891954711 5.852621910332674
-4.056354300837874 0.43707503502070466
12.777119048867124 -6.356579445777367
13.412437081679847 2.5249980572626485
12.541047923480335 11.788028012316765
-8.476077679741255 1.1178177386318318
8.469892319351306 6.500423654683662
9.94299345239983 14.08256158459664
-11.470082419705587 1.4580031795251145
-3.100149769915955 -5.436118626298844
12.79719280673192 2.6156546901654205
0.5600234100520076 1.8100670241967087
-12.236855767622837 -14.780668532809923
5.733522383961926 -14.513623472546241
-14.387481517331791 -11.923922181365896
6.901250564367299 10.480359095856187
14.34142937551034 -14.602207424473034
12.39477030052107 -3.1097008792998384
12.380156787998645 0.4343068547594737
-6.995654469896554 -2.897238454440031
-11.807170758303595 -10.98389727879455
-8.777776885480236 -11.55787619614122
5.761990761418247 -3.4123764031692367
-6.828235065472661 -9.103633911533631
2.791774777328005 -6.204783017444836
9.880270997046644 -12.714126724343737
-0.9217895159816969 1.9643405858834342
-14.73588229033508 -3.0907779962537933
2.0133779951483106 9.623918220034032
-6.869995544970941 -13.919001108387468
-0.7137206869226169 -12.26237051779582
-9.009200422468446 -2.7993371934756066
-7.319792733634186 1.4220542975850918
9.40536096992326 5.2971368578184785
-12.823274931685773 -11.337813971810704
0.6315067298672172 14.389741355839504
8.85149203672378 9.822624138159265
4.066931832124791 8.232590298009175
10.264129547829132 8.929173755861655
7.3058621722100625 -4.8830628141908345
-8.057803134680569 -11.901360073305081
3.77520867662874 -14.875635313711765
2.3411212772908527 2.6458650263090995
4.55017707896247 -13.480287820512364
-6.085762558922639 10.877692646530939
0.8457422478464984 -9.388473636715666
5.256516926891241 -1.2414207988810428
-1.1491136870306757 -0.16620326535697494
-13.207257559763661 3.832662898416743
11.588649478248858 -3.0092911933968836
-0.31128249520730833 7.407831133937933
-5.61734432770044 -8.786343450250577
8.060827530171618 14.31138902802357
8.5718628432872 3.429736740933441
11.582068553624172 0.599563778562239
-9.085943462032045 8.995049690638503
-0.1917165934176861 6.211384879695643
-4.600676414258917 4.510333383024992
10.959416854293107 -12.922680246847094
-12.072443487258033 -12.111204099371902
13.479860354259536 -14.930460885812282
-1.641091003411109 -11.245306767324553
1.5343053262510509 -8.039415002363365
10.040753249816582 -7.292807643587691
8.076909169684365 4.469857969746447
2.310730776155278 14.60948890459197
10.883749435532334 4.895612287339812
-7.728430684369653 -14.659306908867181
-4.9371619146314245 12.683180977249226
-7.990521917306546 6.509784229690505
-1.3221246563502635 -1.8658433404361965
-2.7180007596714066 -8.935527813081793
6.123237470056189 -7.205372849214572
14.364015956329052 -10.094155735604048
8.197936231397904 12.38845880830587
10.136395548058086 14.850836875775617
9.316661629426072 7.363928975218099
4.165226898916529 10.986538817246977
11.083054192920887 9.83088782734253
-6.874444709544585 1.9723664764610618
-0.15949712999384325 2.681235187404834
7.41634572794003 -1.9776632861911096
-14.738567910730595 7.323555658825313
11.076905668192339 -7.855055565382493
6.934803211839878 -13.476590422044646
9.045088577968887 13.340709227066757
-9.444205911478848 8.77077440846314
12.32333253504509 -13.828588101620491
-3.6445313040678293 2.2318259166671766
-6.3599873016956305 -11.253125683885678
-4.719638314010874 4.570910715928935
-14.446950979132156 -8.782089268128791
10.156941662735946 12.608541163255513
3.2287409374234137 -9.904239890015525
-11.697841312095445 -7.4187827610360015
10.536322580088905 6.000463186145115
10.840340012932785 2.9940965005504054
-13.076197813587022 11.690069545980666
14.441745076732012 -4.881060680283101
14.921145888054344 -2.057383068006737
9.512053713146248 14.228511883183689
-11.245653505585956 -7.08283685076643
-3.981413378215766 11.659165721082449
-10.52151538932153 7.576345861790144
10.866948079774613 -6.892777345175462
15.16343499779335 1.4406190390681417
13.863105333737 1.2585948569235523
10.302711517978079 -10.838513577763246
5.552763743974559 12.25258847641435
-1.8423011247181336 13.91418003678664
-8.848587579772278 -14.193094439096573
8.39717644286586 4.851862213732766
5.448935590557312 -2.521160832371093
-4.882219944686469 -10.915531278904997
11.191250447283767 -14.707202355388745
-11.992035467439358 14.17489046340729
-8.559542961027894 -5.072511602578551
-13.78087224401255 -7.215329247360064
11.448140100208015 -11.405842680491034
8.24683925471107 -3.0776649506309024
10.519695672211885 7.095003969332154
13.458052423216671 2.4166066739492953
-3.9856105431166036 9.202315206652607
5.926893050247447 13.569153288807577
-0.8831919211800372 5.69218685792589
14.376063562938882 2.180838214693697
11.688881747411209 5.980418762708121
5.239429184335634 -6.700195875353499
6.385628216069051 -6.495399469871085
7.378806775190312 4.446002185052908
-3.9348550698378144 12.513841385151672
-6.913007398293889 -10.91591405026992
-1.7057428618663621 4.792808270030083
-2.3768964333100246 11.210470059993966
-6.791294378590219 11.170971089869987
-14.866279930913498 4.933132767085461
4.406083821166781 12.817398675017063
0.31737060384465465 5.826521321975566
-5.270706998499154 -10.81828606167299
-14.404861818281695 -13.959444416517512
2.4543329374596574 -1.4373209921334844
-0.11274547724659811 10.43156676118582
14.425908948292053 2.0026525742111367
7.240449389877277 0.27877038239496876
-13.2276127446379 0.6294179390662791
12.06273684764443 13.368030353973307
-2.3940702486540193 -13.790379321982652
-3.7476604934545463 0.15058279845728428
5.111676087165348 4.948534061150773
-5.259397751068136 -8.177511927566467
7.929210801498865 -2.035307684010096
-2.056984352336105 8.792351954445582
-5.413214878128713 4.378209672697615
-4.6876781311502675 9.24829651131325
-2.352646639904041 8.757405119805227
-12.40048777884392 -6.896521823100413
4.105004617260682 5.938225876811731
-3.753112503436526 -7.417640999392038
-12.791370980401828 -13.342990877661778
-10.780332402332444 -0.722155168519258
-8.903832328745917 5.029111664427038
-3.262835284641991 7.367075826967202
-6.764396852848623 11.38229007446013
-10.76293894231473 0.3218831391221002
-0.026276058300663152 7.3442987804298845
2.376500077892242 8.550248640394415
-3.639202129303717 0.5980388394524088
-3.0312613179553676 -0.9268238997543392
-2.542332662121998 14.209231259667977
-11.169446638520272 7.037164758743957
-7.0334004076276635 -3.6761540896228353
3.2810956329071246 0.744099701077678
-8.57312534618115 -1.1986862864160033
3.488581556916852 8.687480241433445
-5.661743795547881 -8.347797456167461
1.8335369518438291 4.447440202682941
-5.297827227767556 5.94898003555566
7.835015629033282 6.476281110770432
-14.527291646365597 -5.548123100438104
13.289526089786147 6.394404527192475
10.847131754664073 -9.706609818080786
-3.4683991103515126 6.74675119600143
10.056938830521474 -4.464576701942859
3.9694393479957455 1.4201346152385206
8.88349112769265 -1.950289685708647
-14.168332635497935 0.33105451507852557
15.08090004385975 0.3021421716190482
-11.364457446003557 0.8656940191967131
11.885852613950856 2.9351059361690073
0.6377160533974386 13.229775846795345
-0.1589377580249316 14.17282224570917
-1.5839443081135336 -11.596886179579087
1.4240318461488002 0.9387368627481685
14.783880426650267 -12.430371956153678
2.174818272931631 -12.816885619245927
-1.4917454340732696 2.1782614024624536
12.7176963888306 -5.646171036776167
13.696602799083664 -4.006854275542297
-11.025602334302459 5.372894268788934
12.691746648056025 -10.953708617384432
-2.7252618198889724 -1.134867697823191
3.102468407495742 -11.53797106780756
-0.27781251198882906 9.259215413683755
-12.658675951537392 -4.019081685954099
-4.594468836705232 5.021549215479467
5.738588063349987 -11.4796627531524
-11.74728246169859 5.179464006269476
13.533228500248669 0.2307594092632741
2.3539553606282517 -12.884466053168332
11.869410649973718 6.728501172494593
9.363959871993252 -11.536623819121164
14.840308750044628 -0.2241785516560233
6.445844068844103 -11.05476663072865
8.645904387123476 7.612251900565111
-4.601002492442149 -8.99656491904202
-14.065083856907238 14.463935167000145
-7.840110440294409 -4.313379484582618
-1.5222848314831854 12.122486779670634
12.834945354647592 -0.05292871140242572
-12.881525589038656 2.4348998812442524
-2.7560128537207547 2.186345968593436
13.4923109405217 1.7244265718253948
-4.6672795418014985 5.443976937530191
-0.19626910955339305 -9.814392023845707
3.3891220934417596 9.404255187085038
15.357604763414011 0.9571123882336221
-1.0849957106051669 -4.928762031594356
-9.918781430922678 5.98335180617282
12.197231137064598 13.811402794520781
3.452980930651016 -3.488119789864644
-11.345133693353105 -7.70919578480329
-6.576062662506082 -7.137510452247123
4.070923543082948 -8.986818046536477
-1.383217949819736 -1.520950756330997
-12.708162096055133 -9.86728469422164
-13.639301995684566 -14.209317810214998
-0.11783103219900681 -7.939398916385819
1.4205232974869837 -5.047586480823199
-2.3808896339191072 -8.380137529071774
9.272291518630734 6.829912789856203
0.5370031519080687 -14.802746831205884
-4.606004127746214 -12.32701797684614
4.773620486005228 -11.05978247075932
10.752386356374409 -4.278027351476831
8.379192991720679 -13.933708134176644
-12.70266086588405 12.015759840825858
-9.17039823911217 -12.522401903649456
-1.741018761288057 -14.278494243652261
-10.168251461522678 14.75581312516119
4.9605157666681805 9.145952170220895
12.318226721265399 6.6708252186446115
12.858589642194548 -10.467778147280734
0.7081741304251636 -6.425853968309136
-6.136633590674933 12.882178841860682
13.456942404412981 -9.830333676130909
-7.022655283488714 -11.349875802533964
-6.8865997703233575 14.447524565798101
13.5465413974873 6.5708744963509
14.412580724790894 -1.1599021438215296
0.4675041223964769 -8.61434285032245
-6.656899900983374 11.500304419742282
-9.141387192974047 -4.50381030127901
12.183533689247902 -14.2040873235282
3.167232023352067 -1.2124471648464006
9.400215913261963 8.330956156555397
4.406245821130202 -11.845698192178098
9.961472887592265 -3.620249585375408
13.866316915782168 12.507178558918774
3.537103170370468 -14.01552378181914
2.5323163317990236 -7.36162808359372
10.817628723499695 -8.013997718663116
13.965839061144584 -2.049528375850972
-14.310059494830604 6.055484932440088
8.825381352876885 4.959206323827132
2.132827311071317 -3.058077118983922
12.603206602558013 -0.1490825578984858
0.9942486903229852 -13.193008411888831
-0.9706683711214872 -13.685459522773344
14.749763848140148 -13.143894057079155
-5.672650189228072 4.884786429491253
7.030154521528214 5.934595063159607
8.498923255704522 -13.245185779012447
1.614058790041394 -2.186008983816336
13.219040797379208 6.225377089567729
-10.014825555373745 13.74468292733713
7.166165399468969 11.334705046201023
0.49964570575991907 4.714694547061157
-5.733970359364616 2.552949150946276
-9.330013651960082 8.777259101082144
14.474452368310633 5.844517481229662
14.005587799454235 2.5541346852420626
9.416539645049571 -11.500561590517728
-10.332487499340562 6.063022553085177
4.0596701674799185 -12.00113077939498
-4.751884761559436 -9.679213122445482
6.733505716060613 -6.018903403569995
8.028955308647777 -7.539773370025965
4.595543921405682 10.264433484891605
9.656614984129558 4.238210341964661
0.20412167616605004 -8.124796178665132
-11.383970250016253 6.6744498942920805
-11.001375862030983 -9.258270474001005
-4.553171856927953 3.544361166358307
11.870237075313817 6.945504182436223
14.742520268171578 -10.684129439588336
14.273270322061773 -6.569128469879145
-11.188094165220688 12.325802222049337
-5.784844798479547 14.459538607684802
9.420489852273406 -9.496122432558169
9.413131626134788 13.189298964489765
-12.184500890968007 -13.98203439327574
-9.013409227748177 -14.28909132200875
7.843764882578721 -5.0338955736766025
-8.4939307492042 8.99722787929436
-6.478931239039573 -10.441541178594438
-5.097025463403025 1.8269819372832536
8.878479889667144 -14.012754948423362
1.0460265939136661 5.311674226468092
-3.4163403642180104 4.843057131221858
5.849225790271145 11.605417397627214
-6.376107195673955 -13.00857182118873
3.225535370059177 -4.92734234350233
-1.6074948769925772 -3.563639160386778
2.5714552871126983 4.591895955098259
0.48603815940088957 -14.92851639412489
9.844336127711081 -9.01448981499968
-5.311773162576612 11.896103670391899
7.013564217537024 -6.68290841072435
-3.4496189204364818 -5.860578229752276
-11.288952634959935 12.041337866855478
-13.627049769983536 11.273232034574956
11.314629011400893 -3.0886767550402006
8.657452521199716 4.281262467696728
-1.9960907586084922 -14.744883368204945
0.07420320390472135 -4.575510987975083
4.454037538208002 -9.780172471664223
10.275704718161755 -11.966728352276549
2.9719344229566076 11.319840983767747
11.25249775763875 -6.804252156015927
13.302367305056631 3.3774850759764314
12.90589258820166 -12.70235087169183
11.451785115404052 8.911063833803352
-5.501276046918518 14.519241208886154
10.748476638803819 6.787934821621482
-11.852276719976917 -6.0332064574966076
14.593310340872439 -10.461144388301046
0.30858427576915304 10.128719489963597
0.9598746531109335 -1.4248080473718296
12.600905742880439 -9.307560014210488
-9.982055448860272 4.724881818701949
-3.0368468147757692 4.587292966324476
-0.6020181038732133 -0.09141783198131037
12.195131177993428 13.787046417179333
10.297918709158843 -6.957677281264459
-8.412344552682434 9.067985178770805
-10.249556168609608 -13.489147444019814
-14.50637866360626 13.628402830285584
-5.685018857727053 2.4132299521980087
-1.625380362674548 -2.0042929474035276
-0.8189810727518907 6.639795435776609
-7.565242471917962 6.818255702765146
11.960246004096343 6.937340745033988
3.5765604497272783 7.379354150648069
-4.3271893984390815 1.345961837076434
2.472987079495418 2.840165494552174
-8.649688995619265 -9.133337480747453
-4.710542445938611 -10.864944053974185
1.2047995620144434 -10.675053552945222
-14.520233201398211 -2.9321301355810085
-0.248633798461114 6.909933026101601
11.271414639627649 8.075253661042305
0.46683995981778814 -9.030900872876309
3.2807237584270403 -13.359881736077826
2.7082808300922245 12.036340888577186
-2.168016197019897 -12.342358409241692
-9.958515205496795 -3.429489845969569
-8.932377934273335 10.337537231103884
12.463483343515335 5.589695916011554
-3.851522005781616 10.537967933904238
7.296793742489076 -12.539437370051447
-3.985235955777487 -9.777188405188316
-1.0056732620933477 -10.224138389479329
-0.5547237286958122 3.1027773900196998
14.142675238000677 1.0005318968463408
10.66944929551503 13.757049514904015
7.850403704514644 -2.9297494061116236
0.6248875942929129 0.3744458088579652
7.579891287155004 -11.712723211924377
-2.6395090101305883 12.77320953542931
-10.456576020514325 -8.661142747094061
13.092623895569334 6.777728159478979
-3.339089574888801 7.357230105504602
13.454810178803573 -12.467583710642947
2.483233826756287 -3.4240458470558934
-8.739677233718805 -12.637311547245822
9.550740971194074 4.314828535614025
1.5140158994138417 -9.96003253211299
-1.4745026844908935 -14.852537153765594
11.328852695585752 7.39379103812724
6.773738163804488 -2.309807051857142
13.491745097226403 3.458193035234561
10.3985040854643 5.09627905752175
8.56568771321912 -8.038191394978611
6.541937681295629 -4.095225845974094
-0.6964256562563751 12.136016671997375
8.968634279511239 3.7775364245109393
10.534151831810103 -2.1476286701623746
4.140774692724317 11.106348148631305
-14.403738294128642 -8.392220830002206
-2.3536245346124023 -12.381772726929372
-1.5436657372373244 10.72470330235842
-0.6587715735987238 12.411713910603623
5.2737338303597845 14.60099574558022
1.8468028917842894 7.608137833169785
3.7319518641971356 -11.613344186459138
15.061129166481997 -0.009339983049029943
-3.901655985819911 -14.259986196294006
14.613395591458296 -10.203861143900266
-4.21725157614166 -6.923628017902686
6.5381198095423345 4.397389668076791
-10.18388277233268 4.465153237630274
10.83639858637832 14.670697882697777
12.320382346263445 6.5250718380749895
-7.695005424577079 1.4277815146417474
8.140460945485257 4.795782719405211
-3.926494803158336 12.477402880451951
6.6822745178104626 0.16880714188037693
-14.06008528507702 -6.915637111284907
-12.449953091922579 -5.310666764850334
7.104599347773636 -3.685406321214538
-12.858219294950802 -2.7550044146929675
-2.593035815180805 -0.830274632953401
-7.861398708083188 7.900664948881145
-2.423110353595227 5.379967879391415
-2.9167659158692665 11.829386971067677
-9.631867608781967 14.679307423835333
-11.589143693418361 13.317471042064238
4.7423977038207425 -12.790378316833001
-1.0832790877930698 0.29865382257938045
-13.680153327642785 -0.7400153465361328
0.7004772760932827 14.705888034318232
-8.681572513594256 -8.458165669557467
6.969534130261299 3.8402607096309196
-7.635935924100528 6.365267058401737
5.620977929494028 -3.399478803232334
13.464120702947227 -0.7097386512526542
-12.154508099212974 -1.3150508950898736
-6.7496826935033845 -8.486813300262149
4.999993566690478 14.104184239113682
-5.8044811084381855 -14.591520771389966
-14.146379171917891 6.067673095510443
2.205428737184903 13.495841977586032
-5.045616438067848 4.056663345277125
-10.683833520383327 11.470369366454026
-13.912221093366798 11.938533777280334
-7.9418725884373815 -3.4706858406731618
-5.446825686881289 -4.1520978667262805
5.816679623271234 -1.603426422714552
1.015983548622497 14.000177138269777
13.519216638361303 0.2055117834271738
2.9706735923181853 10.13418135950604
4.147900441925142 11.186949220675235
-14.139376394444984 -12.256439815051488
0.5291436525844695 12.196744125243061
-10.125616098275568 -12.78625310450739
1.5937558543781094 12.085901608621981
-12.983822691658167 -6.140537243511572
4.403820726185764 -9.774344288864986
4.759319675697064 -3.5290527762864023
-1.2390549629882237 -7.421450852156983
-6.465799461199801 -11.582508552565455
-10.374156886166785 8.871359664365828
-5.1970775848151 -13.595462483277773
1.9696965164538334 -14.733817864185482
-11.061731765158132 13.464350039736019
2.643448377284127 -8.494394672260407
13.221340600786823 1.2580982851299995
-5.671173456810809 -12.099129550983877
6.7753387876220295 -7.636495312118562
-9.548784402177063 -9.506019802028387
13.970114996330306 -12.709048063848645
-14.654133322992601 1.5467556234722792
8.019806689786321 3.2011117763102033
-9.09497196475571 -3.375469314333044
5.677521545012304 -12.477302002099616
14.199235337634555 -2.8570435906933476
9.58572540066167 5.323555603127732
-3.5391744640621834 -6.3384229872839875
-3.9418259653880234 10.012817904572426
-3.164214919478596 -0.08641324380327475
11.687379058040953 7.521090066195245
-14.254402317617462 1.2091832828997546
-9.852475399701536 -3.178608651189882
-2.2100365550620165 -7.682272621029994
2.6379787380851916 -12.485495315947254
-0.25468292598390896 5.991189424717668
-6.157564021536588 -4.62210232306994
9.35890768119484 -4.788976129343666
-1.4674326336511196 8.883517383287831
-14.162095905310622 11.83438974934047
9.912535899009685 6.316591263487354
-0.4632980011580514 13.623658831960654
-0.010040068337795915 -5.075511682475311
-2.691461833773527 -2.597301137231108
3.5240932516023484 -8.430854856965269
12.082296890761011 8.93913083678617
4.626170605211321 -13.386988679379726
9.683995305055134 -0.5500328341286895
14.279781433328392 -1.2808532769893732
-12.146023803875439 -8.245882859320048
-3.893308125089348 13.809183647201646
11.777707055187868 -4.75331741105777
-12.742127221118736 -11.654576765856334
-0.7449371030523615 8.572419543615847
-12.59535607481733 13.927482668292317
-8.020723883027825 9.313206022808657
-1.6743816047357125 9.051150710354772
-5.83390638274312 4.392358154201766
-5.513671903231549 0.95680515981417
4.4819639636281146 11.176775500847274
-13.844421580198444 4.442708483446019
-3.8160616065060218 8.56030690177284
-4.722397114335294 13.106266352391415
9.088950568446212 -7.2248036083581715
13.44748043277859 13.189191299788593
13.492509624045006 -7.71967358510471
-4.992086700309715 13.268328185211868
4.175953369841718 -4.916630633773536
1.6099140806342476 -6.9934854200319325
-14.226494510957538 -6.786522188113059
-2.5574947237820584 -8.20366881156506
1.0418849352882091 -14.24414982678332
11.63040925457037 7.128406602698633
9.70435718180472 -6.395067143742205
13.851989225278674 6.392070830960709
14.987614070381158 0.9482723363896621
6.20430953599044 -0.6534003178087069
-6.27757447126414 -12.9920154074336
3.284347328532057 2.4310854027798
3.641539604311774 2.847281552643178
7.73987485364394 -10.365932312781052
3.8133474482090755 10.74443748065491
-10.258939365308942 6.512152727954377
15.952471113132813 2.135831021812642
13.633730346843095 13.864827065865132
-10.264657917670636 7.397955452041755
-14.921812171528439 -7.507874197862795
14.19984426170869 -3.9316033797179557
12.231787391553349 6.169569194997294
-7.448589700492339 -7.679402861770574
2.325177019753518 7.953153165419899
2.665671353903914 -14.291661313730675
-1.8934049777188982 10.655418522183432
3.3850276594160746 4.759536603419207
-0.8850273415166239 13.928265037253198
-9.89754609009893 6.351224048721107
-12.054224293630046 -12.09188353132409
-10.856588083670971 14.220197501240687
11.934231130564353 -11.974207815639184
-2.336384468399249 -9.470867887532377
-1.0135324430890673 -12.127568707250745
8.45590716374998 -5.878379038270863
11.621782442879166 -11.268603645135203
-10.993334015065551 7.048838122122712
0.30278876397683696 3.588310429365297
1.565960689425367 -5.090143584898566
-14.637872465033881 -4.206783198621293
13.902109448262737 0.028795337323425763
-10.205018921139562 5.873825114026442
-7.07965770674069 12.12845593306702
9.006586207424103 -5.417563033739448
6.670383639280423 -2.7169077625528537
4.979838022737315 10.611098815939993
-4.626434214459492 6.552119398260231
9.198386599549444 -10.870972625745178
6.886062637449999 -9.309975899060927
2.512171105074472 7.797176968253062
7.193724341538079 -9.149246097582198
8.62521037196014 13.011235158091125
15.029561435626514 2.288024421610884
14.589687352987472 2.5232313557369235
9.960039255875724 -2.034069394001291
13.6681438107113 -12.919090326839934
7.65425585389541 -10.00466458410975
-6.278912432335925 -12.48312689409282
-4.164875579502523 4.725403198486294
5.471033651171467 -9.936406721421246
-9.026353911381719 -10.269387097638635
12.53367597121505 5.581520886972859
-13.501641616520049 -0.3508761281253001
0.9321394789203303 -12.957995119203584
-7.889299686422026 8.324142419261808
14.400782087320199 -7.532161433358211
-3.7716231683487145 12.345989481235751
-11.004547483323675 11.99435964053683
13.80716247505143 -0.13576550322404213
-4.461716657854236 -13.016741986054456
-9.744948114613349 -10.527561527246938
-8.317428447974411 -1.5283823131134042
11.321557765927798 7.079165047796632
-10.450316126856958 -9.700159590576671
-8.842794688239064 7.208020472155605
14.964297873519731 2.662197627121956
10.671702873992903 -2.505610894029939
15.909592232085433 -0.09615680057948639
13.874364787329345 -10.43035632077581
-14.052168912183058 -12.691547662921483
-1.1153207561187823 5.964764881083333
8.470970297431833 -1.7630853881326498
14.430409806283382 -10.488004534514118
-0.03076516526840578 0.8285242532547095
7.689950791575047 10.170788937095072
11.450084164005535 -13.642458896404532
-8.169833683683436 -2.5104033545137536
9.387616159186205 11.834858782401461
-0.2535997700987913 13.748178122597068
0.6142913757416704 7.21023609856233
11.517599616653394 5.736208162358681
4.800310944716777 9.672784945783366
-2.194239382138756 -12.824280070765706
-13.995257171336227 0.45879027016754215
-7.991646202756827 -11.082763447797126
8.334509380294232 -5.691492829714647
0.022760664870828506 3.9728976455059737
-9.71977510109396 6.870135552333564
2.6139778743457818 -9.519807098668362
-14.943103439100375 1.4289401948184803
-8.208529701738348 -10.142474449313514
-11.736000272117877 -9.503712621611303
-8.208865974228335 -1.779083415805787
3.3719029172390265 -7.750556238680195
-11.991737163612676 -12.244966227384769
-2.1334199792367663 -13.114200999739287
-10.234779080116727 -14.836262201022215
-7.261339159178595 -12.491836563979327
-2.7621087799924826 4.700134916091038
-13.158023640250526 -3.2427474932108282
3.9624520025749064 -8.529576449005475
11.483841663455031 14.141990999175547
11.531044927006242 -12.116905119670568
9.747522846967271 11.71740661705292
9.396077550561474 5.0808138009031865
8.69317947862059 -9.194495423351835
-6.632713181886043 -13.717334224677932
-10.98244242103997 1.7124797437617723
14.44887352904987 1.104656562506619
9.57340310828372 5.014961263694859
13.198612510165205 11.486475295403281
-4.016787239440177 12.377651733896897
-0.6505328345655812 4.650912697098278
7.181743561540905 -9.9869027918334
-6.524726131063508 -10.066427837549394
-0.4029281559574436 -9.79680499501977
11.560526675929228 6.670257374382278
-13.010037819312268 0.8405695770620323
5.54812126499575 -12.029004632022822
-9.025863237256008 14.529760413968809
3.296752052164571 -0.9006311335624826
2.6886143753530085 4.864036465490649
11.750996448128621 -3.0165353262680057
-1.597692913648519 7.308956509227734
-3.2560268996154367 14.609663973125066
-14.156058946929104 -8.981059886668632
7.520999464246674 5.564444635847169
-5.180896511139212 6.4871421352643495
-7.060871018148864 -2.3419943251122546
-5.329246680201582 13.72898843443842
-7.410492116331312 -13.575000571819006
7.682806410140621 10.713257356842679
2.0382796835961514 8.012150368828099
8.321823730239556 7.268338555548985
8.451316611862218 -4.7602471195248555
5.532460422329109 11.143948977930439
4.482898145697408 -7.323910875351848
0.5819770044454682 12.889798768475593
-9.189163734851364 8.232588109458828
-1.539235578153102 4.600247593084916
10.621756882845188 4.475112527781379
11.147114089104452 -2.930685756471682
14.45121308181459 14.65820075170512
10.970758419192702 -11.544759310530655
13.449844637787816 1.1238978736108458
-8.097848695928938 -5.261101727246435
14.098028655676181 -5.417481523138475
12.22028665278784 7.935221948289318
-12.528785577298091 11.453034896771172
8.523456368273298 4.9894362821850455
8.846122444024825 4.979579553662083
-2.4333916562156848 -5.68202632241373
3.00196193396712 -1.9806768880479773
-4.121162662287382 14.897573894146252
-3.5608986712999595 -7.186736160079037
-1.541476169486831 14.038769698092675
0.9318064957264465 2.7920490072857227
-2.700325097532657 0.5684402986076602
3.262740358002354 -9.003713209313819
6.252882718596361 14.379134295261835
-11.772381320429995 -8.084844652393869
9.235852906463233 6.675007530002468
-7.126491300513137 -11.67264867601292
5.686972335313214 10.068126828591272
-1.349528750560184 7.66216289613779
-11.977417566981442 0.5832050651236447
12.674235548196215 -12.667328958781242
-10.47572830015024 -2.329990898061695
-3.245991357648851 1.484790060810429
-13.757796876352499 10.221725588473596
-0.35406228842897214 -5.633996665911354
-7.4256869428617085 -4.519650402256078
-5.861452656655287 -4.785391856314654
5.723483182967271 -4.931037162576429
7.367856573871869 -12.392795709448546
-2.1587762231549217 -10.35189204648611
12.473762761393132 13.612093144726707
9.457926037381053 -3.9591795253064443
-6.533158465497056 -2.428666959022231
-1.3659553439410779 -0.749035652617172
7.6642048585254905 4.625795065295178
8.16345883598939 7.187791948242504
7.686477153794925 -1.047231509143847
13.986169130550287 -4.824776465405247
4.552985131732129 -9.005333447233795
5.955492408259438 -7.974627398078687
2.76582640541082 -5.124550067481966
2.7989759769814206 -10.235762290641489
-3.0312844653793114 6.698562423567573
-2.76559247615816 -3.1757269307026625
9.298665213909304 3.9107787233365405
-2.4423109394692535 -12.250229944431565
13.090736067722265 0.7699285857676432
-6.633326365159979 -8.329007223802558
4.516556822021798 -5.944243928348312
12.71936557774543 9.594803804381439
-1.5395386417743069 -10.40717790380916
-3.3066245518670794 -14.731918661934296
-6.109780861890817 14.433179734548066
6.149887771223319 6.739546284497038
-3.5045559993790683 -7.7968827046770866
-14.118285555082617 -11.073867793073028
1.3427727406110606 -14.907263405216659
10.587042827393319 -2.5692775520946647
-7.188402855499443 -3.56193411411863
1.820520266004369 0.045019641657745524
-4.987387612242493 9.287452736249673
2.7043881898753312 9.968365253320123
-2.63728334082721 -6.754464927500933
-8.74517625884986 8.36400992678966
-9.113140399335887 13.756995976580107
-13.09491377865831 12.268715846646817
17.2073839749593 3.2221149537053932
8.620054663795514 2.7425188449029783
-7.45119071416985 8.077480485593126
-2.859863643051705 1.8500489974251941
0.27512707437334427 -10.805722839361312
11.501030108084752 -4.476962625825511
-14.5756600462173 12.860593162958349
10.201386056091032 -1.4315875644215126
-12.254539272043083 1.35480270400328
13.249139466443355 -1.0167851747408116
-14.948417925892821 12.177859718824163
6.360324809583737 5.283015368673408
8.242253819761416 -4.626777144003537
-12.133190282973445 -4.6195962302464455
13.497110799302483 8.956349344095026
-8.230008774950068 -4.108045734066576
-11.279348881692183 11.256761623776374
-9.781750597050198 6.046735930212181
-1.5824157926950733 -0.13679911490861585
-1.5243701491126025 -8.439617406511116
-4.414170934384867 -12.302526287931146
9.986865337369817 -10.57332669105
-1.4356626724759582 -10.069080382374757
10.080153321860983 6.281851212480339
-8.652671649870454 12.213023925784064
2.0296294133454467 -3.6363451264318023
-7.346463714728661 -3.7150340327933367
-12.597072412541088 -1.2855656171504606
-2.001258682349677 5.599618091744475
4.575153236464249 -2.9122989044734044
13.57136417711649 -11.277330561844131
0.5230173484431244 -5.978112998959041
-1.3281380889178998 -1.500661445237231
-12.104822944957174 4.950515030944697
5.29542474699479 -3.146518908198484
14.766108160993152 -9.292665608646276
7.020382713878139 8.146435337180087
-14.402158892781921 -10.866582217356289
-0.6394202476803716 14.34836751905302
14.154329027601957 -8.970623883626315
5.391326119363566 3.9532044614408504
12.41175028014521 0.17349525578632052
6.516057099040431 -10.041830365932213
3.476797630322576 4.7104725258523885
-2.573531409179594 -6.921763925233092
2.855401703685196 0.09222512586594256
2.0021780552863895 -2.7781272525228236
-6.101345976472603 -9.397451593884636
-5.745277561407832 -12.167114121719305
7.2041980501531455 -13.385788949749898
-11.625054494565013 -14.92031689432412
9.556320342506616 -3.3926972839540426
10.121630554100253 -6.1533688551750085
4.022421631839187 14.191144853764964
5.125642299375929 1.3653675941901717
-1.656867945647857 5.880089637803799
-12.914892274467869 -4.729701057306929
-4.008199475570583 3.6642640994774
-13.263208790995074 10.289939170487806
5.40904118460363 11.588913871861816
-3.3301898275689936 5.201687313299232
2.2549672156590184 6.79489528951423
-0.6600763951223918 -4.94198113503275
3.2794240279622144 -14.760910799064778
3.4521459429903274 4.250797950333556
-9.61189735606811 -2.844998951948679
13.114664626016449 3.2320012413461767
-12.878787094697126 12.712239828439024
4.584924824950548 -7.349035483545236
5.9778307056039175 -12.99976785404484
7.38371412752873 -3.401339163024044
10.204008030517672 9.385563468623788
0.8397504462114131 7.545324888079097
-13.159003404424402 1.5673779482919805
-0.612856231289193 -9.431564740229735
-14.041734471985865 -12.901020195042133
-1.5168706821474327 12.064260281401321
10.504958670388387 6.349599008139009
0.531696816075911 -12.121103942508768
9.69673767958521 4.967306606493952
0.9099707767702512 -5.333039452167641
-2.4481929893818855 -11.20916020358931
0.3522390693111923 -3.468562212500286
6.739019854965975 5.715115664638396
-9.470884340666013 5.363989723269341
13.78451233787283 -12.17493724076818
-6.8114376216104695 1.7105235098112388
12.141352844357122 14.380257019728614
-10.796965249639987 6.795441068636818
-7.212234985087903 -11.19672900872732
1.9122457498929641 5.77266416668343
10.738500804671578 -7.5453168336799
-9.813012589761392 0.27952280014708286
13.227889722296005 2.875214089377618
-1.3288548955473338 -8.47418621206516
-2.3827782614284896 -12.623334304924166
11.677597495483184 6.566278992546373
-13.049550242983468 -10.19258655314603
7.99771552532166 3.874139424694334
-4.937224635475127 0.9898477529035148
-3.255964168056325 1.6416432054007721
-10.138223245922521 -1.9106039998853839
10.4568883041835 6.738915989501252
-3.9187304065238813 -11.805146190594902
0.45585050610544897 9.917809791461835
-14.350948881695706 11.656930495065975
2.2806587370189817 3.9072989912572353
-9.014900575567406 -3.9563312683130434
8.053474707299578 11.990416902152944
11.977781157950478 7.30744367072962
-6.445464653342043 11.50196997733557
-14.404208056390669 1.2110308793580558
-12.796685789219529 3.5285361397255492
4.730698497145308 0.6954381861117422
11.970618592612727 -8.194183917397027
-0.9604620027930508 2.4875693662823117
-2.6862741579074907 3.90410355968206
2.4679419239907965 -4.374161671306373
6.354462721619321 -0.9479270220615561
-12.767935135462695 -8.247739808912419
-3.7348120993302523 -6.472847903072607
14.81703604252837 1.5198470939822704
0.04271446054191763 -13.604868230545593
-14.274253615830833 -4.415155555536822
-2.2379796710587136 -4.619779693175824
5.149106544182263 -5.525861185845839
13.683464901149396 3.5289446199209844
0.44273681966420675 8.00804958116196
9.258939475838236 0.30538662558164553
5.767202257916331 -7.032512682965057
9.761237259924899 3.8001952909469865
7.376829040917766 13.219042952636226
11.699390331602093 3.7601348996878343
-3.545872129043559 5.201205960770789
-4.652969299230914 13.356862050213813
-3.6768987429168867 -0.7539964691864114
-0.3555840794661673 -0.06494933243026679
4.241171548721788 14.733686590588956
-9.444133129470487 2.279161366348898
-13.9791417469753 -8.719834218238194
12.548422221953166 3.1098328005572884
11.486591797740921 11.839301967855171
-1.1091346919999676 2.088472593267639
2.0763978345947116 4.684435354196747
-0.01974923144805807 12.077454056408303
2.2528632001417144 -9.125016376710425
3.3943004689384253 12.681089097608197
-9.597050609406418 4.644717308680093
14.542460354510077 -3.314143607032573
-10.451012837073902 -11.564508634506481
16.93410589410455 -0.5702344546353881
9.272984436348871 -13.451048778169934
-12.819541644473727 -6.357060250065846
-2.6871480931003973 5.0087936699329845
3.37001896551541 -0.03268803379993024
-8.129059227818031 1.2630254493090156
14.85833007535666 2.002034406288895
-1.1562170549177928 -13.9092281180912
-0.10346284708922404 -13.896132754153438
13.186040172734621 13.902144836680236
12.788844830701507 -7.539792800367521
7.890416568753089 -5.136825312214416
-1.1050380434837948 -13.632755779913007
14.80552219198292 1.4371988805993685
16.433745447420346 0.7362012267602007
1.4646441976732802 13.140148117417162
-4.166600680797174 -9.862978503176254
-0.13648389758229307 -0.5964727201122155
-11.779277791785542 -14.954971125240428
4.719002528652279 13.386379497119815
-1.1732491127160927 -10.229508175068698
-10.403124445571287 6.004302942291828
12.162469663817095 -5.29557875103378
7.189024147497598 -7.617322791302358
-7.9312363120029055 -12.927626467275793
-9.615429876435725 13.580297013325445
13.963647436210413 0.06923905104447758
10.706397325500774 8.045547035943553
-8.820524173941248 -3.2548557756134673
0.6940660348410219 5.058214007617163
-0.3017017854764017 1.6250373413653953
8.750555064970465 5.400061057660246
8.252894617180644 6.349804029307965
5.106764943166187 8.850703259546133
-3.0533134787095033 -12.624272403841966
-12.759511173774687 -4.328974493273929
-5.387127663510217 1.8208982130070304
-11.239738583998898 0.8395845941156566
-13.750653666096785 -5.560937895923006
-1.3071199859730456 -9.78320521652215
14.380181377357532 4.367412124764819
-2.104878839337175 -5.639697177300903
-5.494847609175665 12.934911554998898
-7.251861797480538 -14.34628017467835
12.131986754411717 -5.576487092843948
0.8105940269195209 2.600441283253538
-9.409003653743405 -13.96788175086896
7.739564812934473 2.401028876550785
7.064157328154579 -8.83408547634652
9.61735787603087 -4.5563322340943735
11.840652582692597 -1.1540598303457128
-13.869701346811631 -5.802506258818168
-2.111679231473307 -3.305513509138091
2.505708478874034 -7.391191868059419
12.45495366046212 2.045480470884915
-14.744249490239973 -12.824110562094406
9.148360611742007 -5.208046957553957
-3.771117553949969 -7.550256242047356
-8.303223838959616 -9.006370560354767
-10.223294956718322 4.355520443296259
-9.024807149439413 -2.2655245850627668
-3.5512231423416996 8.909607174108299
6.8505702015234995 -13.275931764681735
13.974748996467635 7.814996916062705
1.6066344788468712 11.425900254904732
3.1947101050023505 -0.164187670336716
12.44433142642732 5.586247057203437
11.169988688193257 -2.2143626326953587
3.1921708761657293 -4.079592023760322
5.597120268398047 -11.4195728222094
12.736022042874747 7.32170154125969
14.776247558113592 -6.9040810790567075
-0.7324080200748622 6.224814249547421
12.400339050826233 -5.185125381368859
-0.8266056967934805 9.831094234351209
4.736477145476886 -9.13360539258257
0.4359619093494125 1.7045389651791183
3.872640449585745 14.96123485651934
-11.713902392504762 -8.915978378234069
14.818426495846335 -6.885921543622862
8.5121126904545 10.95163532025229
-6.417381975096635 14.186292533694111
-0.28733100929153466 -1.5624873803098875
-10.197481986303908 -9.3887084505774
2.4343194103290138 2.660765787630929
9.053189349790962 -10.628090830373864
-0.0046153485507201 13.921143463016843
-5.182669669650878 -13.33075140769989
-2.2540208008285614 -11.09104823868938
7.415646870147192 -0.40106191315558526
-0.13794311050538255 4.260082185760378
12.456471083308237 -8.916482763867762
12.560255890588525 4.550632858766118
-3.564077494280113 8.74817057740654
8.203562041359262 -3.9186090777318086
8.076778053498337 -12.586760094173943
-8.318278422199628 -5.815521485906443
-2.0493300149301046 8.482774308777692
6.709825841822553 -14.26579113272248
2.3086463535328825 4.581400499493082
-12.595862131888245 9.507668826100414
10.119722344233235 -13.557763890731149
-5.928675195125344 12.045550726760897
12.034877822631119 6.99746168965611
-10.280318746097596 -13.426687608401505
-9.728694356094094 -2.755107540322138
13.266719272336257 -8.239427338141201
3.5073716221990985 9.433800195703043
-11.590274026123332 -14.54965279555287
-10.373906784126678 6.8567152129146995
11.862914925102702 5.564669897986208
7.375746663261168 -9.888376412093075
-11.611508140406213 8.480173356789038
12.043869764967505 6.615077598875304
4.37434463098883 -7.204482220684875
12.067516903229961 -2.67735555651255
8.296257319029255 0.17993973094165305
-0.006034459870718933 -10.405439442867447
10.77890013838692 -4.599133608210481
-4.010710201445297 -7.116755278619792
10.358402875177838 -11.209716478567874
-7.622532918739988 -2.4420822802031346
2.949408863423841 -5.014053974788689
1.9175665664666006 5.634663338663778
2.227987694609471 -10.511062102474988
9.297692452923275 7.428508242651691
-0.5539319472243882 10.752767805436491
10.021385463999685 12.214024683978046
2.6369016313245552 -8.38473072100437
-5.353574996779237 -9.479468449033556
-12.088565234794963 13.614117154547944
-11.265029257233284 -14.313955526041912
14.56648788749786 -7.9882251567412474
5.40189258641977 13.13599913304548
14.090854789852802 -7.541352577332572
-1.317027605337227 13.129483779426671
-6.459474753892703 -11.534394175291123
5.286163371911595 1.5050100801502637
1.0627547785560054 0.15274822502118823
-9.034957922542594 5.798374491908042
-7.675521803044056 7.956074660935295
-2.8846261119912917 -3.823485236246233
15.252238949653494 1.0410999684288347
-4.706907496566048 8.636809107572702
4.580144076539092 -0.18745990195341555
5.464038188213152 9.647182325385316
6.0458760288793325 6.712513442808005
-7.752897960763762 12.937623856305905
7.26802447808603 -12.123480928102978
0.6927009556107251 -2.2432324664679246
2.4651442496112423 -6.141499052698249
-11.766405325874238 -12.357383046496986
3.5923712857896426 -5.7335030067244706
6.725201269313924 -14.56811378988399
7.290211025291502 8.273190556106071
0.19400644512505139 2.6143970327185073
-7.469613116537871 -1.2090693717443277
-8.970727223643612 -10.38763780953024
7.480818325676168 10.206753082569659
6.624169639029958 10.320599727319408
9.194791053569544 5.642226441509959
6.519190184840436 -0.5799956035998957
0.4078131278444648 10.178016716905525
-11.803403752978763 1.051607776225925
10.851059000945167 -4.240267540472319
-13.364059512405717 10.260821361371612
-0.08780675739136612 4.183723955117937
10.355382539351854 -8.278541258427472
-8.742914364121113 -10.367729161806208
-13.958677728116566 13.685870884735966
12.352794502603002 8.260320223803642
-10.0561027127332 12.114179786178848
-14.460191763604781 8.732162731467422
-11.928299903487595 -12.906976344471461
0.6969976580875716 -9.427414648694997
-13.112002920102155 13.01376227133228
10.110694264680873 12.410264419023655
8.101058373678637 12.304796087844288
8.831501213616704 -2.9951412880341017
0.6859749844474745 9.01226312030083
6.7796290175855525 4.18374925075447
2.1214708840373326 13.60499902532457
6.9344648863872465 9.334888456223176
1.949357320828863 1.387415553472362
-4.158486832478781 10.262052825663368
16.398611306679264 1.3381507064037215
-6.681557938673668 -14.186701073777314
7.283917704208736 13.633696361732618
-2.6663729901384112 -7.909567634930308
-14.753565628361576 14.736385124796168
-0.7550992476778937 6.508906572732929
1.5199828799974853 8.354507882442881
-2.2051724349394917 -4.362700605713606
8.35413866531351 -0.08006302253934194
-3.538521408937953 -1.238764223858066
7.435371790536756 5.033429927805382
5.881004124829502 11.790175660896033
7.333895353742069 -1.8327510587869718
-4.455247624819052 -10.824564876285336
11.674991749784711 2.4452686435575575
-11.680949205150716 -12.424072270798437
4.128869869181983 -0.06647887092727167
-9.902206658793943 -13.89530913953337
13.821934290636019 3.0690466992232457
9.881145862713595 4.522445768105314
7.367392492970602 -6.798561097417949
10.034243898924554 4.976094615240196
-3.6694228714349535 6.649121540618822
12.857421028189837 -7.2382039030371335
4.216281342623873 0.5865507654757955
10.685401620328939 12.605892700525839
8.932955657614256 3.776578375967119
-10.465045796180657 -9.63984759958398
4.968633010439497 10.350354594415254
-6.06047546184152 3.3870798633283883
15.292098691641282 3.128172904681003
12.57718001374312 -10.983138971448096
9.398280164897677 7.392653532706399
2.154799977002707 7.8743255983679745
-8.39793022987055 -2.9197831753308474
6.3805085852727785 10.762353632851614
-8.724251035394344 6.55794375361855
-13.546020426906686 12.39574428407694
-5.456395181644391 -9.621270896169989
-9.91124103030802 -8.57228843919899
-5.045095508311794 -2.910902203148445
-2.5119932618953484 -12.168132186205463
7.073267008403789 -7.89206941709309
-6.024726945179724 -14.09150817715187
12.806044778605987 -8.386743869990514
12.168196612797793 -11.488066201743305
7.514356141542039 5.773719052507971
12.626015458225028 1.9244445813714415
-10.026285594874816 5.517430215355034
-1.8258169472880734 9.340641794023078
-11.630899434385965 11.210832200094679
11.029644037943283 5.458008197901323
6.897822488560454 -11.631325017639014
-0.15550643439352108 -12.511599937862947
-13.173697889952619 1.8546955130416336
-11.408552812154909 -8.758829730245806
4.656734423364476 -6.210933855345761
12.440681734703894 -5.3304855274817555
-8.893622297948097 -2.8410696067234884
-7.740831732633043 -14.976263676945404
-13.2912364415007 13.453086558173261
0.47858619510680533 -3.6872171371563596
-12.325771913081097 -7.14146228333251
16.114406548027684 4.149237135858862
-11.955125305600232 -9.637112291788554
-12.28652942973206 10.994489677043823
13.205789990795623 -13.75700664433236
-9.708484316204936 5.985125051210231
3.5306980100209913 11.68904322227056
-1.1135472225954839 2.8263860285449525
-1.5314385901066512 8.089827801076414
11.556350216880935 0.12840671945450133
-4.919384339768159 -5.4349100979956235
-8.895698538012113 8.030289694090321
-9.95275807922216 -4.337586593013833
7.939778804343669 5.464237857524707
-11.765076848186764 2.11758620047965
7.852374215491363 11.384184798027626
10.358527227279753 5.64794179886859
12.462439219596053 -10.212292404765082
10.875544715435428 12.653277766983983
-3.5620303919002865 -13.06217527051347
2.460785438533893 -12.852326682358637
3.9050053952416945 1.7585747159230465
0.7075444947771476 0.6608172554059397
-5.4930519346262034 -11.486962046425678
-11.123629954690276 0.044617148913449256
2.9240465308964048 11.007077866371635
2.5419418228862902 9.758092583134626
-4.4443130582016455 -14.182103687247935
10.479326458823596 4.036936264408833
-7.611073190460029 10.06757628377273
-12.186555811102743 -13.781462211204152
-8.286717025272317 -4.985023753271159
11.741107088238351 7.2988728712423185
7.095290239595062 -1.1704501771997293
-8.786917005538292 -10.099280961242009
-1.4168691146291597 -11.558617203525767
-9.604194129149809 8.50368232199352
-14.252541734350185 11.96179144873295
4.060321617567496 -9.654252984137585
-10.371064490088429 -11.784969335686775
3.07738634939507 6.5798695108113066
12.679668844478119 2.1259221598954694
-10.86492865862548 7.138205817174292
10.061368212287471 4.266006681287693
-8.063004698621782 -2.0390048825623563
3.768682203640921 11.340243854427314
4.294860630530372 2.7810670427649535
-8.57791084244993 6.28573199139432
-12.574184710734931 6.505025111507277
8.242508756014988 -12.06615088151601
5.093641220760496 -4.551870848439805
4.403395472226663 2.314368487952791
10.869964770348995 8.502870384099365
6.819500489941705 2.6704638389345683
8.61984569096115 -4.378957428654768
-9.86085434230294 12.489839826563191
-13.141774336402124 -14.317464345027638
-13.459765298038956 -2.4786426391311025
-11.697955568744636 -6.3649934033390405
-7.235049984840016 14.985003893210116
1.7497544431317884 -10.616538013569365
-6.50924433712273 3.72510006511882
1.9429705647202589 -10.785687926496456
-12.772944372142785 14.249806646734687
-14.760722854252418 11.262939210255965
-2.7534492534865187 2.3639618453030735
-2.3095149605086505 -5.395510313796363
4.187339728553951 -8.3233035583083
4.017186121319618 14.652480021314307
-8.044367134956618 -2.6420879995924675
-4.217434253192037 6.765881567782937
-3.5062614804987238 12.699437648886526
13.325192426207904 2.8820665955377267
13.562499197819607 1.462792578920511
6.474931994682194 12.494392750880273
7.6906364078610565 -9.240570223205902
10.50584825250533 -4.009445381516519
3.7588383790803235 1.5777215002881348
3.9803496233346003 14.504681940615527
-6.447644508051285 10.632383435235415
-1.2723943967323965 -0.5327980598940503
-5.30907192518902 -12.187225105621842
6.5044400995698695 3.6803629724937723
2.6522618951173094 12.292526279090154
-5.711524080732242 -3.0815038909263404
13.431629978322796 -14.49718827309475
8.110636372075962 3.7924880797433116
12.406761664983556 -8.536657143004604
-13.067130277714652 -11.083278159271384
3.474240121270469 2.492869986379162
-8.812187192401773 7.067231386345924
-5.822611760105632 3.468585805831033
-8.558725337345578 -3.7173776011000705
9.47981469658188 4.604301894985685
9.4019648429652 11.420426193608588
9.625067206978965 -4.256783971501164
3.1956939157415043 6.954505218160325
14.854882959347563 -7.026415263419357
-12.025517088203044 -11.117153778779159
8.279304768465948 -2.732280244331063
8.827414322509828 -7.161138545336697
-11.417580775256958 13.019234783204187
3.971990937989144 -13.692079009035895
13.104799127890097 13.108435599968988
-0.6598355290599791 6.103428014076098
-7.302219792251777 -9.176641647381398
7.33998977441636 -3.6213037049570342
1.6231776144284353 14.677784422482656
11.018155206069531 6.5447549123744215
-0.8991179742053017 -0.08378703202153481
-9.474889719500558 5.616305332284797
0.4905073016364714 14.072194094109008
11.892379120560605 -9.711585342102058
1.3619050152594738 6.553149060178658
-8.009214251364734 -3.9102968597667953
8.185426897111675 -2.260604001055489
-0.6101491524437588 -6.668695564413557
9.593157556474955 1.7607517377247426
12.9850845221188 -0.3538393021912518
-5.799609969500359 -14.32357799265703
13.292004307652782 -13.585675101299902
6.163172785754714 -7.314055183240398
12.735388444315564 0.03483394575467469
0.1631653384318419 4.905237906224052
-11.019411103782309 -8.320573552229114
-10.850947755083618 6.77469681497949
-7.105179244671895 -6.891164635759342
-0.5575048637825759 -13.757372436211165
0.6830114985380362 -9.2724018218778
-12.161175462769744 -0.18801587106515782
-13.059768659227743 1.2719754983945677
10.604316715035957 -2.020629598939447
11.729981996482536 8.051204893724627
10.710562598219422 5.366292541330191
1.986502993257421 6.883399938756636
6.543591959358544 -4.631010053582024
10.650856980390524 5.769904171516606
12.840301360204169 -12.509337358498577
13.454720684954056 4.261779328078676
13.096306558363494 -13.540218285546313
-12.376642491640375 -12.075094233241149
-14.868412700596313 -4.204411690463203
11.028775434100206 9.074781599191176
7.147706150978357 6.629230590644041
-12.454869442309555 -4.863396562087681
-14.98889908348421 2.176857111959894
9.97625696122632 -11.822134781890279
-13.368241687966727 0.9707900708998025
-9.13781457812585 8.738520255286996
11.383677035333395 7.299582695424114
4.2181040803468335 13.2998720240487
7.424423899441194 11.129449040518502
1.1932291478086938 -4.75052757854937
10.386010217939795 5.794062135788408
11.385918736997798 8.784341000148276
-11.053269217614893 4.8249421335852345
5.298406492391891 -2.400376875851082
12.089876027137962 -6.494563995602942
0.39154373771327045 7.900884161964264
10.924272990690072 7.202537042907717
7.791740252743079 -8.544797634145437
6.218446121933347 -4.1073231708946185
-10.419054624917704 -8.253309096986765
9.53449053130226 4.402299451004797
11.455636765135747 -3.4488246369157025
-14.812773152169084 -10.87031211050793
12.105423664352763 12.321948205101233
1.5992278667287891 -13.677961638076788
11.095538061312899 4.24633659222015
-8.64372441587338 8.109362451976018
0.8391548676648899 -9.3776402611389
13.207136994904616 -12.695481138400009
3.6242286746730663 -14.854506818217972
-2.600634034204342 6.624169402900559
1.6327601467175548 -8.348209378356605
-11.706225847983818 -12.815538175320288
-13.29623445260267 -4.988702097271318
-8.878713445115023 3.4227590800588525
3.791673225907619 12.620038883024058
-10.26619305182142 -5.739056999413924
-10.839241514720667 -13.021106420206022
-14.106375340274939 0.442775857874647
12.106955425089334 7.913448208629908
0.8367989644109386 0.02923093646712971
12.023828399153842 11.763271833433034
2.1457567076891166 -13.962455050843108
-2.042669574887883 -4.717157612242302
-8.925145964023491 14.911002364949638
-4.3558014782030146 12.999981332591144
-0.36699375728055195 13.742815587577315
-7.996240368436305 -3.4132238549522236
-6.940354366140901 -0.5048611010664539
10.666611204291197 -5.230826036658069
-8.672647099275764 -3.1426207066808804
9.647195351320459 -3.0176787818946256
-9.746275145993254 5.682408175288865
-0.9276699295097348 10.165325145509343
4.445854265592409 -12.080378260939675
-9.28115949221834 1.6055565493960025
8.090535696973271 6.88598442478091
2.935965580623499 3.161419751228518
-4.0018078748216865 1.4588458164307063
-10.016102844529419 9.27505516681233
-3.064462299823825 -0.3300195649789206
-3.44018024152496 5.392469980120495
9.443114335930355 7.0603921794763
-11.005533042233136 -9.110572493010327
-2.5639267145924176 12.410173226716747
-0.08677020433556315 -14.335893379553864
13.133424424026291 -2.9075670832716796
-3.394261302609399 10.911081258037743
-3.1355090287927307 -1.2720511533478636
4.718103688635537 8.052889523943339
14.594946396373736 3.518393651609109
13.901423663709785 14.066159849816366
-7.271510436402584 -3.7441890673307436
11.064158660482953 -9.306150755018592
-10.49462907755305 2.005081534607161
6.461232066511858 -5.608974946013779
11.098418259168604 -8.002909285647874
3.643058654271197 -2.7968820893080455
6.196861388925932 11.522270180596195
-8.839568148299033 -8.882465407907024
-13.977150960519861 -12.98805009057477
11.407134018808833 -14.238089811443134
6.606005435038277 -4.690688756154742
3.2759484476804133 -1.849480480015787
-1.6927240268194925 13.200664554015656
1.5670936440506225 -4.939949115964387
4.755273799238378 -7.8744807260969285
-13.59142870360633 -0.27544973167052333
5.327456578014065 9.915326116197438
-4.260535264075337 12.056848057758419
-7.701490440048384 1.650464011794142
3.3382648960079884 -14.318940297912578
3.124191022495289 6.083395505862601
-1.4711310134392228 -0.6726743296391327
11.522321369366647 -8.186495943610174
6.452690940346805 -10.193589740600235
2.9742808018683817 -0.3850989672928975
8.951526813221932 -11.902804602606103
10.275934349926736 -8.699950618144872
-14.038641417010767 -4.249528480192396
5.509274174399522 -14.343231620788421
-12.899130015297011 12.737163749022098
-10.929080519585968 8.216913459631323
-6.308565840016212 -2.0928209489527516
-8.271931643072516 -4.191543352470224
4.776828277123357 -13.269923850344815
11.715849073049231 -6.992999691565325
-14.268316098513708 -13.584192570541923
-8.8448211806562 -4.752282203906825
8.05571057319574 4.615657938242953
-14.697156673863457 -11.536049914434704
-5.425968465326619 4.4670461985529
-14.416650676348295 3.982317652179699
3.3270324956235946 -9.26883125667263
-6.943064920894159 -14.765935541758179
-14.90820216474508 3.5623685750968903
-1.6796870225964646 14.882510242481228
5.216415720301828 -11.352764015627582
-6.38256494398823 -10.78363970227905
-5.415319482573176 1.7601277944890654
-0.6006921664003322 -14.02174776036015
16.127031977168663 2.49311622863394
-7.5578778099119175 -2.6057921782289384
13.315465355622045 -1.4793965772545628
-8.113222682141366 -4.59832784184156
-3.128918559159114 -4.868870814313059
7.977056828330429 13.376947815839983
-1.9945970203518257 13.987888808657711
-2.228580707509293 0.09180381768134005
7.810466121458365 -10.596990836176403
-0.37157126517289285 6.7337837818551876
1.011031889210141 5.197574310970097
-9.544011162782809 -5.417064506076122
-12.190948122696296 0.4633780676953787
12.675265867232772 1.67938837197691
2.939067506226575 7.063531932157435
-12.128253111071654 -5.396719192378939
-5.058061495498796 5.799717446956095
13.702238209796263 2.5386374422096347
-12.21308029794995 -3.1520757617286357
-2.6456249109053314 11.605994244523984
13.171995129947305 -13.5033939841789
-4.06436993833171 -10.962682459747683
0.003397538205190287 2.1197973059355313
-8.272408895780416 -2.0952399170376816
-8.145694363114686 -14.75633618445769
-4.658966934120635 -10.0903587107984
0.2301063819393292 14.270939892542593
10.510360746354309 -5.416283028902361
5.481380650867191 -13.100817071670939
17.667720127017105 1.8061395808398186
-8.031282492240166 -12.019826393322326
-12.91989777127871 2.316131185046892
-8.255256019667234 9.818456168319047
-12.826777368370651 -8.461365028504847
3.696405225992219 2.448104604375331
-6.131000299929861 -1.9971753602712763
13.459162050237214 -10.422665100284469
-0.8467404716625566 -11.433382981149117
14.051633752997997 3.419929582039581
10.795985101780431 5.599228252092023
7.222146654360074 -4.770577920732848
9.092057734542646 -13.47379835876344
13.146468739922428 7.712465748798567
-0.29026749983504807 10.167936231025145
8.614014081944603 -4.957087118527415
7.003739726362067 5.931125162330044
12.52153654442984 14.419646550481353
7.9599213510003635 4.296436617041807
-14.392819278208842 -2.781603117984968
-14.309062661236249 0.08782487307834863
12.011527226841181 4.100958054758668
-2.2616916129672173 -13.670971262569152
0.740483328544423 0.9410703832582481
-3.0121085776690943 -3.243431738957055
3.3543679941662923 4.2268671188121445
8.080607987061239 -10.833231164117567
-3.5859391301582217 13.400078312390239
9.857555534067465 -13.376896195293735
-5.15656615536739 -13.989489053376673
-11.988043001083568 12.626652865408566
13.951148204127481 -11.687903744504219
3.736311928373617 2.982226918603086
-2.8070097611880254 0.008621919383447363
-10.950954620469812 -10.244441425590784
12.613230741084461 -2.794890509453486
13.176005762379788 5.670124662995631
0.507223761246296 -13.29969219851567
-1.8982042811402042 8.66455758623514
-2.796168295733448 -8.65454144316
10.574253241197656 14.75922777709512
-12.063878370118031 -13.012779373550842
-5.320150663818824 -11.945189574777423
4.054221934117244 13.376584841009006
14.850195828368406 14.898426924053084
-7.36860533737775 6.315938131329344
-3.935692264410619 11.802886994913365
-7.168631915892032 -1.3445919342104187
3.3190887569779974 11.20912996183182
-0.6416951659545127 1.5076186793760122
-13.376357261580102 2.7511292841686092
0.7184411774845056 1.0398607297669145
-6.17039902629811 4.043853202640648
6.969746835523928 -9.878348761839453
7.460153457422159 13.75395634334534
-9.840138784102486 5.442568521239901
-6.697997146255194 10.650890690884275
-2.876426045154375 6.396778143735897
-9.205085869653796 6.304417177300924
-8.588230708566394 -2.8048531775584022
7.952469172509328 10.476377790641287
11.20323335768778 8.242518138308002
-11.242781831360233 4.797729173807722
-6.755546328491645 14.61603237080691
2.4539144457127833 -10.256215256945385
-11.285814185965759 4.381531550148628
2.657310081760386 -3.911619951632856
8.179851905259147 3.6689970358336925
2.483065205159555 13.236252716797445
15.64024185286657 0.8066016035456149
-13.19910601746045 -10.994108873002038
-7.221261520023462 -3.871869382765208
9.335782374524502 12.029458840194245
15.239562164625303 2.8620093656225416
-9.676706466966703 -6.247100766487785
12.952853188608367 8.685083452759098
-4.694329954241079 0.310395526246408
9.01401156000874 -2.8508869239162955
-2.293592839823855 5.727413562568884
7.685728713665236 3.360232268312087
9.9314250876091 -8.858748956442579
-2.38393364782773 -8.621362287569964
4.551635613564638 -10.269537671246571
3.222015091830304 -13.265847541727535
13.222378774539571 1.8787398888961206
3.9090551747870244 13.908410182355542
-8.37086349895618 -2.929533593854535
-9.038722345771571 7.4894786941338936
14.971833567040377 -4.2790500511230505
-1.0199599987189565 4.671501275389481
9.29715067793439 13.784692755016064
14.39389112537308 3.1398832968686077
-11.435502453899867 -0.6948882985053455
6.847707546504623 13.713605642579076
-4.369236500650146 14.71224912808265
7.709639330703383 4.488367940999299
-13.48149143070941 -14.894316515583135
0.6755719613030351 0.15475494955005686
4.711465553346674 -7.194215541839817
-13.162465581656457 -9.248135340124556
5.321787465209688 -12.684836884811212
4.776039957000851 -4.3793350692872135
-14.709644823202469 4.314928716224681
14.505518209195582 1.987850506951821
-8.1160166665862 -14.147017633147978
12.633265734031642 -12.15540485249282
11.373981067251847 14.807570686634016
-13.910606952104553 3.3192086787100052
-8.812221133055413 -9.48791833496486
-13.88956283885894 -13.698784291772673
-9.801688395517226 10.29992890384592
9.40530657146347 6.8588431080588546
10.53716439054294 -5.849926195769111
-1.1744821779381702 -6.11407479070871
-3.4119933265321656 12.463020350530925
-6.288237846950231 -8.43471858119214
10.603522924972602 -1.414718475018521
6.864088604373297 -12.117926102223706
4.514849503630735 -11.478179339130307
15.14599307177616 1.7177675635394662
-3.5140097686770932 13.654247690161998
3.4027088721465617 12.191279773635877
-13.76171317413618 3.794174694362468
2.9950026624580026 4.8114743609854465
9.635254791199664 -5.481006911157952
6.4018465562893265 6.20562449990003
-7.16381788069616 -4.090668179846731
11.63721704323989 7.410727949231196
-5.819107988708112 2.2374808924620204
14.880660235799851 10.632593680792787
-8.490610136490268 -12.184210057839174
-3.4501632737019943 -9.064239853297432
14.653621384477347 -14.756429203431093
-6.22481803498283 5.69099491231195
0.8983236124079319 -7.634502384409112
-0.22386834190577254 -7.389955933276462
7.7212742880279635 -7.513250706769839
-3.6714832573633185 3.3550319788724003
-3.598831085263912 8.904928194429303
9.208814669220516 5.758327280726614
-2.8714736151684246 -14.659409950969435
14.512184393875756 -3.6041825290819176
-12.347204184027309 -8.614774371527108
0.7011054590810968 11.716818643240291
-10.89856857247383 6.353756306765898
9.925766447070131 -11.481207013292423
-6.101791475672252 1.255158985177932
13.131586063069449 11.680029607703048
-5.176797919340537 10.296510962309764
-10.278687285089394 -9.451954778565801
10.672143756194004 -2.2927239157795363
13.483710381134223 1.0340716081494241
11.23795579104469 4.827027651362469
-13.208615049454034 -14.43421552309832
8.359167533038423 8.579094687190485
11.449326244722357 -8.052813736701925
-1.704273174743621 -14.377374420497445
1.0219958147839279 8.480673133375436
8.860312726134726 -0.5084660735191768
4.656498167046962 -13.402496590625313
6.360669347625752 12.303794907994863
-8.419793115178246 -1.5177804355711642
-7.230341256609805 -4.5584163548135
3.606453905471639 -6.826148279746992
-8.993822114241677 -4.096191652243813
-4.769001943052833 -13.54874488916917
9.510347444346714 -5.966670104960304
8.35905368805005 -9.01046379901675
-3.1781472266438886 -8.508962476731021
11.819811278023025 -2.16422182588361
6.073140716471034 -13.031845004444737
-6.176115141422969 -13.215544215040465
-8.318555059150613 -2.367005601688783
-10.61863700948688 3.8649817415339847
12.303024557541441 -12.739384307893785
-0.614653484300618 -1.2227089366305748
-11.559183939069758 4.8438135539534075
9.417357320213137 7.857207207237134
7.274581857443998 -10.50404863298295
-8.868471965439767 -10.112062532239356
12.714080831983573 -2.5588485176063216
-5.966093106190835 -5.59718789479549
0.8542864385255111 11.997966932667417
6.38474037426732 -14.200348414426877
9.522708992843233 4.4140770216830685
-4.818207456742128 8.05052509595204
-0.9466207582338644 4.295497738995252
1.3470207565335883 -13.840557152201043
-9.68551792172024 -13.202441669879274
1.0675532846063405 -13.813866562033654
12.223499247295912 -3.105092162419327
12.117694366526784 -13.11379870601819
6.964357639910084 -1.0783102907185835
-4.367249627402048 2.9405105977423993
9.880016975445084 13.00775205307011
-12.777696616624592 -12.457032587637705
-13.284576468042248 2.7336752905813917
-7.6358814362925616 7.227937041490888
-1.052533992888831 -3.586247593918136
7.766064646719016 11.563464794470487
-2.6768875083478143 -8.827854499061969
-14.696766854537477 -13.403900783360715
8.900435361145941 5.780393579167861
-13.930683968932472 -6.7245441962449455
12.939190400350776 7.298744392654431
10.867494407377848 8.832068809262221
1.2998337480071172 -5.249656192347617
-10.257415184565394 4.281303146488539
14.928292136842082 -2.7929017350148833
8.716479268522464 5.014650088811832
-0.7542483503802746 -6.755887795492713
-14.349915893485635 5.702310039457881
8.247226508645989 5.753210523137081
-10.981595946556915 -13.426948650720336
-7.77431432917827 5.45843970874251
12.280072946482369 6.880717891367539
-0.10562550923414804 2.1782898990354944
-0.48358148955177604 6.279934988034086
-12.375065792620001 4.149776280249942
3.0083864170449566 -12.754601830667646
14.925236374290847 -6.956284195713529
-4.083647879105454 9.242904417778288
-6.989527996261668 -10.42158695246848
11.120978037656513 -8.647218004869973
-0.6443648204993497 -6.250135319813433
2.9129111207813594 -2.885615315667474
-0.5246410343823058 -1.9384862947696
-9.249365148329113 7.920344656796083
5.188932136994101 -12.836000541168978
5.967799715415389 -6.292417420827833
-10.63652807584915 13.256476279919504
13.68763902627164 6.509428893954468
9.725238063761442 14.566936339747823
9.111756333254231 -9.394448953099854
-12.398122965162306 9.445697809778386
-11.120145649857346 0.8637306121397899
-7.12999553057171 -2.6003515556011765
-10.23435120989684 13.44121599528641
11.619989144117351 -12.637868266791056
-9.11511362576032 -8.697797279273866
-12.269847888362658 6.586725938471679
-2.7472118905626264 5.545138948640755
-14.16444035535794 3.0062698495278006
13.931034672815048 -11.336606547189191
9.695025940466168 4.812543754179021
4.806086782199426 8.104735916059703
-3.082339103521969 -9.30669477545278
-10.490000381829013 -14.50372413540981
-2.60810205910402 -1.1648919848688148
-5.1426588529608015 7.6139123539107665
8.22123510890929 4.99672204257066
-5.7795613156634325 2.860429825650222
2.494682460207713 11.240497698788268
-6.2282627322114985 -4.820896206909474
-0.03345362017380715 3.1498467356360216
-10.000570263341823 12.24627010212324
0.7663569750158796 1.2970432914519634
-9.035205116664585 12.140607797651437
5.9299817556815455 -11.824431451757992
-5.910072429015173 -0.09407189525421789
-14.86146431674681 13.284018218260169
5.354996986493067 -7.552346187478069
4.923495269653657 10.003972550023928
9.795795814765185 -1.1979121756488205
10.302892041076017 6.952255281955547
10.277229417305836 -12.038775441590662
6.033714951014826 11.610623362193195
-14.78113378447351 -13.655317544535338
11.64467267809368 6.3842631227469715
9.839368599667404 7.724338778176587
8.117172495203532 6.93783636800998
-8.976396366089359 7.156640146499227
-3.3473878137503448 14.4890916459428
2.701515107487225 14.60483928389981
8.88926192449792 12.659222372854938
-1.3666650895560455 -13.906551733336645
-5.952432615551704 -6.050993808255379
0.6274366602267012 -14.00101365294131
11.769991683548962 14.950332306777252
-2.053091417014265 13.029095652755284
2.3500013702238007 13.79021914519831
-8.848267302065933 11.390945421243178
10.403341266325711 13.785143556953471
7.815779034659771 2.253966077994724
-5.134486708661484 10.308676140167776
-7.802258313697289 -10.868911372731485
12.283059103620145 7.659303252758022
8.578065376341636 5.751159181926173
-2.6365041700385063 1.9182473011241115
-8.98406926709497 13.238576015578566
-2.670771186512452 12.835566761509295
-3.80564628279307 9.087313445594468
-5.795987403254632 -13.069379309129955
4.242543142230307 11.224931064384648
-4.73009057561031 7.760133021753145
5.874221464768771 5.333151820435239
13.665391888804955 -6.524353157151348
-12.283807222354302 -13.963167958353543
12.917682288848226 2.6344793469404473
-3.3369100342402476 10.414758621698834
-3.1021008858988264 -2.841008790750058
-13.037624466111806 -0.8786874729145921
-8.519089693305627 -8.613447896063505
4.349502274162241 -6.257575778737182
10.318259592751907 7.843631931919573
-4.371259099263266 2.7980866495334844
0.12045368417223301 -0.19199564861925644
-9.622263994827083 7.020511520374714
-9.08846164977741 -2.315706158204
5.778487062125635 -11.311171710019567
5.963780461349575 10.503785013819218
6.127471617960904 10.156986118768131
-0.07217117473920531 13.482531954469756
9.934250487829411 8.604692940888263
-11.1333138238809 -13.645351594665975
13.43012938844922 -12.159848751113591
7.450413194065004 5.472330649657769
-7.311837997560331 -14.989405525955902
-6.140873048961504 11.05428511669762
-9.304401590872676 -6.891305144043271
1.0707256352285732 -12.73794887467413
13.188851420647044 14.283771502370346
5.301421260284783 11.914783519995105
12.68823175094669 -0.5013799355810029
7.901149801179656 -12.692820497898047
-13.625655465170142 -12.546317039449633
3.167949212716273 -7.581298935532655
-3.2713510102060432 6.185212106393436
6.501583059123149 -8.347818489775417
5.287453513240564 -6.531749677784424
5.451541421037323 -6.1740130775237265
7.9749407922731415 -5.514950293316327
-8.37174301041626 -3.743453582623636
-6.647990921023167 12.638980583037348
-5.919343011567116 -1.301786361541263
-2.226183948204353 11.872065972147531
13.853616012983274 -6.659760977731734
-11.643011291018494 7.441120588873061
8.33461112536759 2.9688127968329985
-2.989403179232413 -7.154608211086114
7.054333680522632 0.49509293729692416
8.309752358713684 -2.6452082581216665
-7.703422735328057 -2.770921618492884
-9.451177853949126 11.90222915409785
5.869451604471095 12.195811272923063
5.840308961729118 11.072222512269185
-14.434049886897842 3.773705670595728
2.783744804649313 -13.193366263645215
14.133641262774628 3.8298851735090778
-13.636199062459463 3.1299821858967576
-14.947617794902158 -13.33864752422797
3.360308416026303 11.13213598031636
8.98448304668381 3.960873480055903
-1.639048747080695 1.9085787269271215
2.0036617759820636 -12.959922988179311
9.192748935384406 3.7310379051973115
-14.74979841758171 -9.780020982683563
10.051160315034675 2.745102552003366
-11.910087721086393 7.7849484430262805
-5.7981566894869125 1.4954386436491482
13.822053044914487 1.5437529366541138
-0.9718695794724912 -11.066221261929249
14.166936806565849 1.579216917716428
-14.37271581657437 14.379460810431954
-5.866256286220139 1.9845682703547851
2.7463628073785245 1.357379109093099
6.575314766309663 -1.3868520189909006
6.363615759322187 -7.887968773254467
8.474407791031108 6.66033250065401
0.03251747835634866 8.490971726904881
6.761190028505805 5.114850592207067
2.434205437509302 5.783603103674388
-8.14988907415605 -4.372436541641549
-5.329528558125377 -11.881902692412119
-8.01983682371958 6.424778715204697
-1.4094756638041588 0.4998898019242066
2.470538048093232 -7.135709395730395
13.740323349797304 -8.448002448849007
9.298248799449961 -11.706723945625264
16.22479297336247 2.0034491194915467
-13.836222206720127 0.0005056421299638458
-3.0328002948406425 -0.2299617801252989
11.011492042506148 10.321616815981926
15.65296015449118 1.841655956049185
-14.008729807522775 -4.833506266290005
-6.770950035895273 -8.290523838707731
-1.7117257657023508 -7.979737363256627
14.275831219015338 0.5535426058044108
14.807968641595199 -5.25049129795031
0.6369331769203033 -9.465255050952155
11.890137327682393 14.873208138570302
9.574811699306753 -6.094330666753127
13.981185536205139 -14.647647928599351
11.323206533370573 -9.866976253224227
-14.820954235470722 10.082105760850286
-6.295729570789241 11.935495444672252
7.692993076555805 9.785953698654389
-14.2689638917133 -11.327431082541148
10.426771687342168 4.581724472975518
11.67692832539121 -6.536093940177176
-13.556387906690379 14.750800109220268
0.5888160624041543 8.204905357479355
6.958761350337642 -1.7777023531973697
-12.43588294011575 -1.3027694183242229
-6.5413828544954296 -12.099733700780963
-2.6776776142849883 -14.964880288240675
-5.836999372426101 5.634554042648238
15.919558332804929 2.9641647582166035
-0.5772539735152442 -6.906785552232545
11.538623803725805 -10.202220476578667
14.900407117534677 0.24784146801197915
-8.34922642745547 6.891485311606348
-7.733726197433768 -12.688268049895157
10.14484127923011 -2.6746448533298732
8.880316143438424 -0.11566274182437297
15.275105912358699 1.9257703195038693
13.233058020611907 2.8773198320349938
1.5828934498346925 0.7352601818589974
14.058264721476105 1.5725986112129837
6.808758384342227 -1.996967649788516
-11.673028787647128 5.434811253231178
4.519228755486829 -2.3533123818340034
-8.677205647103044 -9.124465668128279
-0.4176517966997739 -2.484586309717802
3.991702701618223 -9.595326311769265
5.690998175975654 -10.81456575594091
-10.268546140981357 5.463383120505811
-7.151717151779051 -6.5789772237150235
-4.760153160645791 -13.768451870693685
7.461622136687372 5.0237920102154074
1.6472843307030658 11.679333110417371
6.316879092429321 11.450767816638031
11.659093647053073 2.9003114882022203
-1.3780975234941852 -5.1694789205541305
14.603698728354964 -10.762207229857255
1.5934334758599071 11.902808768806668
-14.706242315669392 -9.88361438772842
-0.9982158201375047 -2.826032278386055
8.842794769487746 -7.1687191612217305
2.8491592720063252 11.81365794346404
5.6540080554700864 14.25401209100091
14.821212962605927 1.592203265119045
-7.81419102459074 -4.245649736002298
-14.063889649515799 12.568215253363945
5.926438252498897 13.170109418377884
2.303059370540435 -7.693341779461392
-4.536478775441664 -1.4088197037266221
6.982198898493845 -6.4490038260320475
1.8785219959905781 -0.5287256277296173
14.664093627979618 0.8965432414311747
12.066475423270344 14.141583734779736
12.597888506978563 1.9655209198885255
11.211971104656373 7.021820121178875
3.3914301618624307 -8.512314509194006
12.618537762199967 -7.2549196165305
-10.991015725256355 14.890429362333265
13.222371630333408 -0.40247869811939285
-6.03800444514841 3.145188349811079
3.7158555667388846 -0.5351950295169878
5.908050121994879 2.0135314573535554
12.691747996815616 7.13680769463779
9.838962955721128 4.9706996984793985
-7.547030183493826 -10.389642199089362
5.560302889821205 11.126676695737139
-14.424080168072797 -14.378031611290217
-10.896981996341323 5.857056819391563
-1.2274776097142226 6.193578092693986
14.39605822788485 -8.76206751682736
13.865320608880587 -3.4888158102472016
-13.444701264927422 2.1511431768120275
-7.79239053449629 11.506344519794773
8.562920653584028 5.283465663230013
-12.911698623413553 -2.573552919187465
6.872576624259789 14.724045823095022
12.049524894724684 2.4249674152125458
-3.5258452306055936 -14.216828123823827
4.2687863510484085 -2.570341022966103
6.959062444549144 -0.06765004309434453
-7.297916981179181 -5.964073735357346
9.883868285143215 -4.329355569211531
-9.082141000381663 -8.873939106424977
4.141379297423658 -14.645628062152088
13.86163290063855 2.3147655904779034
-9.995274827543938 -7.981967499844017
-0.6083588115817022 -10.4868139114472
-9.203466097875724 -12.34289364895929
-1.8027834506047764 -10.03817565109002
13.761298707639932 4.438650294699663
-12.687549151877295 12.65723596672865
10.718712667023814 6.1526655596714654
5.1378921995190225 0.16424036782551177
1.2056084046495137 12.239996889960768
-11.401923923695463 12.37086752753218
10.84475424069424 2.7942213703251877
-13.33975132438392 -14.914831160079745
-4.85771245970891 13.911866666259826
