2500 2 5
8.262776209885736 13.14438390853665
4.597472505135421 1.6859922629470105
-5.359954004490264 -10.779124119514435
4.112021072048805 -6.6018583575257885
-0.8329747757229136 -4.064701748269686
5.78055551457096 -6.262087012311495
-14.651283369166327 3.685404168665361
12.317786699887815 5.902835527623012
-5.433737960426871 1.9823403835819597
10.620792821068473 -14.522634780649224
1.9587711791022286 10.69384875709287
4.5644467715490435 9.735683182122308
12.009399057856225 -9.839653785769912
-13.829497494619517 10.641602175462612
-12.277059144522823 8.969062543493395
12.550957394504568 13.313309798703695
-10.798140789622677 11.903334068939305
-4.25382505753387 -11.476221895719307
-4.633403408218003 -8.950825208712793
10.17049148501545 -7.490640838048671
-6.498540487712086 13.31456973650295
8.96991213474612 -0.6715893578826222
2.7264747758753813 10.412845860329845
13.153663092363004 -12.198979319154802
-8.083698934501108 -8.485295560560363
12.523196104789864 -7.360815280573584
-11.01565223382564 -14.191065036599529
11.709338926339978 -3.0951976560793657
8.977260177992601 -11.586310964029975
-11.778091460971782 11.338261958971028
-8.961313142517835 14.527462709649189
1.0939502095313998 8.475603186299512
-14.639655260436438 4.254875595070821
2.0900070871188596 -1.6762086892177095
4.89490326893187 -9.231688872536303
-3.5688734818081134 -14.619875935812676
9.853495969239116 -12.800890179613178
1.7831024673125029 -13.704059790200883
-12.837741551430689 13.038873297450188
2.6862518773696635 3.2052198952643742
-5.226391016084772 -13.7522951892918
0.1575630395102685 13.732008480525785
-9.61991601407669 -8.25791991152747
13.533201528223806 -11.752543809603207
-11.609916589882621 -8.2997890257849
-10.294895181247945 -9.507438168122784
12.052152251246657 -11.470649831284781
-3.5083092058707575 12.504246203528115
8.070302929986582 -5.096839882386687
3.4679525341131026 10.591959782521055
-0.769007358108647 -10.954876594048141
-12.088476589218534 2.115467910141316
12.990812792528214 -12.664941657891504
8.018033256629675 13.820317191684456
14.223824458838353 1.8548017189324257
2.5358187027039456 6.417243724551245
9.31733713365329 -0.5903589613336493
6.571825847820584 13.433680681567097
14.57695549570754 -3.823059365857995
10.744771972987799 -4.095775507221811
-11.359987825967986 -13.608731722362888
-7.56096784370486 2.077897008755464
-1.112599142757695 -8.773663134854743
-4.816528235723901 0.816636114195628
-10.487858606504286 0.7193390059870772
3.5576652873262553 4.664259431415736
-11.145608609022487 1.5114497428543636
-9.304401590872676 -6.891305144043271
1.2184068191232775 -2.9645460172671143
3.9653556426302607 -2.2413669187439638
-3.6769354077651073 9.186518260142876
7.725346181329819 -5.4733157124231475
2.3162943672933665 -14.46478550425105
4.943650322361918 13.355476456655037
0.6230842969744028 -5.389040212358543
-0.1455234903738134 10.021042952900896
14.841311325078298 11.813039990565638
-1.2964625007452657 -12.57133402491343
11.915546900847328 -9.185936812146121
1.2907651732784693 -11.315806990939972
7.626536768254823 -3.011580745207546
-3.921291981800856 -13.398954164575594
-0.6148389291594132 11.923030006586913
0.782648396579555 -11.193866724977275
8.808608582989063 14.628065751519436
6.156195837883537 -12.360869661014515
14.586743677155454 5.2258296055370534
-11.501330947908164 -12.304138707364539
-8.828768044728331 3.072060111088411
12.948809882995143 -7.5695698365733
-1.2604920020379282 -13.458867838364874
1.8124876125636042 -12.64703390292826
-14.906033220627853 -2.090415632808053
1.5765514751413328 11.003762880145327
12.192702659720652 -3.5013198442843585
-14.752248569394428 11.59076156959123
-8.205128882893312 14.296566179386677
14.250595490039107 -4.096320613646894
5.104998962901842 -6.8399083579361015
12.421365959671789 11.48893266729835
-3.5082660286463394 -7.015283400561069
-0.9311007235709781 7.749785150317141
-5.09826595534015 4.712383614759123
-11.328592785839776 13.361404347684136
2.2439666057377465 -8.166599003098565
13.708417128501033 12.852447055703916
-5.811374101488111 12.620526076335665
-12.331447249696513 -11.916332845358745
-7.993076078060424 12.923341861272135
12.97546524421254 12.158326832812183
-13.576665433425068 -14.631516936725394
3.9338215082311194 -13.363432152472214
-12.772734794771115 -11.885551934322097
-13.97776669260814 -7.085570389348266
-6.045656040905353 2.0341359614165526
-12.870962860420763 3.596153987241962
-6.650012711963582 1.359385188749961
0.5534953999472307 5.453621120998182
-4.245961212945353 -14.756011957069061
-1.3613520517734994 -1.9769236912142354
-9.862584288433272 -13.453620659710383
0.016609409691778154 -0.5694053529474488
-1.2262228546768768 -2.315875127308894
5.380661755192552 8.985115297354433
0.8112335472443242 3.1979000796106725
2.887856502308935 3.9047927167730663
-7.5006747473196445 14.272745669496551
7.668984890706973 14.902815978558568
-11.090413068845939 -12.396272534967917
-14.675654569871604 -3.2337283588053083
-14.634484660239401 11.451489380718595
-3.1018832387905064 -12.064194253058389
-3.564758056435611 13.533992712986127
-14.799077426832794 -6.518129397765405
2.1412701996370807 -4.266037449933517
-14.544109801970906 -4.048607047439777
-11.153736474167708 6.923335275065735
-3.6947108754150157 -12.11085953718862
-13.813904357045525 -9.335231367839967
13.533221199753246 -10.423610356956194
0.4981320179965234 0.8189513258604837
-12.700908315301847 -9.126515033482807
9.967944935230282 13.084592913780256
13.365879043405853 2.7340506532102347
1.885185119328149 2.6236529260506636
12.821107741230495 -13.605816565680533
-9.154853744471849 11.91069363177899
-11.37875463487271 1.8111071393268539
6.646956754978309 0.3203120216125761
-1.023020983110296 4.463436600302181
10.227338356823903 8.792603615792963
-12.151313767291477 2.9361287669595484
-8.192106099872131 13.29455793040393
7.543264840188623 -5.322484465598665
-9.08846164977741 -2.315706158204
-14.354442355847283 14.959106363127262
0.10953828323584602 -6.359258503239737
-7.440585387776263 -12.807447383573592
0.18204421905863732 8.145464727959556
2.73784478236891 12.55168282426596
-4.9152358934570355 -10.18924489456694
-3.4965382955443705 10.63321933494925
6.251217060264654 14.096957943667718
1.4197639856562034 13.67329618039524
-5.888337979858548 3.5132456958315217
8.684432866671674 -14.217381640005032
2.665424459626035 7.248428134803884
2.418283438106993 -0.47245586242278215
-7.463278131839317 11.403597866442414
-0.6915413527576355 -10.117547661679774
14.612265400646589 14.90521127573922
0.4843958782784661 9.083567235233357
-10.111364788062396 -14.6811868898469
-1.0602425376778282 13.130508116886773
13.377208969140304 1.3582541649619582
12.19244793319261 -12.470026684871115
1.1070408104464278 -0.12884684615279518
-5.1968130315273005 4.790871695281691
-4.137280396684389 3.068694920900356
6.197070689545988 -11.952969719426648
-6.572800842693706 14.471328119212505
4.353568518801751 -0.2736320289359444
14.457708470756657 -11.238125576835282
-9.048500263400687 2.4539128628072575
-8.048908327615475 10.785594648124562
-14.416711285135431 -12.085825438798885
-1.4713451668564979 -13.171944540287093
4.729903887348687 -1.6227611912156341
3.8036252728918427 4.193100025985746
3.74540426557121 6.573989487662978
-1.342697796322156 -6.170181406615233
12.18539970999884 13.650854934001256
9.946829806667058 12.129585996293038
8.758825285429985 0.25325393344160574
6.149414253912372 9.080836592886694
0.32420827875464653 5.728529996401711
-9.462319075777 -14.175117941543439
8.840144303240265 0.16897834390634614
-8.69421430309185 -8.946614285745763
8.741795192121028 -14.310257588433542
12.28762216964309 -3.6933515119309988
-5.358633230172726 4.789110614585482
-5.7794780329532855 13.366820764676774
-6.244575790672627 -11.71393162569538
3.067848163989389 9.974651789929414
2.858758520225553 11.527909332005159
12.540100816772686 11.753843579086293
-6.709017538267156 2.885063422275877
-14.449631761278942 8.734262687977257
5.400866460163108 10.318811268530808
3.948913108515349 13.158201510830281
-12.235019363625275 13.600166908127086
7.850040968442535 -14.81835938784538
-13.594342521108482 -10.31230963697415
1.9918850169348232 6.604053464780836
11.51171115013339 -6.019481196487069
3.8461845631966014 -6.624860115505822
4.165350285947447 -5.508728907865116
-4.951146464326023 -10.6409162438174
12.617763275779385 11.646199193441607
11.648807399537695 -5.529754351265051
10.635910440592445 8.79132482510298
5.9072158868979425 5.3795620211071675
8.628286742200583 -4.287609378840699
0.0018883073824813579 11.317320668448826
-0.041653398225077964 2.4517032378428993
3.575691465551948 -3.7877955615338763
13.687861608979617 -6.400469185439018
-0.12572399320158922 14.672163949478776
3.9787588662779427 -14.645596464784393
-7.370208761883794 -11.442382685639846
8.725854672218517 -13.318079247483517
7.878930157875075 12.397639619548315
2.1162694625441816 -4.887262602577042
3.206768763307551 13.222057439359894
-14.708184943284056 7.219987329076865
-5.101960938963483 -10.178493065954823
2.9255619177861227 -11.988156411267866
6.153745924709728 -1.039177282056606
11.847584342426359 -11.088555091737181
-10.478574162113045 2.2620758139995374
-5.677344697022729 2.7996731893398525
14.703443366281935 -11.82571684061654
8.855447964379248 -7.28267386925633
-8.349522194446024 14.52646315054917
9.802716665353646 11.212844081713758
7.090895433217931 -1.338083084935537
4.393019716841682 8.594163752243873
-10.242303472785963 -13.919763162191417
-0.8416179267862667 12.892388453337482
11.080114890635237 -5.6020044680148935
7.783608036690907 -5.883918254221882
-4.577486567161097 5.899711834089228
4.980226867083392 -2.957677687576574
-10.207104987184234 2.4749263787565354
5.480350768143229 -0.8731770056700725
-9.013260977336968 -10.99283933827607
-3.8237392608164207 -10.647006547495302
14.900285182211938 12.980827604234399
-12.34405194485715 -9.873482906762167
11.263173781792041 -2.080265669308057
3.0248289320473596 5.638185637268066
10.578798096670543 -5.69892785681335
-12.644007177507184 14.87996421441495
-0.7861356907547918 -12.432890435962017
3.043562003054074 -10.982370447170151
7.363819545652735 13.53195095500056
3.300666910004974 5.137027574386835
-2.941996540290507 9.252105436555329
-3.381739696805914 10.718012588258752
-12.353951859216131 1.0682076825404891
-2.7612687019101774 2.1587937728218343
-5.52461598040659 11.509281325987544
-14.18559161475591 8.719174527133603
8.24319817365475 6.366969586873601
-1.1762854554406914 -2.8492621781087664
11.023904910233256 -14.637766152698621
-12.773506103856285 1.8408426264876887
6.439951509577135 -4.819434280719491
-9.60559749414939 13.976365141043924
7.297950501115309 -9.629502897726585
11.879000316541145 -2.622910663297379
4.972084126964898 -12.207420421938798
-4.723052825319735 -13.137403194180376
-11.554211534516156 13.233322369694179
-3.320272250419606 5.089447008506411
-4.7723464661270825 -8.945644522794712
-4.144621220846577 4.258118959668938
6.2650435148366235 -2.969447621495796
-10.80983031178441 1.6582028832826055
-3.7374410806380585 -7.683658590438052
4.222295656882487 -13.091296573326497
6.591698779144853 -0.40144956214452776
8.724555689140868 -8.924487526601656
11.959249178827438 -6.145932541168126
-1.9179758458463976 -1.9633909887593521
-11.568545175048985 13.420247122403971
0.8161370008481903 2.1707815487017683
2.937158514594131 -3.1487500082133852
-6.208840983029441 1.966150966316885
4.22632844424604 13.628047599653165
0.1323751553510668 10.49922004791069
-7.020857879121234 -10.775043078826865
3.140674564425204 -11.467639527615585
5.850281782845919 -3.2611357823811957
-13.698310499706999 -9.284139954131268
3.417408172014241 -3.2826603011975735
12.180415274764886 -9.804831322387791
-14.84932013423983 -6.258161475788194
1.6895861064871198 -8.79921389315964
-1.1443825747897414 7.81819236305703
-9.007700999890012 -12.361913739101713
2.1957561561982217 -7.579985793132219
6.672962743472283 -0.8525255976983246
4.226115987516753 -14.79060046367395
3.8075594855199597 -6.679813201151472
6.548618024397509 -1.9905418077946067
-0.8795563554842385 4.359925960437682
-6.423084000199083 3.3188098826149286
7.852517689301054 4.961504417768619
11.156753168391838 -6.1822722476181475
-3.9423203744628914 -8.358853330121276
-4.1713007156936435 14.59402094028487
8.45676603433975 -1.1869803523161728
-4.139447417573198 12.33894122153361
2.094268056477972 -9.781190424942896
-13.85653558888268 -2.6345819319612023
4.777481273826073 -8.195055333204072
13.067132559062472 11.38822051823492
-6.253538423464601 -12.110429558388883
0.5924420297676374 -11.629251398070696
-5.875549108278882 -8.596831087545029
1.4858045583474713 -11.126330066216825
6.451138552559179 10.274877806493102
-4.601368663685179 -8.730770272101957
1.7562415340820081 -13.775420806996546
-4.807549526480507 14.083183263308179
5.472338642073172 12.332927163161763
-13.393718775335442 -8.82419160232874
-12.658207693860689 10.384124667377492
9.839104863164902 13.767268149374956
6.308728805732457 8.959992586901329
11.73958280260613 -5.6276800052264715
6.205780735917777 10.82202166451314
11.79286447160208 -9.8543169886999
14.812469567253043 -9.168638639258916
-4.208074297318587 7.175442653224181
0.594076485433428 -11.119998300516563
-12.21514982293423 -11.167124121412915
12.45673785904862 -10.719272470877652
4.2874935098085345 8.183088941259072
1.4153483822771733 -9.767511894050049
11.636808899970276 7.142375674809916
-13.292217498832828 1.2270294984552663
2.1101669383987947 12.771468638548953
0.4410976162890634 8.029743140853473
0.1303889980097157 7.073191767432409
5.912973013172577 4.471465274062903
3.749658587288856 2.849794998191147
15.815573962564113 2.649186815677167
7.77421447025575 -8.827927389405646
-3.507989476448623 -13.89471120853328
2.279601984697603 12.978977835766116
3.9103854017675133 10.032801896473565
7.950903972228229 -3.6043549987915355
2.1554396582602173 0.48752571053044846
1.0158739375600838 -12.843721789077671
-13.462733059572118 -13.31095722645175
1.2864486833766193 -6.979466595763551
-14.791904178896985 6.436449801425255
-14.939229111819666 7.517434088925157
2.4691984905487843 4.793850523661661
13.083189485201014 13.745580020069912
-12.149718620439064 14.12343843374384
6.729131904243875 -13.756352086308079
-6.814459367822723 13.148294317875802
-6.8190588138202095 -10.474180168248193
-12.765047379102644 -13.724455824453653
-11.268323918519421 -0.21645104813675253
-12.102635532542601 -12.108911868846103
10.044753836888006 -2.311486503066657
-3.3219747638261836 8.278944429792329
-5.726238029355432 -14.176707778499436
4.207695591912337 -3.6429089384734823
11.599557932322448 -12.078317849914944
10.139663078475593 7.640734333569737
-12.184840251035327 13.435435094769844
-11.416157643650866 -14.608039785071897
14.328340223417008 -7.8748691705614124
10.516174252158528 -10.991053623859845
-6.43325342617578 -14.561577853834532
8.28477629109656 -12.455275064881857
-3.3720708988692234 0.26010275706573793
-11.853255458714193 -12.460236173250406
4.993220447466076 -2.0651685945967824
-11.333694636058155 -8.54742785560494
-12.895019059076006 -9.225446709696197
-0.4109874889294609 -2.8976029356786555
5.392141752687518 -9.21629599618505
-7.346463714728661 -3.7150340327933367
9.014981120231209 -3.547326092586692
2.0389279345646685 2.2560644123540143
6.888217914773428 -2.3974249138544774
-2.185164792898407 -14.993109611462405
-0.621271161108595 -9.970849217582685
4.9105683870822325 -11.162288705706533
-3.181226732738068 3.842627621066594
-9.370577632216783 -12.209456085494669
3.925909066223987 -8.267844240720528
0.541248148733871 -7.3095329397113495
-14.395397069272116 -7.535352812009057
-2.4885380791458296 -1.4600891923415116
-5.746971659921792 9.979459790198138
-0.9346318210717826 3.34155046177845
8.930010053864969 -12.708746330027441
-10.727066607166696 8.074813365820376
6.871908978153059 4.712860214832923
-0.30235374979200635 -5.1413759258068605
-11.096651922768302 14.17153826366479
-8.604083844916872 12.67316838414083
-11.797748777629726 -11.010515207939397
10.252801854810773 -8.272329156053395
2.638115939453698 10.625989364753341
-11.781639494688992 -7.513000381194078
5.2615111361302525 -3.7189752154772666
-2.8363096900264964 -6.0108215711507516
9.995956878887206 -3.1420698630442736
5.976213644798147 10.153233543944161
-1.1814678979744855 -13.889747487518651
1.987539972918654 -5.4111470569652695
-10.284018959263701 -11.889032548869153
-1.7148112316996524 -5.880333658478294
8.02562065210033 4.495672382494118
3.4690816911059663 11.899094751468336
-13.736736291432676 -6.662924651877704
-6.563875382740678 14.989968941885955
-13.395659989124542 -1.4703931916494781
-6.3503658280643975 -11.787077196651152
-3.089437876269413 -1.0101643103191869
-0.23415126929847752 -8.441720967542807
11.412204971135761 -14.696852168430564
-5.225895604027826 -0.036522696234271734
12.586127150438621 -11.69912748644385
15.253020355016156 3.003218295787055
-4.922496061379547 -8.67575705102762
-2.2690070884217697 1.177043950823034
3.7772657856942864 3.784860077391805
3.7051435020907384 -2.257297074045482
3.4150391216136846 -8.236367859432018
-13.702484746783623 9.79829140711826
3.9822617789874215 6.287061435980998
-3.8370655215464957 14.238835056372633
1.3920323829014762 -7.407840263111324
-3.1472844139721303 -2.3181886074908036
14.376681877234745 13.940692257345948
10.372442057772652 -8.195724482974985
3.8583833466386537 -11.041566784328904
3.6613454621672368 6.530972535551342
0.6959223698775823 1.0527984061429407
2.205766024873956 1.4466552075140697
0.4555891200726556 7.357918925125357
-4.767373970749093 -12.511428578783867
10.58431748337346 13.584966802038132
2.6646619170586767 -11.080773082308918
6.5852607245960435 -10.0074844305124
2.7342407415778105 7.618371184515457
-0.33713414654031126 -3.2030404307032025
7.048982563789529 11.61182965674108
-5.469229967066703 0.512426936294478
-13.404526328911967 -6.58155155767475
-2.0477731302904196 14.76143525127413
9.051252367202952 -12.626384140435619
2.387634720785119 -11.680359374071148
8.098164112297141 -12.303176925251696
-1.5678713132275686 -12.804518752614833
-0.0819892594430538 4.852887933385748
4.08079609969003 -4.383384650417401
-2.2920353924336716 5.115638136262138
10.269599504163061 11.505347596410704
7.5050185371441565 0.034123979796184756
-10.778053906827964 0.5378208697366524
2.745856961956644 3.650881236642949
-6.801672847483577 -8.54727072604018
-4.377139971096014 -13.865973432138551
-2.4089226886423187 -6.05235425014137
-4.629437440156311 4.961092046287522
-1.6159778851491549 -12.791064044831735
-2.663657679460149 6.604110862149472
-12.02636916508867 -6.487944116765801
-7.942901310911584 -8.941114665373584
-12.592909770911149 -12.470053532004561
3.435985884370133 12.132889288025325
0.8210444331779101 8.675125112857351
-5.09168981319119 1.0991185454737646
-12.772283138201736 -2.3317021046045223
3.444531297947183 -2.5168556834300215
-13.208436075383297 1.9939377445746516
-10.869872169563946 -0.373270694215206
7.076010089161649 -14.235694394623007
7.171164231537901 -9.04725896960881
-12.774639222198422 -13.853561971765542
-3.8271209341047516 12.079095299988772
11.895904540517389 -5.643501063592055
8.040082300801366 -1.4369586042954836
2.484162889423832 2.379275273274743
11.56445436450229 -10.580345168331075
-11.869058134921119 -13.02510413470417
-10.980310477736563 -12.738537321271922
11.674622643594816 2.552082055413625
11.219391119765113 -12.707176200029142
-8.655385150029465 13.979473077844446
-2.4546715380779514 -3.1928866084570426
1.3352147718805156 -5.51152521316285
9.982152058981054 12.074673551934538
6.020522451477937 9.518623319288423
9.895033604301943 -2.228314953203638
-1.530205149824372 14.388764670637528
-1.2152724503525043 13.785047417075155
14.156216587633256 -14.948411135832451
3.9274479879773665 -4.800331182568559
4.34227733295814 12.520640739032004
-9.889817208884661 14.640037924176546
-14.531695844468583 1.8482037546416592
10.35963154287871 -11.201741377063765
0.7688633833251899 14.600552567563938
14.363280162600192 1.640022526756776
5.488440950284048 -5.476851318442764
-14.135068325547056 -6.910986783612181
-0.41613421003229156 11.484984777189513
8.209350539971993 -6.924664142962309
-14.275949872609534 -3.5596528866319854
11.61040235519368 4.922491006783314
0.12587956873493233 -8.004759794279197
-3.665569583132216 7.128332253571262
11.142956505841529 -13.252852686371497
-6.389733205692195 3.010461721038933
11.15294979659356 -9.969262578620146
2.890872191109974 -8.49542158452591
4.284707970814434 -5.830909141246483
6.574212630059424 10.655337300095209
-14.797238282489385 -14.658704040882311
-7.4489077159313055 14.806977991696638
10.93271194725397 -10.600994706620263
3.5188128201141247 -14.09012107234432
14.363780382587933 -14.694230531168373
2.6293552511356815 -4.803103110265553
9.251092456167271 12.930198805856953
10.337164424201248 -11.154226442514844
13.98696386371428 -12.2212920004159
-4.010703053932955 -14.819684292539279
-12.61729274279247 2.8797219712012954
9.05578260388318 -10.11105221357683
-6.876176964212057 -13.506212608953017
5.030901221065793 1.7666038333067178
-3.0944140094156793 -10.287684786438938
-3.0734957770828757 12.912959964296324
-5.528398361666154 12.276279899046571
1.817830977889134 11.475031195768409
3.301396213896915 9.887078505588033
-13.87444375087016 -6.381664853088587
4.414655136555837 -11.583478853941992
13.382483063328117 -9.95108380852044
1.5709495877553685 0.6700912721619972
-1.4655602978902493 12.243071605262319
-2.8799512973911536 -0.8668709778922263
-2.7514524720038906 -9.647506567822983
-2.6057393410244494 2.08924488836837
6.469376570752829 -11.117664139898254
9.766932143398813 6.38275444086165
-10.603809454050463 13.294020353299242
8.574368617861595 -7.761735466425529
14.061198641219786 -4.195537597145082
12.344562640347068 -5.959334037765775
7.832617123472513 -5.086732070548921
5.587220156902259 -11.450778168255635
-0.008651899095488247 9.58764217186651
7.023999659509752 -10.270298093917015
-14.47595232174093 -2.9876976997104734
-14.055947378047366 -4.132210557016164
-3.115964174570699 -4.488808461087132
8.955973947140809 -13.235493266957025
2.7643863102907673 -7.283430803267363
-1.1074103002602822 9.550712630484426
-2.653387368273073 8.240200115036515
-1.993583211331103 -12.501315645766244
4.093001041805579 -0.17719084574092037
-3.3888409888163338 10.386305754701528
-12.700934625544122 -14.490884049988983
-6.248956193302558 14.903600053444261
-14.183669785155182 -1.632192668771225
2.853789212422523 -10.191916228467372
-4.263097438956606 3.907653093212815
-1.0162499932829068 -3.1147757943443857
-11.656250003790095 -11.330859669753874
-4.833010337407794 0.016877660476083634
2.3891611334064073 1.5701904154055697
-0.16265576950150873 -0.45158604660525725
-9.11932237746875 -5.1992219289316335
-4.174349007768015 10.849042296484129
-0.9212859864839924 14.256158208329836
4.906979629237007 -8.328382545436597
4.55703219957643 -12.471666997611518
11.956098698079504 2.0221551564696916
10.65912442310075 -10.21558020784058
-9.724901473024254 -10.219764619985744
9.95806597148874 -13.856415495622903
-1.7846631078690773 4.062716525224779
7.907394393062415 13.17311856443962
-4.630372082159877 8.971810380492812
5.850434256515154 -0.6190873427615209
-1.4656639261216213 -4.529356307084484
-5.127324869237183 1.2562680265413242
7.058660558304485 -12.99717436045989
9.546242069567377 -6.8395837037922576
-12.537045854919416 13.652089638719158
-7.183931406912096 7.968764340230334
6.604259835949197 -7.1915001986278915
5.903066753664415 14.65645175415932
2.3368220268199877 2.9789890159298977
3.6467183075735896 -7.216187587720775
-12.754900489563056 -13.053244856968831
6.724502331204128 -14.672603616460085
12.670285520864606 -7.006514227748673
-13.418147195263009 3.2627592457833465
-4.775725624979639 7.118902457940621
-3.266662155115622 6.505108819122487
-4.580043514353365 9.927458886408086
2.3940578622703015 8.647478769228528
-0.29225971059450373 -7.199353435534272
-14.69522968872653 -0.9062362409075693
7.394618824656221 6.916664546557145
-6.6586616833404655 -14.873239095378576
-1.0868994837423962 10.581613243769503
-1.2632142626690115 8.238474036315619
3.8077893936609577 -5.626681616600742
3.2223997296792035 11.730923261756637
-2.924626216868031 -4.505234520611015
0.20848080424154425 4.586504975397908
-7.557831183681922 -11.749626949261181
-14.14908738559136 -6.512237296135977
5.216707812925019 8.549973066663664
-0.2384484710775574 -6.270515222030905
11.67625665378656 14.157422687206388
2.4686690760700074 11.42302694220055
10.257127249138666 -2.3488639577613135
5.579455465625852 -4.943504417789516
6.523484290922795 11.739926371419433
1.9564398911010663 5.349862938770272
0.7763480137233909 -11.370370146334317
-1.7571618186648603 9.900162572627327
1.734871248337864 6.297019118718705
4.194089662615667 9.645031183285074
10.71547827080034 -4.546629265627571
10.769537087663775 14.077070675767978
11.629101626704163 -11.373056439326502
3.356488659876991 4.746058903074822
-13.071108975675653 -13.980440450057136
-9.087647548095596 12.680162003010384
3.9238943981293772 -13.075203850425245
1.908505245737281 -12.83114383908679
6.213944005137645 12.28404499155085
4.513253538245753 -13.79042656775482
-1.6503567217018897 3.8743832741913593
-10.071085424459632 -13.49325230138057
0.8724378833189448 -3.4124122066330944
-13.314934096102244 -3.0394710383576715
-3.5560856242873875 -13.60098828597143
6.413832049006285 -8.512262893052652
6.442945982914576 9.19557052659999
-0.3368646294011661 4.724492146269974
4.972402568997996 12.984425664988567
0.14507921507047428 11.752243625793778
-14.366080274244352 -5.828425439382821
10.734912357518692 -8.172565238865399
10.673454072913895 -5.893212017752305
-6.731513000574619 -14.085895434005481
-13.712381952732738 -2.643055531621023
-3.953964942559793 12.968042347565465
-6.1281005588767865 -13.405916473847304
6.788032919066897 -13.036525912363114
-7.269938836296264 -9.315836291266534
7.930607930218102 -5.439016726525974
-10.916687838212628 -0.2882990959444971
1.5805315579625763 -14.69171996252282
3.597936577986296 10.57931882731765
-5.274136126187274 -14.456749307166731
5.147100336204758 -11.883153171092424
-2.06117929475068 -9.979006184558909
-7.525026077944971 -14.725553887141222
-4.428363174200049 6.344697876481547
-0.5881151483218261 7.462499665421895
3.0697734695360133 5.496570936842943
-11.856738528719307 -1.6481680862962502
9.578586627385366 -14.060325351324126
5.061649913504205 10.271284176250475
5.873643698669142 -1.032901657946093
5.409105988875169 -2.6955468885964446
1.4367168050593762 -11.169256150746966
-9.231271344956356 12.270047263392627
0.581763396694388 12.521890964342322
-12.084901440613798 -12.31119491441433
-14.268793814701286 -11.134557012772609
-0.25159487175613293 12.166743681508443
6.865489551411578 -6.809704530178417
-11.34121368902713 12.971930601493586
4.436122083375519 7.945455219506275
12.429982143717691 -8.87521385288348
-9.076965015538272 -12.8037470963584
0.1900542631669957 -8.944511512560933
1.0268162978062811 -6.592051798689052
-5.5731489284356055 9.284798235058847
7.8034992304299635 12.677912099506297
10.472616140466652 12.426868286780028
2.716966517165254 -7.8698693835631826
1.17444348943636 3.4876416018016805
6.35527034466757 -5.128470580057373
-8.29639992013689 6.257564220308839
-2.938787029140922 11.300252065691435
4.258387959189257 0.4889381274802478
-9.244824283034436 -14.161845135221359
1.3849784411688404 -10.37841680918751
3.370870748870516 -0.8839035048626993
0.557754817624529 -8.128858416987299
-3.974842399615145 -6.961304083168574
-4.809746743142272 2.683931677521965
-0.637742408611004 3.875942510824288
-11.561579593825819 -10.842601229316477
13.429249347367415 0.46958897935707244
-2.0004275229194786 6.7153398442789936
-12.679742115636019 -2.8873669803753064
6.905882115591073 14.062359324022342
12.208561335089275 12.208932377711339
8.567171083482584 -5.121396394450516
-11.105588172188407 12.637421133157073
14.5314435733998 2.833452252163476
3.281296142957647 -9.472348518369817
0.6277968874044824 5.207553038384614
13.57511915308578 14.884647031077417
12.96766130251654 -11.943342734378948
2.376360861558293 4.021896717466607
14.172827180117206 -8.423597542244678
1.9810603281595434 13.89017661375539
-13.704741880937881 -1.7979697591667936
-11.323048102161422 -10.161508869665543
-3.0101028757712864 -7.225174850669534
10.20055138542713 12.071790624942164
8.735735561823027 6.2087003114755595
-2.158898941826246 0.9236171210131428
0.3291341885441472 2.1565184745304897
-0.26872597238535434 1.296785515610516
-14.191973857158644 -0.32328657784675485
13.413875361154988 1.1323628647619473
-0.33167900052548305 1.4180748500770477
4.6446965402020055 12.369584305614858
-14.796893884908778 8.927823256769226
11.80006534234018 -5.237688100530898
-12.347851614989871 -11.62671761520329
14.705098110049963 11.984031166345822
9.017250268584274 12.844530348775216
10.85244860058867 -7.560137042991095
-9.256496095027995 -11.962897045157046
11.774926485447622 -5.009073575789445
-2.5596068830976435 -5.797772708405095
-2.3490910165176437 -2.271617240855763
9.708124239940062 -4.5493587084649505
-8.110221975832598 2.309366425761855
11.602639907913115 -13.586049934706212
-14.91212524786805 -2.067890293502389
8.5304936831219 -10.065353200149309
-5.356345012075165 14.09430023215375
-0.22499039199444404 2.281833221613148
14.798909760039926 -4.134903994800425
-4.6577672008888875 -14.564197805914896
0.39502780485196354 2.0260211617997435
-0.18348542773109777 8.011984272299031
10.590040914173233 5.071043256234217
2.4648570029061787 -12.871360853248163
10.553895433642989 -10.780211669311736
4.3480434790074725 -9.780908437709792
9.276565778156144 -4.7107349475184375
-4.5540670332856905 13.248782660370967
-14.975108563378946 -13.430929103297593
13.323758850233625 2.1810500407538616
0.031888457251112 4.14454923181512
-13.67720183189886 3.5200065671707215
-2.2619277853139472 -13.927007082201348
-14.151694433643357 -7.232995010677551
-4.023077470970842 0.9326454302841185
-14.341513541962597 -4.257825511349296
7.632182468379256 -6.792718741563483
12.70536349188011 -11.129450786392194
6.44134625919251 -0.9132134281730409
-1.0419898743821747 0.6127764603377148
-5.966093106190835 -5.59718789479549
5.923298884296315 -10.4632039896348
-2.1957177710258673 0.6429577078428252
2.716680768999371 10.193378373515898
12.633475745348257 2.889621099880019
1.7102406441262268 -3.2023381359496597
-3.3869591132665438 -6.3571521296414595
0.9278456469512424 0.32009578337106603
3.4838870562240984 3.2208769433807127
-11.695052970091648 -11.950881784532367
12.578803568003075 -13.440466621082189
3.912128224297579 -8.698330948351398
-10.855451543306929 14.61094474130184
-8.71389107985095 2.4847277470659144
-1.9949034158428418 -14.162602219819435
0.7902080384861101 14.330367678259535
8.495005257489396 -1.8530775719551649
1.3823935842705026 4.375941372440266
9.722989141752297 -8.286289197619372
2.861041258809582 10.81852828361863
13.070932657617956 -6.678094453865093
1.8314571401439927 -1.1503492342566304
-1.089300575997921 -13.450436620282764
-5.360536771897086 11.439429533641192
-5.042521652818033 1.2223592993953822
14.27402014477476 -13.150921095751995
3.875556208159221 12.35851363950038
0.41842448609614635 3.3231133046184844
2.771313494706771 -8.26523650532371
12.561427621917005 14.825300568455066
-10.732129899144088 -10.38555626590484
-5.019994676710041 -14.35163147993995
10.873241857022574 -14.787425258883514
7.0431281825744385 0.021344592763211878
14.32730672117684 -11.67952256003893
11.676889056317176 -4.9887654328159705
-5.10554123266027 -10.486370778753052
-0.6638098314743299 -13.986741165194687
8.701498077101004 10.897188334515103
-0.97126242798352 -5.456724111181531
12.210982827184004 14.824571657865668
-2.840053574858869 -6.193152984913878
8.414387059786367 3.31287884757199
13.945470678821675 -10.613980677527024
0.6920934677385553 -3.3437133563380748
4.682816182258755 -9.633065034842959
1.3793020404143341 -5.1868905404776715
-13.685113660710925 14.99366095846623
3.476006436796009 13.62743127070819
2.6185804045201593 9.484969155235348
14.687297141716076 12.984816099301806
1.347623996320749 8.022907028546829
-1.1107188031360842 6.711034278371258
-10.064427647994325 -11.935764411992325
9.913564672277026 -5.656961356365741
3.2099679809614585 -10.000399997632094
7.477476236386746 -7.553023933313368
-12.532873867094466 -8.101741842347804
6.961604328945988 11.460950265047064
0.4051253143766438 5.172155123091368
-2.9048862861024283 1.396441277856887
6.429122228276427 -0.8036420745861612
-3.034176289742719 12.73685509324762
-1.9617887774968157 -8.070533334482608
-1.8720768826613803 10.879247671925178
7.494867593438557 5.879518273222201
11.745156669330694 -14.354877155637972
1.8518292784754706 3.5901359715264256
-4.197818264369753 -8.489581720665162
-7.982529663256871 -11.159577800085854
-0.7336920945194727 -3.0441790613506416
-4.678355777333479 10.686247245166669
0.9079939736662883 -0.13589609870622965
10.088153333312974 -6.543230372948161
12.474072696977611 -10.015364590300003
6.277280618109906 -13.357685392922468
5.545258954358172 11.863364821517642
-6.89831071326061 12.465420370471456
-14.784173054246807 7.956024283206585
-11.858306700873838 -5.412448351717007
9.99526301675466 -9.066026946883651
9.659008088981835 -12.888492620816741
-1.989077113304523 9.952698923991562
-0.7437098810938423 -14.269851844219692
-14.41892879953484 13.13256773464164
8.802153543643122 10.9092527779545
3.960170277397477 7.525971289635205
-14.910309712580561 -8.963889293256397
-11.867530254694396 8.12455900305664
-7.296566605054324 -8.808505118683229
-8.80165197064627 -8.622658978737803
14.049720972350567 -3.075992057050417
-6.672687162785991 -13.684957045395246
5.297056239287688 -8.42617090788167
2.760138292624074 4.294300036954834
-6.205859677496319 -9.200560761424
-14.167180766908144 1.5332288294056298
-1.5656187845312814 9.06164063774511
-3.4177178300163913 -0.21980372661525038
-13.888103034658474 4.199003213605472
9.292370287823566 11.064184655358662
10.959654079471136 -14.839700549772486
-0.07092541808878572 -11.40455247478222
-4.240381188821024 0.21381203125507042
-13.692557758998525 14.200555787599612
-13.812542319330824 -11.009985031535201
-10.464489879671504 2.329631161685917
-1.9808317882471815 -12.24686701242847
7.737212298466282 -2.463177197290829
2.0220269844759144 9.450617352528464
10.759531378759355 -9.723076177571507
4.142007760352957 14.002460356695025
0.9711708205521834 -10.269866090587849
2.4212161885859658 10.191060495714861
-0.26110832448614474 -5.796881947325588
-5.363438076632871 -8.376505748850391
-2.35592486397244 -5.49874294005572
11.747654804244672 -3.7401870682258433
5.4251812555408065 -4.128568987455036
-9.128095544397254 2.2360981133548137
0.8376484419411963 2.153060475986475
-8.503145363037493 -2.273475278884221
4.203530356680318 8.152264203879938
-12.628017167156397 -6.524722715314056
-14.22720702843291 -7.419974347266452
0.47111771005454806 11.379362760127314
-14.430641504495746 -13.505728531649929
-13.919525387798004 -6.98334912639177
6.861983201618759 -4.383889771605908
-2.2311840303578965 6.1302700750552575
9.475679210708055 -9.374072780242233
8.3018720540597 -5.641508829292096
-8.751492767499148 -2.969814536527391
-4.821297524476414 -11.205290139523004
5.872918107503011 -13.037177718381827
-14.389400895869821 12.922793404013355
9.991097295974111 -9.001013842325374
-1.161894337842659 -2.074331859921335
-5.298480316534029 3.4028875371612806
-8.355193787886224 12.502184962604716
11.786169799982726 -4.2924941719019
-9.32784129943565 1.51829852204202
-13.196035628638782 13.580889622298521
5.267340651505382 9.484299354601507
1.3465838534697454 7.661383450176494
-8.356555347445958 13.461956065292096
3.0820007903878164 0.14950380337057823
8.292038135025727 -9.14193012878713
-6.13769144338775 -12.30706787858741
3.362102933642646 8.35549290793442
-2.978649900684193 9.682718949124492
-8.92412048247585 -14.76406303216096
-0.07759145770348574 -7.742316081764309
-4.507509456331588 -10.021722237771428
-8.208865974228335 -1.779083415805787
-5.171919913421089 -10.770456806599839
3.2204340323691554 -5.285630987669149
2.2895431532474753 -1.5416952393745937
8.590906571073653 -10.20164931126703
-9.91977122438151 -13.667794588167704
-2.5732900198816626 -10.291180190329014
-0.11001465475747807 13.794387656447899
-10.378922022999308 -7.957661806532835
10.774560233732558 -2.88835023796185
7.257922388058603 -4.757659798412888
7.883768488015065 10.968854939914696
0.42137975419570317 11.286712615375283
4.920923238995076 -9.530292308942517
12.866912688691823 -7.638701013002401
2.227592591557695 -3.474563709918737
4.276218725018065 11.343803877032219
5.907786882947132 -8.183869966454743
-4.757917134174804 12.098841430957059
12.988976324805744 9.584778380599397
1.0562728350735 -4.385988597999926
8.323774438184628 13.95340263287773
1.09857051000321 3.3037157108809048
-3.070491455818555 -13.941409581722791
-13.870469912894864 1.748546443361647
3.257141894039645 -6.183165832527722
-4.131660247476976 -12.275699788823037
-14.902486389653781 -7.6135880125238495
4.043562911148484 -12.706499061912279
-8.837846202358435 -12.521170047550724
-6.677640000302988 10.31580445337396
-3.9884899348160765 11.828143516998171
-6.795365668055529 2.7477756448413615
2.6301463469551614 -6.043453384866513
10.37608844165446 -13.523671643543825
-5.658329797704546 11.426047305782525
-10.242160308354055 14.594236937432981
-13.679334593454715 -0.9960604111447662
14.034125715976018 11.865811619972376
-11.815542365567005 4.632565776890994
-13.693578444211097 -6.9485944343600625
0.6943672749850016 12.44198533133823
12.53787726040379 -2.7433702929781916
-5.918665466774392 -12.228572956271076
-13.52488746551408 -0.8378919764031068
1.3457113207889186 13.508541795896694
0.5440636807010559 -5.670413085696675
9.387648787842167 -9.725694516300834
-12.691749434208809 -13.339901297360734
3.256080490632467 6.224586151893554
-5.052627038762166 6.167588463095932
4.427990193266094 -14.71845564221928
12.375160870875805 8.457897783118428
-10.080708487037683 7.408980702705617
-7.6716612890756295 -9.268452750483675
4.7648269264187135 -10.252503586747842
-0.5957093691108994 -3.7512484679616147
1.8046309432267016 -12.942018390806101
-14.248869535970417 -8.909506364112252
-10.868748240709047 -7.812225971417403
1.6176308295367292 3.527581122940763
9.707600173660582 1.5711746375820148
-1.2492233590613893 -2.235769861477012
-13.658328129254246 -6.853431375479612
11.603527236814905 -9.591254891226749
0.0666950947695959 10.125163627164266
-14.000890257114904 14.910261980160271
9.611848507743755 12.45565987180062
-11.507421348925895 -9.487504505990263
7.595468774047021 -11.53782824852085
9.410172774555544 -5.463560725459569
0.10759493007707377 -14.941677704491083
14.945163578090813 -12.668511783185764
12.181796789905476 11.921300074582444
-9.121199308076084 -14.995903277433454
14.300198620993761 -12.173262792981948
3.7974119703543927 10.875341755108202
1.099603981781197 -10.966341306081645
-5.854251538888644 4.63473044279349
-12.15648265160299 -12.592440057310657
5.469214168409373 11.448944761796707
0.654200345113777 1.0637109944895613
-13.277881706931442 0.07922444034241849
5.750604991942275 13.22327158479948
-9.778214604485694 13.219833118587367
8.768770783304301 -7.695368119295791
2.869812056151762 -4.852918458347432
-4.90263098180321 10.463957287567627
3.4238147121748774 7.943593776107615
-4.693337623146366 -11.972769790384094
11.983086880513545 0.3136262005273853
-9.239286297847425 13.82536520830206
-10.540204156953997 -8.224412957181391
4.484589831032341 10.587922145887813
-5.084784063994896 10.536838895208735
9.37294331080179 0.5069460695734858
3.524407359925725 10.785403143540563
-14.081642891665188 11.245808551798806
6.789579819838092 -5.658025693750531
0.9786504160131511 10.975161357286218
-11.63104032026241 -14.925399194228405
-1.6295928597885023 -13.805938305829766
-7.948248169885453 -13.91635353739694
-12.654995388698698 1.1489969963905189
-7.2867472694351605 -13.861725381182152
7.832717260514318 -1.187102757904242
-10.501388949864012 13.334281732856983
-4.965189201543259 6.991195595152419
-13.08128907007207 -6.600791436707896
9.973146078984989 14.528874009592677
1.3561808773688995 12.355007704824185
-12.912231414967259 14.91260570582563
7.919560286299728 13.995933619763118
-13.300222884310182 -11.815818708062086
-0.1348037283765855 -2.1895625713529476
-9.50171696184504 -10.800074861138071
2.2763265556044523 5.609234961913064
0.5169215517038914 3.9371161328507043
-7.804959029254244 2.3060406602283763
4.318931911345743 1.9921824215566915
12.208701249322328 -10.55225183042387
-3.350258512341938 12.03755485809215
-3.59391068388444 9.066364614111716
0.2059048815546607 5.478678598686582
-10.157465937763282 -8.546509218402566
-3.937478714619104 -14.72625027774305
10.368405185720178 -14.015518926673128
1.0730514892944392 -12.558670736213623
-4.646778490078688 1.1086736476958947
7.347353817919068 -9.648053940717247
0.06652547985979496 -1.6973818744733862
-11.663171287614746 0.06878844158986475
-2.763785800701008 -8.646219144281446
-2.77339185406872 9.250475983611757
4.895954612741278 0.6777251678702871
8.635389835784933 4.250635512263236
1.9680633302122459 12.056699682944153
2.198449217576691 -7.555532656159284
14.066311802021062 11.363719534259126
6.031792908782954 0.7969797858556475
0.01269063640814494 -0.9064542744746298
-12.28667221518032 -2.2099418444137005
-2.661337491745167 -14.275206755537297
-2.6707810517302484 12.93371036355163
2.2109078219266216 8.726611072648122
-7.089034416268544 -14.665687577012973
-2.9487984120857966 11.184015749114614
2.8134282576531007 -11.247244760102646
4.564713047688429 9.455579660708736
4.05572534222939 3.207561690036588
-10.682429923297772 -7.946572546692701
9.319049017861982 -11.360889505919962
-14.689675051799604 -5.811441828548393
1.817666042326067 -14.82634379437623
6.010069860670459 -8.174501373247901
9.435094785100048 13.799175743080774
5.835985012239409 -5.220226676531629
0.1749122004935888 -13.315669726610585
-11.746892469284969 0.3350512715948497
7.990816019404981 -2.606012542280137
-7.919257951092003 -14.057772849590982
-11.10568103864387 -10.945363231479384
1.3045111251479433 9.029334425451594
-1.1263056831562235 -7.628755893438898
-6.566642935050648 10.609764444931056
-12.274155815052001 12.968883046605399
-14.13590701594069 -10.144335892537573
-12.973830083677083 13.399589978656309
-6.673420233589981 13.87012263137072
14.489940387228263 12.389509745871742
13.88068720148149 14.535585685881834
-4.60660663788741 14.962958076507498
-2.9291163943329455 -5.852360204592621
4.801910424518564 7.826752376803135
4.033520346838003 -8.371005157755986
5.826370822345638 -7.088524122577801
13.478852922813712 13.502831332668407
-8.670548218061091 -10.231403179808241
-5.776761993308581 10.052204843848692
-6.905284965215401 -10.14533282685679
2.3033593442228764 -11.95987573946579
0.5305194318881306 -4.07411745322932
-9.570554592334771 -11.950917168584196
4.763434335061806 -7.505472549169674
2.2989381917329865 7.724275175382267
2.993739322898506 -7.4295190886566465
12.243690303799891 -7.954895856510414
2.3339240096396487 -0.4639187168325183
-6.949990292169401 -10.02501570362356
1.4449302300838482 9.294929970105063
-13.933047473111802 3.1821878945436595
-10.110815407635698 -7.814199258894803
2.571682329115312 5.164744423735613
9.418581392514962 -0.5510124824520144
2.918423938314014 -8.271352401152235
-12.439793149056225 -13.619768760985918
2.07202134463968 2.7840265574417096
12.393068952284423 -10.363040791640193
3.719945819465728 -2.484526670441122
7.895936862919079 -8.983774359995483
3.4338875363509267 -5.907559401002926
-5.708538562072402 -12.017134389707135
2.415516179780642 -2.809132907236684
8.615566837676944 -8.080259085163242
0.17597853235541905 -9.94423700039826
-10.935666904703943 -10.707600719939311
10.212996261570197 -7.416622554922689
13.211082478456671 12.78105554524491
-4.654693520824786 -13.3726698059441
8.270185040678367 -5.6604363627213825
-0.31312521478539956 0.538522500590318
-5.45408370500404 -11.798937449397819
4.388904438538177 -10.911418611482055
-3.1604015676799566 13.24612669853462
-1.571447391938623 10.292133513026176
-7.0334004076276635 -3.6761540896228353
-7.655427962677333 -12.675146039338019
11.276253993453647 -1.8623505497692214
1.765749032835668 4.101362856030832
-9.31874575247731 12.176607080172243
-6.321348766007894 1.8191644162892366
-4.381661098037764 5.6718091175164425
-8.848300407093499 13.560236927791976
10.769979882414642 7.266703702334507
9.584366963049458 -9.511206853142056
-6.251780515267855 -11.203040109664459
13.809312573679641 -10.56260049301812
4.254712276841211 -6.288647887164911
-12.37466707657167 -13.398937615900376
9.407666070055654 12.391635763561467
-6.0207202166514335 -8.28230430783871
5.294327058648335 -3.7816488603922735
6.7652179849682135 11.56206693061058
4.2454189903678134 11.708856481898888
-8.509410711149233 -11.924697509771011
-7.996240368436305 -3.4132238549522236
-14.355983837060034 -3.793662940173382
9.760291711539967 -14.419094120567973
-14.119644981471488 -7.961795185494893
-12.843404122846591 -7.865500614161335
1.071350757184522 13.91807573025423
11.438706219834991 9.677495370396333
-3.1637042888239026 11.17738556798924
8.697099176502705 7.464459932866317
-1.1249257273535136 -1.5871370187086633
-2.4210489069718815 5.855227812522987
-7.214300629097624 11.602730861564602
-0.3873474233415095 -0.9237208832976798
1.4267476333205842 -3.97713385502397
6.751469832235706 -12.47056265003236
0.9960534967230892 0.5927045229677592
13.437674363777543 13.799435747724754
3.1914203802762557 -13.957727273680147
-3.4570817296386096 13.68235617620278
-13.466274550136664 10.16207361822594
-5.849124034877667 -14.672770214641748
-6.547744513403039 -10.995302741832404
10.747920170175291 -14.91664249979602
-14.868025874664589 8.13806881821024
5.956931608991521 -14.338934074119738
6.506929779290864 -1.0455081471604935
-0.8897857632074029 4.1152067293729
-5.245102592843869 6.003235252705373
4.916429442962279 -4.1476027720129665
8.317434343037792 -2.6165584661108507
-10.165760480793441 14.060865399140045
-1.3581172401420414 -2.230812937706343
14.287169601687292 -3.8611301647640985
4.073162285665582 -10.649756877924984
12.559815551166334 -6.010525027299147
13.077856071472624 12.658123773993665
-2.0244594831060674 5.664052388397479
11.508979355002019 -8.134826226951986
-12.828760723794673 -2.0830494959963843
-7.962760427278688 -9.98169443962173
6.638410395350547 -3.6831704284576503
-12.129169793874944 -7.686911053396587
-13.521647380846684 -8.995035729821376
6.11992561313637 -3.0855564858727824
-13.152034494608143 -6.58408827664616
-10.863565163754618 2.362405263536278
4.726639822337443 12.190330184160608
-4.722427827462257 -8.157466141717297
-5.385747849233034 11.940932664725796
2.814412831100931 -6.592513826641079
-1.9087630471130517 9.633147409631071
7.46230869756257 -12.870499177057876
8.232749557862483 -14.678659174364675
-3.7521234470867952 2.8182695662935764
-13.735967407057824 -0.08797124032816939
-5.963423739341252 1.410639155738572
1.1353088766906758 -3.99792382848967
-6.621266309231533 11.109161670787401
-13.113001277543173 -12.54986037430071
3.16676721765014 -7.7476064236003115
-6.17351568932277 -10.728834369498028
6.920296872515799 -5.805431617453692
-4.2752058881905715 -11.076774921764653
6.856530669926292 6.009714673601129
5.8662475846759925 -13.644956841617192
-0.5437519266028819 13.244180485062572
-0.4678958342929356 5.47271535688494
0.10370136081055037 -1.3132237651938894
0.5957007788717767 -9.879203487606103
10.287557837205693 -2.092945896891237
7.709016681237699 13.104864245131466
-12.694375563772352 2.551024086494799
-5.211751284126237 1.5706463300820488
-9.842258633928358 8.108744924885894
-1.521480587334814 7.692014742104167
-1.9914276044570105 14.601300511763565
-10.257490652590036 -14.24656555739327
-14.555800803114296 11.106391783026702
-14.535592796196878 -2.626413841616399
12.706573869355106 2.47583493099004
3.8112376972877584 0.7646304657942409
9.936051823801535 -13.49341915225516
7.854571134517439 10.70198827889422
-10.338698886446386 1.5949853055933936
6.406750413210364 -2.9551908191896263
9.076824191075783 13.56652212882933
-13.685730037870375 3.1602764675824844
9.125676737972029 -10.126190006266524
8.489462306819355 -11.732720970650524
10.835660196370242 -2.100815855806321
-13.107582219486565 -1.2964093766376301
9.678679777593068 11.25182403114302
-11.98048057875188 -8.29554688366981
2.0688516161800266 -6.357402758447089
-0.25825707397301656 -9.749615314815285
0.5508906783349286 -0.3297600673054344
10.92981417682638 11.713661713223196
-3.819246870163248 -9.690629378541056
-0.21931023194080268 13.120875267486309
12.901538993452242 -7.216356126963457
6.454724574701 -14.982513275868707
4.366039028690473 -0.3712851744609953
0.025909975555535425 -2.963866702842509
-7.377938454141571 -2.1861106335751805
-3.5574362920686404 -0.7369671860810794
-14.315981017317503 -13.966802560702252
7.516309950549832 13.133508580363536
2.7851720365204073 7.41703745325966
0.7081726957534791 7.246746486977312
6.270778838207075 -8.40187990181878
-12.763351143111098 -2.0971103120388417
-3.700755716920783 2.551095231889999
8.624130385084094 12.739277859210336
12.96755508226846 0.6581791040249565
-0.8083232505547446 11.597282004531966
9.603673351918385 -9.56604755954297
8.218459229645003 -1.2674236803750407
-9.56452284146201 6.360016141122701
-10.36884467355037 6.771620809312203
-2.1792673600244097 11.44547903183258
0.3511122064354879 -4.792546971798522
1.5191057799273828 9.092475774480324
-10.581355128586438 -8.194093904603054
-8.981416160480446 -13.859732640955958
-12.350047648057904 3.2613805161559064
-2.5248249816960886 -13.435866401050019
14.599548747798572 14.515392640237973
-3.471002212582672 6.759606594818667
-13.495529971646754 -8.153864979256696
12.527586358711726 -13.04280046783623
-10.06089129281927 7.396612744264723
10.427269624006826 14.60312473109214
-13.132636776683508 -5.551951663684099
1.0854583674692435 11.46463425182787
10.877006284180844 5.971831398569977
-0.9769169916818257 10.197396213112643
-3.365015185335622 -13.522963391257388
-11.94586056241156 -9.946693691039664
0.26323122039101854 4.386136587264009
-14.118003875714892 -2.4293448174590413
6.105710143521083 10.06559627989741
0.6637710528642078 5.9708112310304635
-3.5427701095778037 14.934773927013552
-3.7237468422663724 0.4863484131826681
10.322774782103064 -5.700431990110648
7.571204664646448 14.109770724968413
9.899164716613878 -14.468793285958395
10.402236579985502 -5.708200904540032
5.229438915861682 -0.7854699392156874
-1.784128635464164 -0.23406470928229695
2.2719407562602747 -2.13157854970825
13.312107519136767 -6.286045750346219
0.459903036179659 -9.579459691882194
9.055947703977353 14.457975608140302
8.688396637214264 14.824869877886847
-2.3319555458506613 0.5295954937383787
3.008754745132247 11.253895356990387
0.622815764101917 -9.266088050358762
0.7281637923626185 14.51232079079707
3.6387308494331343 13.621269700277495
-12.526437493494527 13.956951756338853
-7.151717151779051 -6.5789772237150235
10.758044880790134 11.463402267272034
9.537846810481149 12.971405639881333
1.1957908152643917 -2.9241159122150737
10.299620083729806 -3.8494893890772452
6.008854424013887 -5.119829074021894
-6.020900976322142 -14.550561305012282
12.631010316979374 -11.06527400927024
2.561498021345958 4.165996392675524
3.2080072752507682 -8.15757841106324
-10.308669582283738 8.369263188865025
9.39332285663043 -9.49401668021125
-1.3012530639153006 2.2643212835613866
9.663549716179457 -11.546876915130195
1.1139916835784511 -2.1454367244443127
-0.9134560483724847 3.606968433817709
-7.71612065466328 -9.95859015142889
4.2488061954048035 2.0396409354114553
9.30675529353611 0.1353676042219405
13.908169241664439 -14.62113967143562
-0.9815443654534288 3.707908857635097
13.419546356463641 -6.230516964823172
4.633515801811061 10.574855725939223
0.6158706940731271 13.735919507444109
-6.71995608090635 11.48012942619506
9.277544542706615 -12.395148052903147
-11.986841102352718 -10.005790678432358
-11.20281210600826 -14.991358881842245
-7.903444268628897 13.081129777353297
-11.957997907562289 -13.883357262694968
-6.4534897850894275 2.861619916202521
-14.002971551341854 5.299683227937109
-6.145396508043984 1.342779080065366
-1.216974095600051 -12.180518529259015
-4.354016622768912 -8.368679271929139
6.837328190115983 -1.142456995649317
-13.117661218016437 -8.759100535392548
-14.348215287866125 2.273902897306993
2.2845086908812746 13.386344662094967
0.945961955475255 9.224590156585336
-1.4841525529145514 -0.05030125561783905
2.5413482354076393 8.005818402616718
-12.321203844336988 -10.926438124962683
0.470945976948979 -13.891155931848775
6.929416154589514 13.985383203624057
3.3064517994004454 6.017780445725791
-3.0634614896995505 9.935642573962813
11.708554206532007 -4.0997181488096714
3.3266801016243726 -1.903188281807445
7.560602977345479 -1.7345489197874038
8.316308958278466 -8.556745303326492
4.803800488100649 9.629184416217619
-3.3387356671639523 8.434168279982103
-3.0428741814327562 -7.3035683254192705
-0.17350516258583326 0.11265886514940959
-12.32831646069678 -12.180021485476622
9.029362054773713 -10.177309059875776
-5.271079915193445 -9.760983249440724
11.350760591419931 -3.7887828366256624
-12.500818910367077 12.129616793711527
3.3458995533971603 -4.623258740797592
3.3165000596635714 11.512422052835806
-7.3503279902680685 -11.901268791295943
-8.00028855525559 6.094274687064125
8.063941272586707 -3.6679582467490626
10.614124321749607 -14.874362170792626
-2.0928891848187288 3.9092621256241102
0.9528985721287224 -4.657475834300758
13.39046324060309 12.400147678451148
13.089543188307106 7.42150816623924
7.679325131660374 12.685527033214463
2.641302448716914 -4.150094554674595
11.611356642031264 -13.970960521290232
-1.7866165418229514 -12.713221324478553
-5.360981482181778 8.353768944058672
5.83254988966598 -10.213126035057375
4.676871447494879 14.192719170999364
6.075649080356076 0.2473251334844786
13.772489315380632 14.508219137192555
-4.443536456110969 9.020525706373334
-0.9251748941273377 9.24004044141865
-6.770950035895273 -8.290523838707731
-0.9857076446864035 7.185168711368817
1.2182678448478832 -0.008966308210194285
7.696010651635685 -7.312647323730722
-3.4123088298793203 -14.81152343836065
9.691330236243186 14.27901513536301
5.95929920077095 10.038158490379171
11.632160087015837 4.990901327270062
12.936540371975958 12.387128381153925
4.705548104800993 9.094944619504282
13.177680385312815 -8.937760234029687
7.019738401684709 10.13531216022367
-6.39817681623189 2.653277680129907
-2.000700450724235 3.025879201547589
10.714608521721871 -14.108414154917712
-0.24328132167479843 2.306488897978703
-3.514599326060063 11.722337824641649
-12.495086357851783 13.834371147587486
-0.2417852172698396 8.616025160858236
-10.73583680378125 -12.495229667798146
0.9666326260204592 1.878033597896053
10.955741654978137 7.525296249116469
3.0964805225138505 -2.9166626600443557
-1.3912307669354043 -14.72776132202861
12.504960647123413 7.947415729976815
6.803051868893089 -14.66951253708498
7.057278667794563 12.207450593711052
-10.859424130839999 13.66382959326155
10.619040342203338 -10.075540687948733
-2.1151055503728813 -3.0562832493230268
-7.9531053454146585 -12.291538655086438
-9.995429307969236 -14.945304969256934
3.195674876969857 13.755137820484308
8.120272445660003 -3.08040672123202
-9.827785165849473 2.0237520565502436
4.4851605674851385 8.978119808311575
-14.427966700606524 -11.258090795752178
-3.2317158059788547 1.9237435833819951
-14.663661883489361 13.88350583783318
-1.4632543883126896 1.5146320014092787
5.155994397909389 10.497895591219553
2.8850467473267294 6.91537367080624
-14.088140706424799 -14.883457667452445
-14.992294604676342 -11.992467525481883
-2.4939644437960347 -13.553532832499451
-13.196602992111492 -13.505040391732937
2.236828772837544 -5.969389378127875
-2.546015059086278 3.793522088127439
9.700216955395184 -0.39908414423141814
6.123412301290866 10.13319717615228
6.409249362939143 10.805954818074056
-6.576062662506082 -7.137510452247123
11.217802562819255 -3.7459963563676784
-0.6195859543683344 8.704294511829598
-1.7321914655289543 8.045389697119802
-11.65319735052893 -1.3322925171948121
0.7931768998505682 -13.242335869192056
9.876047558332704 -5.814529571791574
-13.880188039812797 -7.359495658242059
-6.574222540971066 10.960872824715434
9.355535049908589 -10.540583925931566
9.631538117536945 -10.46629469098498
-11.416497465258159 14.334947553386549
2.76107930094415 10.73333604878139
0.41605821056343295 4.87938600026807
-11.634980380555572 -10.26948372659265
5.4079837753863345 -10.179515341156566
-5.305860897987543 -9.830868677098493
1.6922740219683554 0.09862457906006128
-12.955928079397772 -0.6205776473258204
6.467532282957194 -14.471965094022806
-0.7338823316183944 -12.436538342811122
-5.397931664193369 12.817653538988804
-3.6832472847896653 13.652384793674308
11.693936001723646 -7.600547184867389
-14.8090234762144 -9.055586847055732
-13.75634654140433 9.19473418246616
2.381886441711899 -0.1981951141977376
-13.171544415246984 1.113468865172944
-1.8804217767795492 -11.536299273316498
8.12458393337661 11.864396837894677
12.739242544512681 14.905660255419264
-13.633306207852081 -7.830023781362706
-11.207274581383707 -11.35490629412626
4.562873084931741 -3.5278984541847507
6.987103627278309 -9.432544866053494
0.33226204661571046 12.060564490180742
-8.750128717907439 -12.445085099256177
-1.6883989097331664 -8.395640495358105
-8.277435959109877 0.9933648457201585
8.392122750866005 -8.197977150098502
9.23686415679662 -7.7039501930743635
-2.20211223777768 8.758573113110096
15.298835311084854 0.9097944996940333
-2.3900610130183715 3.0365224473929757
11.16957487864476 14.777020723494374
5.654752454721994 12.527357295703187
2.6506069396591556 7.07774985552987
-5.838514588067268 4.56197286210098
10.085222671475861 2.598837219547047
0.7291860346006747 12.398516847246146
9.054955407471251 14.103383486031191
-0.7848806647765834 7.340281217760044
-13.263072566082638 -3.039232553600659
1.8515252963437767 8.969729036335501
-0.7991067758325148 12.82639120762385
0.6628908134797751 -2.4388791205019693
-9.574933956167424 14.290611227554628
9.429724795259897 13.993005498852849
-14.53037853885001 -5.070678908009938
5.741492180537314 -8.01219918106799
14.372191072293361 -11.375043424603552
-10.495268795187158 13.46402220086355
8.403680009386925 -4.090201315796762
-4.895056139430242 1.1779628775825834
-1.2105355549671373 13.776069337129524
3.3435281590306793 -13.87267599425572
-9.407706917449485 -11.314487635284802
4.730095363597506 0.5598280095924384
-1.5810013283557076 0.43400915543973184
14.453711878800195 14.259584935976953
2.379685041930582 1.4797933977493507
3.12254901472658 9.186064439495233
2.1360098447018387 -13.416024557080217
6.817034437852126 -14.811094357021267
12.413868549224905 -6.986921804711901
6.4891076898827755 9.80259607239747
-14.93806022801806 14.287350895575013
-8.413466277795816 14.106673268541368
0.23198784135420425 -9.432072607888724
0.7873044142906043 -0.5786644295258014
-0.23188783603191787 10.600080650263425
0.40324949663782483 -5.031059964789822
-14.086087812292496 -7.05596545072733
8.307853282482819 6.2032596888477975
-1.833595706919068 2.1400969650260393
2.4532412796729623 1.2302108714267916
-5.3908039249198545 8.998082828752956
9.845772307340717 -0.46666281541887145
8.056360852878072 -4.522564774322911
-4.391488049973281 8.035603687383269
3.730972202067772 1.7639214261497642
-8.37174301041626 -3.743453582623636
-5.354942825811316 -10.145905689860317
-7.5127176614676845 -10.390019394552885
7.706901817062576 -3.9431384877844025
-3.332663192406871 2.9054629813548445
3.388276430276246 -1.3920513879526268
-8.214130697569303 -12.538520812014093
5.712353261491401 -6.6021480359740785
7.634438597229355 -13.09853991760715
-6.448993311409028 2.081017567697426
4.7038324448445685 -2.985487729195551
2.336226156149081 -2.1129874997964144
-2.997273760716052 -11.932662930466531
5.036568377780661 14.604850922858546
-11.62411822035521 -0.09948929916329163
10.949316356508316 -6.958104790014639
3.8452158996375942 -8.874380422829248
4.19416534325584 7.758241184028407
0.3001889994896292 6.675154185636959
4.795632430028515 -13.56811231437329
5.638578452448424 -13.270102412603825
-14.269040698580547 2.1601239103706718
-11.73246744161686 0.7268658564138946
-3.2128835162829272 -2.542169680598384
9.754703010765752 -2.535722456050877
-14.645874905116553 6.040096255514062
1.0624089684334095 -13.590209806133466
-10.167051479013155 -10.43950879802723
13.294265182639926 -6.4796816661091015
5.496359321402391 -0.6667037755069476
9.825145708956143 -4.594568194781486
1.9978256617750816 -12.946445002777184
14.282263757511185 -14.847020508541073
13.734197533712138 10.797399968474213
-11.262493835478809 -10.735429642665682
9.840772655448188 -12.234381554372991
1.1125550751887587 13.569993977191796
-0.4827619080039742 -2.4016450155054763
9.163405456284345 -1.9453221630347812
-4.045435014192229 -7.890770835157975
2.471618401606346 -7.9782296171740015
-12.40085850475698 -1.2370037829960197
5.6473591382173645 10.34508119868888
-6.325401258627874 10.809915708966226
-5.352582081086135 -12.874205899844432
-10.115392108820584 0.8435717221242562
10.019431229729438 -9.14103644483023
-9.75013455594899 -9.558816693634796
-11.157118085250408 1.9239865872545074
-10.765066573533307 -11.939178626630849
9.427776374194234 -10.073324646942599
-4.425149234576299 -12.603146971378278
11.391529225619212 -9.455959446372109
7.1459630953480655 -10.785130010493003
3.343948298488854 -7.65409594599764
7.541278595748171 -4.850672151769139
-7.058220238368461 5.444756445383155
-1.2633299957986672 7.911053106410776
0.3490380050803683 9.721423442705206
6.487985850414365 -10.40642170315383
-2.1364049327871264 1.139431613462154
11.989222967315296 -2.5984335017198372
0.24997887675030306 4.285569939158421
-7.007624594287262 3.153750670495022
0.35431197337919507 9.76749653631025
2.3877571654807923 -10.043807572448536
-1.3367042899951596 3.1754925427473317
13.68588028321824 -4.573007155689346
8.453718495922413 -11.89179897056043
8.906392488257016 -1.8082182252103092
-14.192013321313908 0.7800322935456983
-5.3942011419099565 13.542013086292915
0.050197908968767635 -13.797053946710149
7.500725878573249 -0.9670415388278002
0.5155362999886641 -7.336065299486752
-1.2083501687786473 -12.843557837247943
-10.593279670164303 12.152711418538587
-12.983763245128427 -8.620893060540098
8.65559836062275 -2.9605640616102438
-12.872926220306695 -4.540602726560035
-2.4051389838292874 3.4151608734199073
-3.6740421882832184 -10.037335946989618
9.423510618273625 -8.175413769953142
-11.742702421616734 -5.978823619352333
1.7822809300263494 8.5138076065039
7.593799449322221 4.617508514606512
1.0547576458578476 13.562589271767962
-9.041661674540062 -12.136071873248266
2.972909962599495 -5.251771812360754
1.054747772642564 6.273917005672157
10.26811683977871 -7.773245311505585
13.317833372444277 -4.124948697761845
3.548048569630822 -6.78808532288752
6.769094892539474 -8.583772275846922
3.826500555625721 1.4460392603133023
6.152628322196257 -10.62320367643966
2.7019797887788073 -3.40442542010714
10.837472348044198 -6.857491358128632
1.7661260502601763 -2.972030947746351
9.557165252378525 6.716230918123984
-0.924550759217448 -13.653289353880195
-10.347114975987747 -14.394131986992113
3.412300487421291 -7.25354185500001
-14.200012425647783 3.9655871735091957
-10.842176612242685 -10.06563036457646
14.42814516143184 12.868024242435851
-6.601161702034439 11.736435641602636
11.886509926415144 14.16755514108231
-9.389273020768561 -11.349209513198875
-1.1200877758517809 -7.552854357686398
-14.124932534588163 14.791627682570628
-10.511261678438093 14.865067462138455
3.9345929708719822 2.2654347623531415
2.0994461056902196 -5.407147416833375
-12.141814671125584 11.557968834427207
-3.3777802050268697 4.778976639364124
5.408447292147169 11.436937682010075
-14.02062144326289 -11.71581516533962
-0.4187703374253626 -12.744195208858429
-14.955616496655754 0.866115433039365
14.764606300710614 -9.8449223401881
-5.118848503376823 -12.44915545798402
4.886094624942238 11.908113879150456
1.4844133132903714 -14.161516839746843
-9.531393699068209 -14.11276972697913
-1.60192834632101 5.297048428578034
-3.4256060313399477 6.0594376680354145
4.90338000549923 -8.155340863498575
14.793152061408932 -12.440532075081837
-13.940059231212999 10.43953635016668
4.833922018803236 -6.452968665778814
7.039118256773243 -3.713253336465014
2.436226615385987 3.9072728061609574
10.61810000799457 13.46558703447241
0.4183136083709833 -10.48207318295932
-4.8479807765033875 8.660009086971076
-8.136083382729868 14.044067521123395
-14.574785978921804 -0.38814844933274095
7.3070057550491585 5.091674265976666
-8.501178792972404 11.818120624340995
0.46070937688489977 11.773876294845664
-13.285967750767462 12.844082312319117
7.673061987570019 -1.0845377809148342
-13.817489163328966 4.632685068714963
2.8585791818406925 -11.07066669840425
-14.427071738697968 -8.716028628685342
-2.281407554954047 -11.969048503257078
-1.5841740815866139 10.372983992678542
4.072397105813774 -8.387072980375185
12.573592330478903 -6.178925978762546
-11.499092910488299 -7.920831543118233
-0.8294112462636019 13.651226886526281
-12.879198505543757 -4.387782455768054
2.915496958772785 -7.567016367288204
-11.751407123318305 1.3164312725385265
1.0854610043909716 -13.764554001483338
-4.981601675087145 8.986228657125544
-12.623709878299804 -8.32662932463693
15.396097743366493 3.733515346332231
3.5324863841342946 9.052939612779642
10.370915430565745 -7.904234316426381
-12.125792617709056 11.010137240415123
6.674343461256253 -3.094620875348543
13.223438394384019 -7.791183806945795
-14.052937074184136 -5.232232629718631
-13.526639599662598 -4.350496431644343
0.001927293541365671 -6.012781098378072
-7.102541286734825 1.768374663147231
14.174513484201505 14.620940847414076
1.5531339735479257 -8.748985223530084
1.7529419842656822 -5.530768377197749
-13.614973589912536 -10.517249513021149
0.9212358420890236 7.787444916280997
0.039614147484886786 3.1186286460948693
-9.58742559909264 3.200263681608205
1.7319417519041025 -8.947751708076186
1.6945148386320774 -9.649903039261428
9.974662847490496 -5.797021109182273
3.906588893757359 -3.9945572171794534
-1.841077069825392 11.760252734784864
-14.6789108623982 -1.8257137691241514
-3.8136790204394018 11.256704297357363
-14.592360411791157 -8.52018173632446
11.101661553236124 -12.411711998243465
-8.66560364480391 13.807922507130314
-8.88714085567982 -9.187535114541777
6.252265989840282 -11.048252760279922
-7.442703807395167 14.280571241000196
-13.09455148168768 -2.3278866592611323
2.615150544096686 4.572274716101333
-12.417191605578248 11.30361848564258
-13.60655885811211 -14.367222790802243
9.080189949458976 -9.550109277672378
-11.467365138695438 -12.710235782169331
9.433053252192394 -6.747545694673004
-3.447385175049872 -13.615459914237833
-12.509913019724817 -9.234638372789622
11.663646405427908 -7.745734654003921
-3.0528775066336173 2.123842888299528
-6.015398259714416 13.225256659540612
-7.441686007885401 -12.843960546478382
-1.017281962087889 11.312113700615221
-11.01206087902055 -11.365452757733138
2.5254891271430644 -3.1689473316204424
-14.64232352442424 -0.23644714605856088
-11.240574772555334 -9.40985772067621
0.6278780714995609 1.7622565734147884
-4.797759811580601 9.812035314570142
-12.53394298208867 -5.177683231425995
-5.217607376565148 6.767406420540844
-10.849516396768554 2.043573553413065
4.945406072132474 -2.3757299245073913
-10.97573402558595 -7.777403047871697
-10.965291061145683 -0.6439237787040533
-2.596780731313622 -5.205648539760272
0.537750307861609 -5.542153963711145
-11.96714294050263 -9.129514443511013
2.288814266615155 10.364206853332153
-12.467239542338358 -9.243781544344788
-7.615327562902183 -12.03948231980872
12.050056339618859 -5.42997559944569
-1.7796257002250595 13.701477267196175
-4.098072730344052 8.049288209663743
-1.746749954166848 8.38255491925328
-4.0882509300173435 1.5720223557914643
13.54231903203047 -6.982399234492316
3.316193203421257 8.330033408580864
-12.061740693933645 -9.460662131764092
-7.482930033747916 11.825786342142838
0.845346192062923 -3.481988057348259
5.373973131554546 -4.3746007751904
-7.952386023905963 -4.569547610577906
1.3403703651451515 -9.217145444726281
-2.364532458964959 2.8872938046005956
-0.27860335338766085 -14.38836752282391
-3.8492009424637548 10.16107029592441
-2.6240310334998433 -4.495934585627852
3.4546283337251182 -7.753130475143012
-4.727448150387243 12.780474913780804
12.358300985600206 -6.378107214797964
-5.477660246457896 12.358086919729235
-9.180768897427326 5.008901821423446
9.385038996622626 13.164341271758275
13.209669595321943 4.202308393490103
-1.921210952517626 -13.984406723676074
5.693893435885979 -9.653075894956832
-0.5965463042197996 1.087048422479132
-2.368532113538121 -12.07560183197549
-5.939808947506686 -8.660152558817524
11.748151118399228 14.655155698394868
-14.972881685682024 8.146078786074654
0.18569819895080464 11.496978897006542
1.3254719586994845 -10.664823584145669
12.005161413851699 14.905111072065392
0.9755706786517031 14.097332437445683
-9.341846684791674 -13.800956448658699
-9.90804223529801 -14.169497578401703
-0.23812957788656064 10.050982431260785
12.433903418474713 13.908970992886378
9.049016895768666 0.13826777522871225
5.894045418844609 0.10179675692885937
-0.3663145024202894 2.2299061323717453
-0.7745055589436198 14.650808928915989
-0.8969274578862887 1.50399726432072
-5.317679502498033 2.8863894440538225
2.408289667391667 0.9740339859860878
-12.398101351925472 -14.59749310155933
1.777018536689237 -5.412181854525729
-5.952432615551704 -6.050993808255379
-5.912683394374042 2.867935209799981
-0.5158972348195778 -2.706407521571709
11.260904991474934 -0.008366292810416454
10.32831499056137 -8.027850184012726
3.6249309859313534 8.992823387827976
1.086851357690371 12.372233603306835
10.41890540551345 4.6569540003504555
-8.025718765701317 13.514729716066565
2.198214763966593 -8.326475524758141
-2.0737170757333097 -14.624777996872343
-7.619311747842064 -12.334205418539572
-9.815625901364172 -13.965619040051916
12.847487159551662 -3.6965386139053784
-0.642022852830431 0.8867219211343844
-9.140186218154978 11.86493835355395
9.73361509059859 -13.450946949403262
8.432591036222622 8.556573844078965
-13.094007863414383 12.153417332364267
-13.095548928318557 -8.830973530809771
2.5283719502901043 11.015785145398691
-12.754739954529677 -11.287778203643004
14.386143496223163 -13.704668764017773
-9.327238754099746 7.317732429260149
4.633219745726738 13.824577105631437
11.827307416587676 -13.29456264221979
-13.1770988268977 -10.049948771921626
3.8217818837899706 -13.36230458098968
7.802726393772955 6.77004698451438
-14.035371967690622 -11.701034037289716
-4.217708444028808 10.638067130645705
12.374925112210878 -5.771818814838772
-14.353828761354151 2.2013987370077785
0.378529145780071 -1.8770117800930102
8.218929236267584 -10.125565503191325
6.99219349762798 -13.082306395687826
8.182158432483849 10.459670023087913
-9.0243772694968 -9.607580474000109
-12.373708173417839 -7.701454685604508
-5.320589706079129 10.511973943862579
-1.183326283042481 8.258630444307578
-13.554366147040227 -9.212431448850488
-7.952604477233991 1.5356842447925914
-14.697423195855569 -10.499103527353743
-1.7531858153438318 -2.223123260321504
14.99303300689986 -5.475660922386929
-11.613826539173994 11.0729974699256
3.214268721123851 -1.288928894192722
5.051441315923427 -12.252560063385136
13.348079323982684 -10.479980765398977
7.3403767309269625 9.812907619675869
11.906375871351916 -12.338463425263187
2.7772549475992676 -10.651076039167389
-11.834015207523473 14.172745845203277
8.831460452009196 -4.664105194949704
-1.4989807212231874 0.2455592277040548
0.8894135710316355 -12.258777453207891
-1.3241212200065497 -5.26488758950226
-2.2057622574772324 -9.998998176390863
-12.819689271627611 -8.501137887435355
-13.610683576352859 1.8122103468246813
2.911565583514019 10.366861648208143
3.098410096838794 9.584659749676185
-14.883942513735391 -12.056240204428342
-3.491594376091866 7.544132222621922
-9.463994531424177 11.704158950367987
-2.6534439645393526 2.3405641908172754
-1.597806329743058 3.7944950836123965
0.0806907716519607 -8.76983484668408
5.9463443494731045 -2.0891035352033107
-14.937218760864333 11.209067853157713
12.209974993649364 -12.512237071274928
-2.6763159289520377 10.045331787593081
-13.04518326485433 12.237564317883155
-14.928745987210545 13.077615147329777
14.800128561043636 11.497048254757583
5.240740445221974 -2.6021602185710364
14.3165537635928 -3.211671896419034
-11.591032470736465 -8.289279326598692
-0.8253019221325335 14.924019312367694
-4.658882261289305 13.844445365439825
-1.1269505443378502 -13.722737087898201
-3.6718554752880515 8.303799881236806
-4.432663557886892 0.4383143056634182
-11.235894361202792 -0.5119479378379257
9.247662995947163 -14.914910970449007
-2.407384070779134 7.398286083952055
9.398523602683106 -5.5840699329612296
-13.419556789790727 -5.259808823089582
-1.5879513887534777 5.336939325915971
-5.799771066710262 1.6827093372813842
-9.09497196475571 -3.375469314333044
-3.052085579246187 2.8343003707837866
4.596175539061985 -3.8215083105835603
10.789680005870206 -4.947941760870895
-1.8785193386055692 13.470715769526095
9.795794397623336 -5.9982170733822855
12.536475968563511 -10.884351881959613
-1.2765214778246214 4.82947566763475
8.822642950794151 12.912945331479115
-4.026751188632714 12.503269430177362
-4.659072837684187 -12.614289285229997
4.006907886622674 -6.955120253695272
-1.6245440683000894 -13.011470993704844
4.489169571401888 -1.06880809246395
2.9225609724610493 -0.13167353416173633
-9.98920167244035 0.5319759004773541
0.29194151742155405 -8.480871615275216
-3.0579902818026703 0.24579618176507267
9.208669195707124 13.803593632246066
-13.258775176750824 3.2621146309523787
11.160873750736528 -12.883283650813532
11.264161057284415 -12.117900168894536
-5.874112564136638 -13.444116470371473
8.460527284158225 -11.10842475583798
-4.302608201298131 6.363850813220402
-14.58438093607009 -3.548216669728582
-10.88624965299539 12.2914495013251
-4.857308333634682 11.498742927057119
2.4265080790220637 7.979751502366934
1.0064370032229135 -6.573494396945559
3.365590600698738 10.887236603625443
-9.114858992621409 -10.004637028935463
-2.5348824376616665 6.413428326799728
-12.832922371329934 11.56568853496093
1.2432181946178815 -1.1597278788086491
-2.528261322838553 -7.504481958310434
1.5454443023887166 4.094434126788322
-0.512974013027506 -4.583215539679513
7.755380033520215 -8.068138938510444
10.589764277222248 8.519559140451877
-5.011833140780622 14.363284349682296
-7.7141185694653895 -13.177350456133244
13.646909233095336 -7.809559817505958
-2.929754536098626 -0.9673675583238772
-4.749500133416511 -7.571167008222467
11.09412831178212 6.640915006138362
-8.041554047058138 2.6952183456545704
-12.339127234522218 2.828501335987763
3.4676061511036984 12.166996915892064
2.767018524805998 0.4300972296259129
-9.762164263848323 -14.524898627645745
-8.95375648516437 1.336342027818425
-0.9799100091493447 -11.091238667275297
8.973098174849135 -9.366854181074892
10.217018225232462 -5.772649700672899
-11.950976300852615 13.544998761415396
0.8149563158302957 -10.139245356208223
-0.20513309579298777 -4.65223062867701
-1.0012944081601702 -11.298157247320466
3.2443484126289235 -7.662782289100667
-13.974188722196356 2.402092275100614
-12.227661339783765 -10.449841477455843
-2.3861047858078113 3.385730508569253
9.650818795754216 11.215055893851087
12.50229089385694 3.4651661215407406
-2.498707515499026 -12.055613634986186
13.075547046189975 -4.684506826205917
9.070698534422881 -4.82128943338148
0.5195603627569731 -2.5134416231054786
14.300747603084652 -12.386635095554128
-12.676455562522765 14.389757240886311
3.3905383689207937 -4.761610144850422
-2.04527730103033 -2.203000395381318
-4.678965085367267 -10.140460164531461
1.293877355769279 -7.715033243259012
-13.896646668675873 -13.930604430450884
3.153670171898664 8.893137697815021
-8.870338004376041 12.4872028394527
1.6958014539422273 7.239299165773037
8.914413413564095 13.788222437281465
6.019787457363819 -11.88978447854867
-12.119042068828778 2.7246630350333483
-4.951089781204676 12.161148368750315
-5.272133423988267 -12.18943836913301
-5.463590188007526 1.012427174132199
6.8667209340844835 -7.837278083542846
9.631587158977762 14.006026946023749
10.909762533062406 13.098166913674444
-11.905897309965361 -11.027452555438858
4.634834637810215 -5.827118125183709
9.5927118190635 -0.5865568526406744
0.5637212722493814 0.9368649037096013
5.382692997034361 -13.613042632225255
-11.83969697251849 -10.721335527006817
6.009797817999157 -4.758214330411148
-1.210995518761722 5.271108786053972
-4.032085267764055 -0.6448952191581885
11.078349993608612 14.452558473157229
0.7843106169872875 2.5546089146763755
8.736081222304676 -14.432554224091719
-1.8710965577292225 1.5846999327915725
-6.308186630483522 -10.796331847794823
-0.16415246865975597 9.714256360192842
13.571434446198474 -14.526603112038472
-7.608967060559802 13.130773830265131
-1.0538847195839942 -6.477272261053139
6.229150231582668 0.4340244537053195
-4.378410502546352 14.712916812173464
-13.776323770688508 -2.7741657346869513
-2.0401883842282924 1.1081337056040823
-7.221261520023462 -3.871869382765208
-2.929172310994284 -1.288502318551295
12.041312816893857 -6.8414811068663255
-10.725847143906789 14.486780303556923
12.07311818342491 -6.76529248567933
9.554044381959699 -14.922043341744246
3.1640466719359424 -12.482812026645343
-5.480816908095335 14.542230308601294
-14.465651285276785 12.293289977548934
-2.3586205826486335 -3.599008588898137
-13.566104075400016 -8.309191842985145
8.410957265148113 -12.382109213136383
13.713360542611646 -8.30679764159336
12.517445180014825 -7.926608023880534
-0.6384452946112198 1.8702099391596754
13.083632124652638 -12.773896255667868
-14.015536626041975 -6.779218116144008
-7.301771853212417 -12.868611856505513
-6.321764757535558 14.783167759736983
13.417352021839541 11.219682177220456
14.499812313546865 -10.525504419036446
14.143556650747009 -3.0831809650935735
-2.8117492168057225 11.025365597028362
0.07756605043031684 -5.129560869219089
-0.7119955254986561 8.897402273728186
1.53494984934796 11.35784459620983
-0.4860229793901034 6.544971443717607
-3.3030944963481232 -10.576636074318753
8.335549073052235 -5.2293382766321095
11.526950169949473 -2.5288417386865696
-7.633861748001972 2.704958736628164
-6.204624500933326 -9.515238852733946
-13.598830597819621 -13.761852771338297
-12.06604693585836 -11.010065319277466
-3.083234535270382 4.857688452750107
7.285281710907473 11.60508100225164
-1.5798097382998346 -7.599814659915199
11.184223278887977 11.832493215099035
-10.510153946390071 -8.442930557906887
-1.269398064475336 -3.6876725662807814
1.8737812825930398 -3.4008689546879225
14.44239537324492 -4.772479672655679
14.762663309915151 14.493605081170614
8.949962308395982 -1.2162653626655278
2.8544852267845826 11.392525839971068
-2.209663157372127 -2.8389278007855836
6.1261184348609845 13.181425289421473
-14.50269091077949 12.573656362604279
-0.9187836139574781 -7.652227947824713
9.793016732187347 -7.219876461422453
4.5614211627320245 14.908804546750428
-11.02680938385557 -8.400508902703091
10.602024742132482 -10.897292592598449
-10.398252860728826 -10.63638518888563
5.645734926030421 9.843126705423181
-9.006322711118155 13.609429526647943
7.57901406712242 3.8240281138055767
-1.5196846875930312 12.097479654549222
-4.831609664950495 13.64178311972805
5.138460248922712 -13.526887938634765
-0.1195222057103269 0.8973138702733756
3.5266336074764126 -4.508710472059377
7.165871022243362 0.32097317699244954
-3.183927783264558 5.963223047189931
-13.24173423154184 -8.957649295944847
-14.24832065357375 -2.0812764798484693
-13.77782859185986 -5.136370665984213
-1.2485669586897856 14.284085387566012
-0.1610169935296426 2.210279071585571
2.377549635497978 -7.2172600314740345
-4.463031026261865 -8.82576770626136
-11.43406548442644 2.171969224105002
-0.7144158944880559 14.84854079673529
12.977451349820406 -14.603150498583249
14.582596137441339 -3.522892121544972
9.372374601598594 -7.3524018963781534
8.321760010593348 12.483161203759007
0.5310241272494505 -10.89775763757332
-8.274963180785704 -12.76577384093124
-6.714065745182221 14.071933102275885
-3.2021266864111926 -12.785392233274049
2.1419051769668656 -3.985332434294609
-2.804518863926166 -0.4943546682503772
-13.99260247619037 12.617646896021885
1.300213551486312 13.08411844172458
-14.267096678865137 8.83896084360197
2.2537064435573164 -0.4901448382804894
11.650520953871698 -11.141825001548803
2.377181454319885 9.702918564931409
-14.856893759826168 -9.984946514663166
4.96617469207769 10.016848239984352
-6.494605808160667 11.426932956300586
0.01977430002364855 -7.209298413666519
3.2017790461141225 14.864838376997323
5.499399145294323 12.76520010702977
-5.3645083233890904 9.663686333426902
-6.277518846988032 1.0903905516141386
7.0414076660042895 -8.53945341355922
14.131893256733893 -8.2615373864686
10.670689255621895 13.969081777541824
13.876885886188173 -3.016281156683732
-14.540662198864897 6.012753540530191
-1.6440276248575927 5.599526221188999
8.361810691467854 6.051008099156638
-13.04603091702793 -3.1550391888634373
-4.8043031983774025 12.93177653768624
4.382437948588912 -7.747604528775395
0.14827335061116997 -0.22563406642707484
8.642163519412584 -12.28424751341219
-2.423237013289654 6.327031857516609
-0.7745219788234827 9.878693109139391
-10.045443332471923 13.257784239068311
-6.140316442382993 -10.549634452703998
0.8626440562026882 12.359160169006731
4.432335610914635 -13.010782704883713
0.785526636243354 5.118756536871729
8.870951984925863 -13.281611917144039
-3.459210269605796 3.395218968355376
12.080894091914367 -5.337655055609108
3.7723328187550678 7.113613392326446
10.472691584019378 4.543198135015992
7.445937977216491 7.291271431505572
-8.431930255756184 13.701925886008798
4.844422313222768 8.52091954759803
13.14164985950643 -10.488826039446835
0.3190139067878235 10.186711224160092
14.439928418083909 -11.379107594308541
5.631089329128436 12.363106258252841
-0.47694575203112777 -1.4791428278695946
-9.715628843466149 -8.134502284912163
-4.813331759787875 5.6972124882616875
-10.662029664173467 1.0548766639788738
0.8462482531993274 -11.236145209302734
7.573680641475814 -5.837873534318916
-8.723684350282877 -14.707561679267306
9.479080352694549 -5.581137897285743
-0.42022097110559997 -9.287393657079939
-4.372398527274843 8.22210285782538
11.845173278975626 -10.128380519154902
0.106025006604483 -12.002890722435822
4.373447080276669 -11.51020428605953
0.7499024750296641 2.1183194551330793
12.385553322193523 12.855605484004283
0.41539112038754844 -4.42027906108753
-2.7253060037390107 -2.8146631084323595
-1.459987557466981 6.121214224876425
-12.22417185819037 -0.4310180588533914
1.9154815295135137 -14.162642787701605
-13.00866470093698 -12.5112807243474
-14.807185045688346 -1.5307104732583632
2.4334839428773165 1.0681685014515345
-4.5131785247920355 11.238953017943057
13.926544987977646 -10.712855094465342
1.048423295486547 3.9992592751857714
9.93954362400919 -14.521474729404483
7.110620918085889 -4.543390573327336
-6.598880951548603 12.91063335876369
-9.124861489653139 -8.391295132619767
-13.778066558860415 -2.7171572063295955
-0.17395466065235077 -4.092111093029429
3.720202610261513 8.586215272761915
11.711633666706078 14.968728089082603
2.6577103364684227 -3.7594152588028233
2.397468043543938 -12.802905983934956
6.477330510788555 -10.530355986886159
-14.152197239323701 8.294081385116232
-0.8488623408796272 -4.527728277129011
14.918172419755273 11.094188394272493
4.36603975210253 9.064429289601808
4.30543686078963 -3.790200628413505
-2.5464537910661207 -14.789482165815784
3.5014070179259207 -1.4087023665879457
0.08890210195269077 -11.354781705915656
-8.334206443097415 14.38675929925665
1.4304989514320532 9.309418234828058
-13.82048976017354 -4.950262787486233
8.923295735970406 2.721096177533635
10.792886751870252 -3.6448439235394616
-2.3729570528479975 -3.156682368888566
7.175726760698932 11.721229576483235
12.909588296274357 12.937604540293055
-11.808546452924086 -9.593398877710626
-14.470495248634974 8.405063661433783
-12.441314085033737 -10.102522760867508
14.371840560931197 9.477745038414039
-2.5721477128711783 1.0150882650378499
9.997970568580893 -6.098556589709476
-5.034964260444337 -11.071457249570624
6.848234386253999 13.830951538469613
-12.396938406187116 -13.384288571269385
9.752365846859309 -7.598827515784649
4.393953572351226 -5.889151364200435
-7.930978090217514 -13.846302864978611
3.5465351506168084 9.22524961925695
-3.9531527671860864 6.457066998081103
-12.12329947028971 -14.53020336948027
12.43643801486477 13.05257930778043
13.047699849480388 12.463088561450263
-4.911497189599986 3.4902802864704263
5.336752899278512 11.481142329409455
0.38264885095538226 1.9461240543061251
14.08596939399903 -12.537732223127332
5.466096762996898 -13.463560184978853
4.985519589379567 1.6516852596975156
-6.2927579662571596 -8.974433023288936
3.79580349474762 -8.759138747661694
-1.3563396277967161 -3.5138381042184825
1.6024324326331971 -13.596328589302642
-10.403542281309043 0.27499344500629164
-8.268489946514919 14.254238108651158
-6.827496571341081 -13.09678902275362
1.7205207941599419 13.099465219473998
4.476081159277243 8.611860435447223
8.971162360575935 -13.421470880465417
3.3512039475224675 -4.262534956577962
13.690015366108021 -10.13498748822565
4.679450645598486 -1.8041991852113384
-13.600798796255882 -4.615881711861281
-14.800794358461363 4.910130866956898
13.53189338790316 -7.282995034945859
2.8467777459025285 0.8465426898278761
-13.01341216373086 13.111056002588299
-13.806668363978641 -7.851675847588129
-10.680926934744512 -14.907977348389993
2.9236002354419597 13.538919987867935
12.39043870265963 -13.759450437211187
13.482730908339736 3.08860270701104
-13.219012426905687 -1.705568340447023
-11.091917699230438 0.8306662949109196
-4.541143155217197 9.370601476737093
3.675823214518143 12.60224821236688
-14.843837751408152 8.467107153103953
5.085946685321925 -7.692371326794724
14.46622702514749 3.3886963814912527
-14.649904304753639 13.170528236575112
6.328416597352206 -5.360888878664532
-3.6488965481301445 4.706050341584348
-0.9673720675707731 5.749774179237093
-4.625668018569108 2.2949734055363002
-0.07104483400272343 -14.787603192002646
10.4367021488046 -6.832028333977501
-0.068864779151534 14.805534769001504
-11.960736877457077 -9.58593098354969
-10.49503434360281 11.264040024208898
-12.340613558155242 11.503576919009067
-0.16200820507926394 13.959880303305454
-8.449045367813762 -13.006946892985514
-8.57312534618115 -1.1986862864160033
10.899105085008127 6.976267882373865
8.71421394216728 -8.934715642810817
4.148428615790262 10.841928397375547
-4.549087989339856 4.11516675336399
4.515448452650826 -10.892241314674825
12.572960826203776 -2.736409670322983
0.9266011675109329 8.015731666285461
-12.622070015714831 11.248975390557959
6.322292433845892 11.535745233557215
-7.964330242549932 -13.393097903889949
-5.869209254519937 -10.654784563202018
4.589225478959072 1.0993768207179926
3.7565416509531886 10.85637824319398
-14.666168805560853 -9.446107541008686
7.158510044620083 -7.627523908174137
-4.37196939844203 2.9273170150693524
-4.126111159889739 -8.659507220666237
8.15165438683368 -6.091339451461476
9.688036659544217 -1.3983898165934665
2.0158889483717353 -7.770968992389554
5.965675197075619 9.178629386824955
-10.057706136508568 -10.886199970477916
14.998357504139811 -11.213225556619193
7.958846950917323 -9.044902279239446
-12.23211243156608 0.2883559200100123
-8.520105128051839 13.045814676853603
2.63676462891981 12.122295671663831
-3.7292763439060437 -8.017092886762718
6.441534119047844 -1.9514327310850863
1.9515606685125633 11.829809586950173
-4.851466659765823 -11.7220154356165
-11.978478547759758 11.33197866679643
11.64392755295395 13.91640291362829
12.637089801541446 -14.437748826465533
6.5102012321640785 -12.122184389150302
-14.599475522326946 -11.942702368009993
4.105499109061679 -3.3125823187095165
13.55177831485452 11.638126617364083
7.538952247749606 -5.108025960673274
2.5142406138463755 2.5561778133877375
-13.80712021255999 -14.671730117794615
-12.153667834154652 -7.620132336490909
7.238955485628956 -4.730811098965937
-4.11959572554891 -7.355809272067255
8.525010268777727 -5.758774168342121
10.172808092828834 -9.062367352237517
-10.811482997876066 7.737045836697899
6.772517592489734 -2.8292954829313715
3.2472815018233874 -0.8670005916359678
11.29895993975293 2.8252743923444044
-6.631580395362089 -13.774028832998027
-9.538242644679222 13.507841140822563
-8.10695727815597 -13.806436444222648
-14.414754050401317 12.876841734526128
2.642447141128091 -1.0311959207567085
-12.474700783104527 -11.996006060091567
9.124283157650837 -3.0487428105029313
-9.32824694519598 0.77314560450343
11.981872984918311 11.798957280108489
0.24858221907309996 -14.275768406444284
-4.173336364205092 13.028780009280194
9.96644280426958 -12.108026834441077
-10.50685724165103 4.871135034490769
13.555091226176081 -5.357965711309825
-11.126458509245895 -10.173832714204995
-0.013353720551590342 4.967469496033733
-6.428611615374365 0.6473968364326499
10.697336425155118 -5.578142245655156
-14.137261178182026 14.713330651592884
1.6119058693617632 5.8959964475418865
6.118761571868486 -7.179389203466267
-6.400171284335666 -10.16389433127403
-5.40320484661752 -12.508672633748438
-6.170971536268567 13.03261316735735
2.800825526786415 6.298713575398409
-14.477063351750786 -6.919912442292869
3.866477386842444 -9.711549173819538
-2.078299860377893 1.2147592055511574
7.975627688846423 -12.939295883870592
-2.990310701846651 -0.9233044039530363
-0.8123687067211378 -0.37363598995133884
-2.7571810020319383 -0.023592179288739246
-13.520043514814875 -13.908816551903197
-12.282149301080647 -12.700336264735363
-5.784399161947221 -12.200115896692198
-4.837730767681501 -12.327381403386038
0.7303680912219264 -14.04774024836749
1.58555925271542 1.0537263879112828
-2.8452044350573225 14.305570160807477
5.637126321310756 -13.843474917642864
9.521373926257446 -0.2258223879883836
-7.095740822532623 -6.899140624175393
-12.539495449172424 0.6044180040710803
-4.525502256045865 -7.28969683134392
-10.799369151632655 -14.808249537087764
3.460747814931185 -11.810345599919374
-13.53229244789294 -10.977793643420922
-7.006068652974863 -11.806457905270129
-7.105179244671895 -6.891164635759342
-0.5267518687409325 -9.183853476637847
3.8132184732692345 11.739089126306514
-0.4606086943165941 -2.69156906958629
1.5342592259761716 11.617688661946772
-11.982302565832615 -14.826488243391529
-10.980314780465276 -10.321765330525317
-14.864555846647205 0.07895554743261002
-11.076115892709089 7.973384149431524
-1.4473306293559904 14.218052170753417
13.667866333559843 -4.890384888700472
12.071290864663425 13.53527975883835
12.2891311985097 -7.446618603483427
8.513611887855994 -6.552642948157805
7.157993111224783 -5.061812501776329
2.394212142206385 6.006541196205028
-1.4315352680720785 -9.49984933971546
14.881897621271982 14.00084371232537
-7.482081485690251 0.6292148188172355
9.159524320720479 11.562983921409458
0.4100123936654789 -6.899284878015145
7.573551363619259 -12.350078725454289
-0.728338921130927 -8.857489168058972
13.061225813412989 -14.865710503168515
13.486643421714678 -14.036388564554095
-6.641684115019601 12.270087831764606
14.365725178852994 -11.536572471405835
1.2018522177870068 -13.417313416152346
3.6671795753928897 3.8531439062366246
5.175659425612693 13.235651191697816
-1.625118293256465 12.867312844974581
-2.4488759981800214 -12.493644184788248
-2.144857974075892 -11.337577535764655
-4.9278413606446385 -13.021493213546108
10.80590522226358 -13.801110847394176
-1.5498952670045831 -4.797154475050016
-10.927248568119929 -7.6412257453591
-11.588829989365632 -8.681822974418306
0.11080292099657818 9.836589141042577
3.0879442772800445 -12.76195625266039
-11.457944091506375 13.188533111869152
4.186501632506598 -14.228198984516363
0.8533138186705322 -1.1935598196030632
14.737002132287792 -12.476009233359049
-8.8448211806562 -4.752282203906825
10.862631866662475 -11.045497281107794
-11.082322959307263 14.95839596903015
-6.920288096080485 -13.098397431644758
6.176639085915362 -6.357632383846957
3.2648859978316658 -6.17406732690174
10.46806114156512 -2.433215068777253
13.71023864266548 -13.968760733008331
-12.475431724365052 0.8728468859437672
0.39079759640905287 -13.578381646727975
-14.635308447410146 -8.192235679694441
-7.48737159483536 14.436310563336527
-12.85981626894523 -0.15037321228322043
1.2678760985096353 -3.467796573706188
-3.935631007900257 3.7228781111041336
-0.04748690844804848 -10.96107986460462
10.35524659054744 6.563713543459389
-1.8210811355628245 -9.057877162674313
2.22035134992462 5.351061627994284
6.602708435019263 -4.8863749992242305
-6.8480450443373915 14.44161567514108
-0.7204880831851916 10.127248757257576
13.379501697313053 -9.495793995914743
2.6797020304115655 -2.1765900543858887
-0.8291004043565202 -10.050954705719857
-0.16746953040776624 -11.924005395948225
9.422357390554922 -10.340743684081874
14.237184818735109 10.956404323021424
1.632407713301209 6.22374335123823
2.478110978357563 4.3128496305463955
4.571261459496654 -11.05000495982771
-12.101277765876613 -14.23202960144662
-12.248780724123801 1.3200036599814275
-13.880032391075735 -5.9332344025279635
3.3436830076363186 -5.4267731958121015
-2.0189828954400824 14.421584421200652
-10.097743607226212 -11.699570289657261
5.9358086787856195 -14.812367364839563
2.5127827149419986 14.45884641577804
-0.2750337000473895 1.019838457629831
12.509788456409908 -5.129334701426934
4.128227115514857 -0.2787054029445155
4.7810795695827615 -12.704667711575098
8.162091886290199 -10.528071338614435
-2.244952340388318 0.42528639649208877
11.627675202867497 -13.391769918487839
3.590769048096167 14.021347274457511
8.572573083435948 -0.20980493903367403
4.033441135319116 11.44481766237341
-0.956946899189612 -1.2873879927312686
-7.232848881549188 -2.874733957392876
5.421342383581962 14.429228436029913
6.846562746347445 -8.370429798127923
12.788673144825115 -3.166676749674334
11.633705525661615 -6.372528796311624
-3.266069839565745 -5.9287254238252896
0.3845756875969606 11.688003804844733
-9.498205161744156 -8.158261068106087
11.17109067632516 -12.048968646801681
-11.617994034794304 11.809806172779929
5.775009954544089 -10.399699519358942
5.436090055623492 -11.974811025110114
7.537756827830538 -12.084615307418908
-10.61612849377881 1.237189069642266
10.51038910650231 7.9667815668098125
1.8289184346947742 -7.988459735046338
-11.197520406697773 0.5103361165627831
-2.417421784644997 -3.1765188766710093
-11.750733254668411 8.0346675914301
8.541623860114377 -5.496651593839086
-14.315898108350808 14.624859059986058
-14.2173407497074 -2.5293562570140633
-4.283220607079333 10.199828781510504
-2.5188513544571673 -11.036114913325616
-2.0100226584926943 12.901470297474614
