2500 2 5
3.357567853392027 6.996933707549992
-4.533886889664219 -13.172461004410534
-1.2328974335332745 7.0867378830232255
0.09873165271765316 4.4445151628242705
9.468264038321 -10.730719236202766
-14.726638111962224 -8.71612356285042
11.574339964074193 1.3931041135896747
6.666449507751761 -9.830725593322239
-1.2569619702076302 6.226384308875506
-4.695606827838414 1.2755810232574198
-1.0422608674676468 10.734616577073034
14.810665995871204 -11.48372700512159
-8.860864007005993 -10.051637029640903
-12.286452379600828 -12.967776360758565
-14.823848081144547 -4.444380314468917
-5.66032437614138 -12.137078271846384
-5.227105153536735 14.661081038792446
-3.7528006009352026 -12.663245423039738
2.6832032647172213 -8.851186041043409
7.601979979845044 13.606222112468267
-7.210289325593189 11.30719877313918
5.387098914131041 13.538750104703706
-0.6180036113897565 -11.125008589518366
4.071862677925427 -12.16336375220774
-13.947869505844029 -1.0511971240877713
14.558888195117774 -9.47169666961079
-0.99318557012902 -9.1752409552739
-8.058178910167419 9.577880181837516
-12.833071994990155 0.518604802304031
6.167605693239135 -1.9574936550840452
-12.657222377452104 -13.582043096457928
-5.252920051835639 9.72864499147876
-11.316777084638389 -13.844475576096297
-14.100810984868513 8.980957328078642
-11.054827560697165 -9.221717861361961
14.340586287086687 -10.618774722452843
0.3887826211139558 2.31401618248983
13.554682969466985 12.673915553931977
1.1610527063372018 -2.8568953897894183
-14.018131305974755 13.462879208768566
7.683285534961563 -12.631256014768901
2.7343958220097164 -3.6531904111205087
5.621374098088676 -8.673021236176893
8.098878656833435 -2.9525862406100405
2.3019564840383637 10.725121067936183
-10.179511707006501 14.616320747350962
-6.144861704516298 1.584624779516357
1.4539362585889641 12.227122970601272
-3.0831636697351392 12.691126192044955
-8.701330106146182 -11.335518393182497
-10.300054898490803 7.883026489985506
-12.170106497699553 -9.627011529500047
-2.080825889270134 10.557547150222401
12.189085739407489 -2.5603506290727136
-12.068723870416111 -0.18434252358033199
-13.824298044648138 12.085911899973848
-14.763265884661838 4.826579319414989
6.414824525392799 9.955337938458644
-14.33498301490275 11.906295527159013
9.815526704498662 -7.277232794662981
7.808971490921966 -2.2614276369793416
3.9197650210509174 7.363836973737492
-13.39004563852622 3.8688518349364607
-14.401945312539453 -3.4694326815203933
7.304564011050584 11.168688417761011
-5.049591513629657 11.883803504647023
8.807439285694404 14.739763465600333
4.78935293985295 -12.020181247147809
-14.653546853180936 -1.799987401535093
-5.603377063433895 -13.847577325969741
10.195030920729724 -11.772350353405859
9.074356013827835 14.096697971177097
14.231073867231286 7.475483775028028
6.226200999502439 10.089003959612167
-3.5456890609239125 -6.507457098365181
-4.710082427766974 -10.785204698913757
2.54098775458802 11.791624727503653
-11.755642341246547 -12.231707426061169
-13.792949554327663 -6.845613767070137
-11.368226205989297 -12.069457269314622
11.321658729253887 -1.9212719823309747
-3.089860111384045 -1.8433385456954774
-2.799832613041561 -0.6547370342073968
-2.606237075555672 -4.08018711671037
-5.141358466329503 10.712381532356634
-2.347747160841511 4.80274278903908
-11.190433653957014 14.988614016658993
9.0534079388704 -0.506165539488082
-8.897286200482206 -9.807144198145666
0.22397667114301534 11.372110861269672
11.339723971102725 13.944747439461523
-3.9042339271664943 -10.813859906524744
-11.76934108528101 -11.27957244173028
-6.679557434618564 -12.26684371757009
-12.527623731658025 -13.881783031802454
5.8475734689973535 -5.857514359845277
-4.194125460545461 11.041627679314171
-2.268144556860193 8.789419882087234
-13.224987714557303 14.038544286094126
0.6547038504904314 -1.2517377760609865
7.788286165793455 12.709346063390498
-10.587826825604163 14.241815273555837
11.34062985421712 -14.00306674217872
3.160664945525191 8.753674326446017
7.117706246585435 -12.763839373257099
2.328007736488402 -9.16693732506324
-2.5060470909996795 11.896160221799079
2.953956449839172 -10.549913285992005
-9.61189735606811 -2.844998951948679
-6.341232172946629 -10.862854172089566
-6.272778729901198 10.502606167758731
4.990190534752639 -7.755057523557193
-9.422892188748861 -11.427703283748984
-8.209620161413454 13.402365181978272
3.7162397555051783 13.514429327491804
-14.317237402961787 12.216838199070793
-8.460726090487226 1.3556845817967087
9.487971295903405 4.850711752715289
12.403430819099782 8.1162606507379
13.645920210635513 11.58619111933043
9.058403583768367 -2.903503501628311
8.085785560072361 3.9127371298707767
13.686987603001946 1.4173112220208899
4.41236309729409 12.857782874663435
4.013733277907207 -14.916840301490913
0.7791358268810296 1.0515062776988806
-7.3196503566004605 -14.222672566697463
-3.1326209213380505 3.1869322578851076
-7.900009174725425 -13.630956786364557
-2.2782841520535158 -7.894958675831286
-3.5035284236246653 5.420750504814382
5.138590077236593 -7.632136697924166
-13.041881035801454 12.359174007088317
7.159877775017257 -10.28164851085461
0.14628819853171926 -10.54516488368515
8.965844645223468 5.418864017831851
-4.552358341525181 6.980058427682351
-3.2487040292408373 1.6252215878337282
-5.966093106190835 -5.59718789479549
2.3215318208333358 -3.131188612121406
-6.534354169589388 -8.591942820026926
9.045798312895421 -14.676472578150374
10.859247317615711 -8.423471121131845
7.139638332369558 5.067591140872249
7.910234429170785 -7.129149065060866
-4.16364301717954 -12.17434292109061
-8.516017708958302 1.4593562875175863
-13.278591097419241 -13.414241036844475
13.269786665514928 -4.219223950692109
-7.7593232112480575 13.2775662499599
1.2909461367485129 -14.534471123548352
-1.5614441240314463 14.577504871313895
6.292637275005642 11.995289484260649
3.708713445592778 11.098229346158782
14.56451910856029 -4.443659480442765
3.420978304185219 -12.455033699358495
5.39173693877872 13.045652324592862
-1.9059116845180064 9.653931294397225
4.764922782391423 -12.20081952118277
7.394701908416941 -13.437707131660575
-12.387807792859364 -10.553931303782601
-8.960131406993986 0.37286098957609326
14.883463193649064 -3.4901029721981462
2.183962108528128 8.373108059790404
12.969162700706846 -7.6236987325622625
-7.8027063257071125 -9.322468865596267
9.161772302755976 5.137405795853562
4.524733592227893 12.536424655177402
4.530797408040694 -12.201074171696312
1.0384097932229146 -9.40619824570338
-14.50553510014209 14.338545658248055
2.230767901146802 -5.119151096170608
6.361555699976545 5.370505912571018
0.4708056022634839 -13.190622384872965
-11.986042852725763 -2.6577972044214064
1.544548307432862 9.691607996595806
9.098997799729492 0.9965024668259167
9.65534056353957 4.820870635304305
-9.134490368496856 7.982428088938748
-13.687984593807336 2.6105623393945336
-2.2317596226019383 3.2909115604919705
-6.537317481417794 3.4730453419260883
8.29862812894756 -13.709250665234748
-14.46310416466866 -4.505011002897394
-3.352625652266445 -9.054520493529326
-6.157564021536588 -4.62210232306994
1.9745888460278174 -9.908094166172106
-1.8463410183734439 -6.74706782336121
0.139500426475756 2.8062554522557726
1.7264868655783054 -7.777899538877968
-14.70394642527039 5.23870478351861
15.64521005886883 4.164230186033387
-4.27166523363217 -9.265627584048035
-2.3576249697424636 -0.8617737243530925
-1.1906667895483007 5.838407659011253
5.517759534547412 -10.07003135470551
5.609094982089758 -14.856403269660477
4.534149946577955 11.15028196681573
3.7830086568608614 -12.540529662637951
-2.0416628439022375 -6.105054889251891
-14.618010351723347 -12.146890138249095
-13.90704570880417 -12.774552960834264
8.616740380507252 -7.903285357535786
-0.34775854650657934 -14.125966893152382
-9.965364747586786 -12.102768719796893
-13.636217722641042 11.025030714813077
10.386342629962897 -8.448710406209234
-7.346463714728661 -3.7150340327933367
-5.910072429015173 -0.09407189525421789
-0.9053591359249058 8.166747009955891
6.331538203347911 3.364196576929135
0.04793248731087907 10.112608593522012
0.5290904423620386 8.02313280504232
16.080272356415065 1.5785928398772267
1.5489048075360827 6.741516583707636
3.8346921070505324 12.38559202432273
6.718752805029281 2.3109168738465846
-3.220204887242538 8.991265894843334
9.842628341156644 -4.349007685825793
-0.463326023836494 -14.546333040414947
11.290868149276655 -0.9991995565253302
0.19472584088265066 -6.308841423764251
8.617327365023197 -6.464452239719483
-2.190598706360987 -5.693031148075491
12.31898749256488 -5.772292227305131
-14.403964060132024 -9.900313829639394
2.605426542511335 -5.553141114230058
-9.84078452439454 1.357086237321468
14.458128545137036 12.132937053652594
10.43165239139864 -2.473319888754533
0.5925191003837362 -8.286729499414529
-5.917380860309224 10.333679910494368
7.745627625686098 4.441538051652334
-11.199831644490962 -0.5403734709119874
-4.6110303995119 13.159292954480016
0.5884676141915062 -1.4839670693333638
-10.34217509166303 7.330025877529133
10.63596165361729 4.245323455027301
2.2944925099190456 10.127896548616619
0.9887836532336287 14.096930390579235
3.4966276403364773 8.784813912602182
-3.9254726928907964 -7.20478847717538
6.3316981216081345 8.974796168112746
-0.4129392330695367 11.740394596552271
4.630742053082976 1.136363495531974
0.28317654174954754 4.4337257244854875
10.094675756276992 -11.022873442383828
-13.98496485141418 -7.822686861131469
6.620596740978787 4.603835217990038
7.860542160582578 2.750010786025737
8.116227574449987 -10.070722719649496
-9.341019799552825 -13.94000054514061
6.546555765283273 -4.119978345939435
-3.055638834907903 -10.712125166008022
-14.539560823145818 -9.441994038225594
11.909340656847313 8.745418454048878
-0.05058255599960404 13.927241814833742
0.5833480825948829 8.276645208754918
7.075468269492662 5.014185770086589
-1.2492383375392997 -2.328846905320802
4.303698888748642 -11.734380868903303
-10.462086624717482 -8.066575829660504
4.321463283817128 -6.160196810023873
4.502809592643015 -7.956157781551594
-8.819819377663674 14.044059847918284
-2.9371135196091025 14.102545736606974
13.027318411253583 6.431676913966578
7.813052965433702 -0.4040494135756525
-0.6756605689305903 2.091065532826928
10.101787046002563 -11.458160525220197
-0.4230590452045 6.819518659759073
6.413677760448529 -8.91076379014548
7.091670105856949 9.842386531611321
7.668464572796296 -7.357358190522232
4.569949902782636 12.50881126692941
6.623881539282465 9.838505797726707
-2.432260503483226 7.437219762506164
11.430743317153684 -9.776686179395499
8.560361079516191 6.700159732161097
-3.1991428835271574 13.759795005303022
-0.9991790547763699 14.051566576732721
1.8971052642601514 6.3574264238253235
1.3120787799193607 -1.8077932306105637
6.467072957485719 9.50895367822772
11.978514053669755 12.326244199971637
3.1681180350017684 -8.174883735359417
0.25984791583970335 5.109804300873453
11.245466839455936 10.306827102607802
-13.945298933211998 -8.901409695217271
-7.495633023048337 -10.176922789646664
-11.55398026601518 -10.647761947689183
-10.509392894693088 -10.411080360578737
0.5711969774068155 12.440672482783693
-0.9679268105292387 -8.268061172732413
-5.145328936926802 14.196968578827132
2.1310756481188733 13.110951655113663
-14.512705058453314 12.85978185792463
11.95286145359952 6.277187687794246
12.853015187923482 -14.964610862712455
-1.752152646018848 0.2343262339151
-11.598360861862634 13.443320777349342
-7.0334004076276635 -3.6761540896228353
-11.207522208029093 11.944082083890624
11.733799471571366 -13.977134110211075
2.341765870785391 9.409126987217796
1.7428901319725902 3.5695209855923977
-3.9703110960978183 11.394723668474509
2.827782911378769 6.533677181532045
8.006926411953547 -12.890916114124806
6.188813044403794 -3.7284853111744827
-2.1488917299987023 -4.618616574423722
1.4660824334937246 -8.63514460549074
1.0605564735874573 11.681993915314088
-9.676706466966703 -6.247100766487785
3.1392673531083837 8.874025410101797
1.2180727299531497 -1.7686340900093676
10.726850331042833 -7.435753662203779
-2.501420372295687 4.677721512927011
6.8351203524747675 4.966550082441914
-12.883752396283167 -5.020896966607705
7.630410104828254 6.800744988063785
-4.919384339768159 -5.4349100979956235
-2.4859047029853656 -9.128310964832327
14.941862102829045 -2.7342166958983114
-0.6323370817822909 10.476603036832561
11.667114470038452 13.778186531026062
-13.934269534048827 -9.775755746107137
5.364189371454174 -6.74694520734006
6.078229721072226 12.710304979913055
8.922032918738083 -7.614052651682275
6.910306028425129 12.608555994850555
-2.118666708055926 -3.8058100502467003
-10.069880573810934 -7.6818403481928925
4.8012683654424535 -12.392235095621231
4.300915986127102 7.4636904819573395
-4.48124929293593 10.471568979346667
-1.237475310741786 5.954364473689235
-14.30349771229995 10.70727540458713
10.293928428031375 -13.937617168429568
0.5613626170919677 5.904738752677314
-4.398154104977378 -0.6748931887208744
-0.8536754271479108 -4.678089864207667
8.852900205444623 -13.08890501804252
14.331115814548902 -12.508087034313082
6.337519435862223 -4.978104036789988
4.797693391901483 -5.422294239327458
2.0490185699294905 6.020276802652315
3.7693779701247188 -1.0463805720341952
11.08643324196148 12.69439299379194
10.22739845369398 -12.781441252177327
3.8743819599640297 -6.443943332385306
1.4759428615598118 4.215662754376623
-14.26845095946169 -0.3956572683079038
0.21990047574835891 -3.997224319744703
-12.956066470835793 -3.5714539842593016
6.07723095745488 10.90725843528259
-1.1066613785239117 -6.6951041926882855
-2.302753156246954 14.467986722794844
-14.457035010340206 11.652007908595394
8.627813559610683 -6.623620797131217
0.5318678544202395 14.259532189245146
-6.635514941066143 10.812327577477888
0.3025564631898163 -7.115953008669646
-6.4064473537877085 -12.583020488341957
-0.9803151187067947 -3.7046600092006283
5.899744046037865 2.8799003546426545
4.466949626350885 -9.397628332723519
-7.996240368436305 -3.4132238549522236
4.6510338754844085 -11.524546494384449
14.657757964442848 -13.82108242023137
1.8234325670102294 -8.65926739505553
11.914504384178787 -12.405559349509627
-8.407023380875486 14.602638743201776
-1.7096766650947153 -7.912219743925723
-1.3187553984592988 -4.718895201167099
12.759972113824606 -2.812709382652443
1.9982800964268783 11.044992493607527
-2.0384691040483087 -2.491481494030525
-8.063617834395579 -10.403304299554994
5.087139614160286 -7.4473361639034525
4.792318266779045 -12.277335206875467
-1.5092552010158329 -3.212066037068432
0.6940339515714111 11.697343672262164
2.100573481706082 -5.242757716925432
10.017344306238236 -10.71447067497956
4.334850996918828 -7.702972011069328
6.731993461072836 14.314419913417414
6.65114478555066 -6.542958350651412
2.5855379249669994 3.6791469104298358
16.001538796905315 4.063561544039006
6.202926742719345 11.740325609777315
-2.570479815585035 -8.667780665296046
7.1534919835735025 6.273856273379856
-14.537490128335218 9.467155436825443
7.215611296988765 -10.789999088489687
2.2011475929263717 -13.574446085141492
-3.061587780154584 -9.444603233020128
8.258291845001786 3.611793498986822
11.265404637922964 6.053634128974062
-14.965398247928173 -0.8683618010140588
11.842069365319366 6.311315376062805
10.585104147253581 12.32201619484388
6.7632083451893905 -6.984414145285243
14.584662686872022 -0.3572649829395935
-9.304401590872676 -6.891305144043271
3.10827462100071 3.4224228127512255
-10.923954305628769 -13.337683119367966
10.958373977963937 -2.0977251863042223
-10.191822093220178 13.412667165187376
7.850966525828845 10.03544864785858
-6.576062662506082 -7.137510452247123
7.632591625719549 -3.6915846411058038
-11.609102289139802 -14.731991352697912
-11.0614335103354 2.6606607146546786
-2.753760823947079 -2.6892488032736175
8.706693949505187 13.966834639759853
-13.302862301617244 -14.382298922523045
11.245201313696981 -7.642551912402638
-8.368021343050728 -6.00853150888801
-7.698588006153786 12.060958992112884
-2.389533895633569 -8.6265414187239
-3.2651656217003104 -12.688697486781827
-2.7073917509511034 -12.414448483368226
11.961211772941118 9.001947889400384
2.869513193682703 -12.982166924645202
1.222419579786738 13.489216219002223
-6.237368489126451 14.2680284600571
-2.1710448916427065 -5.699320669252902
-5.110870196189703 3.85606695581399
13.624829420008545 13.047964398713045
-7.147679760828561 14.960510026791496
-12.81733527812331 14.697486989380888
-5.394088343139909 9.889796038675971
-2.817057567282218 -14.350504725177817
-6.117910174607445 12.289448004507506
-5.73565260186227 2.340489216162112
9.686190986863721 -10.887077469183575
-9.08846164977741 -2.315706158204
-14.769480969839991 8.752456396673342
-8.047508492298673 -9.319213492949878
11.156350012826259 -14.7707041469631
-9.11932237746875 -5.1992219289316335
-5.180250631502801 4.571943843716387
7.801351773380155 0.10022252378846375
0.40901768555216833 -14.615922252044419
-4.923715034610316 7.703785023551241
12.742153403936925 -14.963537399544595
-12.219205189162818 -11.110392798331148
11.94144592746218 12.868641961727668
-1.8367126577423836 -3.0449146879841535
-4.946705836868318 -10.113437827764947
14.476770207045291 3.0836122726835553
7.573340841018393 -1.0379890190477052
13.586959860434032 -5.0287708489866745
12.198819241076524 -5.041921621688923
-9.09497196475571 -3.375469314333044
-13.24763721765862 3.0639228705617256
6.268261240073336 -8.918220310511417
11.918651480198065 0.03048816949420452
-8.208865974228335 -1.779083415805787
4.46762370739312 7.716405471276325
11.923638656823673 14.490013953268136
-11.023283065562808 -10.286832052124769
-2.847543906845738 6.618992828838795
8.560393249156935 10.92320073872429
-0.1724639468600575 8.264652826538395
0.8743309813464233 10.42867191602711
3.6835127847416445 0.2963775623544649
-1.669355299180749 12.816965124494015
-2.6545738584064615 9.557182494451176
-11.72962718444077 1.7815273967211098
9.327356850937917 -11.057843555435532
13.115175672444352 13.017040582623324
8.611378767433372 -14.747716858676128
11.555606303891466 -12.826556023772888
-14.417753715185235 -10.707569602519555
-0.5448393470446984 13.02041997117605
-0.955403574603956 9.837373592337187
-2.6340440527954883 10.369053355276073
-11.76736940566166 2.721017491914182
-0.15768027119069394 -14.515562142697068
-14.669347706092552 -4.059650819286073
9.981767235440802 14.321096031126402
7.350032029647391 -6.688554156210506
-7.221261520023462 -3.871869382765208
-0.534058233674573 0.9344956210604725
0.41939595656462636 -13.156588834277597
11.180432168217365 -13.002258765406946
-7.348532201233306 -11.424939154426145
3.3508447083713655 8.882995597660152
4.6276684752394175 -1.5900643350192762
4.447816046202611 10.014197605026293
-8.820220972344472 1.306896475874872
-13.738386181619815 4.725910533085354
-4.220456125024635 -9.251871931668575
-3.6294933097512416 11.418971002055926
14.123173773507986 -12.556322581716366
-1.430764114274849 9.751452294788699
-2.6824667434547305 -6.472366316603987
8.131555636277966 -10.82743531359157
-4.03856579088302 -12.72476003903262
13.057114218405996 -12.7954787905866
-12.255750222892733 2.3344769884823897
9.139211067130908 13.859958397800536
-0.7980588630720717 10.14432774718458
-6.787770409282853 -11.020316821536378
-0.3056777492455325 -4.5970508581917215
2.3717424684131565 -5.203470056363599
-6.866956627666122 2.159352199181445
0.5006081238409479 10.087884809240602
9.185826650175581 -14.847230230985712
7.483051601673509 5.505731185488101
-8.661574199846786 -9.731001449010492
-1.2007191601379716 -14.431663109297428
-4.435738787652632 12.021375952057404
13.175195624227024 4.149339800389285
3.899206963323568 -5.928344570696009
1.9393276565660607 10.745860495254075
0.9581668396344991 2.7658274564856242
-7.4256869428617085 -4.519650402256078
7.2358357730572 -5.698663750586295
1.5411697292812647 13.100332010760965
-13.0074237029313 12.35145610797695
4.625888481055149 14.59631954667504
3.8413589456234902 6.208160506471419
-4.535179178678149 -8.145801722807324
-12.13572873570881 -14.790471437611702
11.693864945292376 14.350118259211001
-2.204000377563297 -1.5648447777876804
3.665771546804791 -0.42612960268055744
-11.84449574784874 -6.220173364526312
-3.7368203909001743 12.331655901873336
-10.873640329078796 -11.123955429747145
3.794025808963088 -9.379247603456998
4.049092861666935 -3.6169601715610344
-4.259702482592299 13.822407599006937
-4.252836180267595 3.564987306716631
-1.7554073193885937 -14.25290195333371
-9.83725631395509 1.2424036143283743
6.320067109104986 -3.243309726237193
-12.498151440341536 14.235952993223712
7.1422401467598355 -1.7467412949319225
13.107304928118108 4.212910271032343
8.405842658704 14.208430873383769
2.4350678703800206 -13.434686858309654
-1.733229413662226 -5.330460993639274
-4.412934045759924 9.31209926461192
-8.222859732839387 1.582701337809798
2.693279641131916 -1.8713451449590863
9.57689347282809 -5.101338447621593
14.347863718603609 10.936254011244799
-0.5281948735543285 -0.7259340910382281
-2.760720923795823 -8.694454460503275
9.012148497263468 -5.87281133295326
-7.634258482632137 11.945923379455209
-1.3152817565551658 -5.1676816191604775
-1.8421340263720243 -5.658237127070672
10.165104373277668 -2.647541700195985
5.686913386883791 10.406475603512913
8.771127556767816 -2.3505450837991884
10.162513884266769 -12.97486804578217
-13.091376728550678 10.741543246625273
11.801139688116226 14.59174785085225
2.5216298630354395 10.083771182199428
-7.041932998827024 -5.870764721955332
8.773211492584593 -13.257140780674114
4.4229678119315565 13.891154826811547
3.2907220425175865 13.726009149542403
2.9134062829474345 7.375091020478166
11.529050822059627 -5.681601038443652
-5.308585136746268 -11.632770949789123
0.924704804695132 -5.38881941920399
-4.17859309912599 9.773633583835235
-7.848409459635869 12.999729717671862
-1.8597441326022928 -1.4988996896687627
9.505636971122058 12.53884704130429
6.797974555590166 12.679957100897475
-6.667596441367273 -14.34357085101723
1.0494169006408143 -4.36836183818513
9.621378625327125 6.6539738570201665
-2.105960766604598 8.580182092215232
6.724952256123743 12.217909121643938
2.14098669280688 -6.856261626066665
6.38663036990549 -12.89669452768805
-10.274935092112536 -14.780078862516492
13.467856024781444 -12.7503918098743
-6.9949163805549475 0.9305398580648063
14.345847036297155 -9.167031747185828
-13.345233782533604 -12.680893239455294
14.426342495053273 -4.647027971673785
-0.3530560776049647 -6.7961566147170736
-9.209540182655324 0.3536914758377758
2.3980901204122915 -11.750418112270374
11.755846220810263 2.635972606251009
4.817801532093505 8.234964013296064
-3.284016748619189 10.222967840591323
12.138550522314326 -14.633256711939742
14.7229567287426 0.9927700508886022
-14.668680344036307 1.4230884482371664
-2.487938160387122 4.882283119461196
5.081652378868938 8.088938120339396
-14.607547874756548 -14.294426369200826
-4.986472869578755 2.558679060337589
-14.971312273641095 -7.783426526710786
10.674942682076072 12.98330732360425
6.049035902938449 -5.354550358452958
-14.742846563843441 -4.809911325681245
7.9917025714016745 -2.6844983901720436
-1.4735172089651947 -11.517033426361612
-9.620851749520217 1.909162044180686
-10.288724972756352 6.50723000173723
7.682683742996222 0.037887164549486485
-12.512412090794303 -7.520657516220512
-12.417466859467623 -5.7106893558937895
-5.2058211738974 5.151222735040456
-13.388826847250488 -11.019157754666391
11.619869760120885 -9.458788763524783
-10.457390957750915 8.512660941689996
4.008204834142525 2.3183414927189574
-11.5404926774072 -8.968179061018613
-7.14929082488812 -10.096161538481816
1.2205870819722975 -12.241078152736826
-13.622005137511689 -5.848476757601462
-2.4865375207254097 5.192742825442963
-5.826332914422533 14.413498790637664
11.973584733012885 -8.632233304402133
11.804169054380932 -13.225746490161228
1.9130848478881042 2.0489199694944134
6.913922805014806 -0.6343208945417693
4.043124654052722 -6.6302684331378146
6.587391820209895 -11.714436340914999
10.535492971775327 -2.539167971785554
0.3869841463296577 11.16803681595744
4.4689218282135315 -12.92135981559991
12.517897620827908 2.9313535131279007
3.9648227092245456 -14.562280702026268
8.762389258597022 -1.807860631486104
-13.736676853769202 9.569689609075581
0.9833629584524157 5.409503467167564
-7.619679004254909 0.949023518133064
-2.4422975546308816 -4.6985890562582195
-0.8579327806899499 10.085789339562474
8.969609068452446 3.727759815606
4.2785557701146 12.720983952231045
-8.087217377063478 14.632882621336748
-13.283153971065051 -11.02878428036745
0.9361756945941995 -0.9285141392906358
-3.6186954070170483 -9.48937603639016
-0.09232889096517205 -11.89160106613625
-2.695470476061333 -12.237567694835974
3.261978610184194 -3.587734405035164
6.305525862254882 11.120541053017803
-12.728100317291174 -11.92305377587752
7.313042610000405 -10.830320225175486
3.4685811970678664 -7.996358441166357
6.051976550772217 -4.347582208908564
-14.92218029876009 -8.515314536631768
-13.051001548814165 -5.746746230330958
-1.3001207150461127 14.220331907333701
7.873950393760712 13.854381688252996
-14.576591675837378 -8.395203818167671
1.3279635748204015 10.540866257442616
4.43379205888629 -0.38237828807674035
-2.454065951377709 -9.829853412568013
4.222199043452832 14.344134254788507
2.3398226019462776 -6.56012766251539
-9.038292590504536 11.706103668189424
-0.5185243438762672 -7.6647626155148965
9.261972134540628 -7.386078300306674
3.4761948591342993 2.2618722766477646
10.778609093991806 5.470281319267692
-0.1861185948791757 -4.627458928512265
5.209759565428595 -8.166386742866639
6.932266659833381 -7.7054538788484725
8.830133299834113 13.00442035206735
7.812187336481347 -7.177930081792699
4.504368698209195 -12.080632374898997
0.8407190990662414 -4.111917547147321
4.000485220752509 9.246517633252115
-11.356772374150665 14.664722408702534
6.662855732873581 -10.145742829688562
-12.545940925023782 -9.589175592883947
-0.6523909213145309 5.6684375758812
13.925103746810017 -2.813896014520326
12.363192329777895 -10.672981139786568
-3.795300612020018 -8.353614396630341
-3.61349369286706 13.447915169887075
8.186717298300689 10.924963047107386
14.004488047663784 -12.711036536161817
0.09387943303022794 -14.513845465826472
-1.4807328683253225 -1.197192718185292
-7.890874751785764 -12.70336390022103
1.7131957172180954 -4.24873780265442
-12.166911599717405 -9.652294862713715
6.97896465669258 3.302279592486891
-13.068760971547231 13.240039925826643
6.854030113905463 -10.19411206640114
-4.90630501328987 14.0582854668729
-5.656613805939232 9.90493215235761
11.99689453371495 -14.701974082882728
-4.61353085786542 3.5562189800844237
12.448245181738955 -14.297696281784857
-12.966925255070025 -12.168661971784184
-0.026025311404570317 -7.613572234257067
-12.989290041325859 -3.0764442273149104
0.4092141202516846 -10.129334955020912
-14.067003679514126 -5.132005282564947
-1.671353880145496 -14.876277758786728
-9.830195304420686 12.496611732108803
-2.367845692616818 -4.332877038082721
-1.6246913244983716 11.577816840914167
3.6153560789319954 -3.9637600094157808
-14.099424273441606 10.719092199259872
-9.360863547161323 0.38761753245251107
-0.6872588985345924 -13.970144986715141
10.058216982010467 -14.83646573434622
2.0441790629761307 0.7693678869429181
12.469244392523233 6.292630190156201
-5.729391769685368 1.6787044708975287
5.326207551339213 -6.44473032950194
10.172122410832952 -2.21447892528451
-8.514838744230603 -8.874103893381752
-7.4121358134283835 11.683367017937808
13.436082044513133 10.074474482534612
-11.329498648024023 -0.5405376258434647
1.607814441706381 -13.899381676525875
-5.4441707709964735 0.9566553655863181
-4.346785336131626 -7.304198777458598
-9.442109483058303 7.003777555707697
7.765930972947022 10.689287925559348
0.9678841261822626 8.263581200684158
-9.302653779296463 6.788998363532047
-13.759596822350241 14.426357245165665
4.366435249053485 -8.054290882707512
-13.783435107597496 -3.323580540860604
5.606444025832733 7.375083133476343
-14.419222570618583 -13.534090553053854
-8.729368535085346 5.89593732886113
0.1641121667026244 1.5156293241353396
6.9939539020106025 -9.679148067687947
-3.7570864303327607 8.127043716269146
14.502840333033355 -5.568015497577655
-4.177333883941074 0.2834745723446481
0.8746923639461315 -2.6391292281495797
5.475486633076695 9.99866252069583
-8.981758541991933 -11.891779833345542
2.771582965934364 7.042469931674361
2.6896554019529795 1.9466448155513838
-8.503145363037493 -2.273475278884221
3.820416894709396 11.247314917147484
-9.817837362685319 2.0946405527369336
-9.879168589922966 11.99381005292048
7.190003155762046 -8.556130947335285
-8.871399620793031 -9.022305046544716
0.9493521686501101 -1.22426898478302
-10.09765645824984 -12.519676166651937
-4.685252822962672 -14.996675256202721
-3.3711249627702404 -5.575486519101997
-0.6555105149012732 11.3503104414714
13.011101253670464 -11.79565712891872
-11.482619999876777 -0.5298355771045351
13.347423043319074 6.8521675005740725
1.643194198275502 8.515999555183416
-2.9496738401697016 8.337200421961477
0.691348922216914 -12.370573692235677
5.607942639954562 -12.974803732661293
-3.4610772818581914 -14.812093323653642
0.34231347821396874 -8.244115335491932
-3.035911857257201 -9.670212852772284
-8.3670986308118 6.058770336469305
0.2043390712349833 12.12694821193027
-2.039141600050346 -8.999357151259805
13.440278863490626 -7.295916083415878
11.856338767436128 -11.335709340915589
13.4634630554504 14.383355933845607
7.194907105326305 9.312558632753504
7.049729071631468 -3.887341876070961
9.320611325890962 7.606445866893337
-13.217167153926653 -7.522842322732072
2.9931374377477447 -6.3783670345569075
9.3853641188077 -8.431300178581566
-2.036968988081412 14.31555739220358
-14.873840432826487 -0.10381769764302895
-14.196986834210037 13.198239970423678
-3.4187164163825248 -1.5974351700879321
7.530507704282069 -7.709147328249407
-10.05519571309604 14.245083511215892
-7.620017461380292 13.068147702980102
6.619048832910504 -6.271501529203196
-3.4382317475595077 12.344857695436325
13.76297973229443 -10.819823012264411
5.869146603853629 -6.889381552911489
-14.125826723150567 14.958010215570276
4.890880662110696 0.4182514200197076
8.551833151446932 -3.7732130408075566
4.149417581565785 12.588181285875095
-14.425832641628359 3.687490083131504
5.646570869894152 1.0346877917787438
-8.953235679130641 -12.648405499365346
6.328999589214757 -0.31654952024307725
3.4468640161612782 -12.9236954743759
3.5501206506023557 6.178053206893608
1.563115620040687 -1.1815795074610147
-2.4522144868073283 14.756790017378965
-10.644435561536955 12.45598466810673
-9.667813770311854 14.609955543090429
-2.30381959352537 7.038822929460306
-14.12169533914686 -0.36253572433573034
-5.154156928919731 7.776425509152713
7.412618517780725 13.499468413567833
6.3545632874289915 10.633605616896435
-0.6325754510660921 0.7446729254162516
3.1734350048504893 4.088242980776723
-0.5054190101259 -3.9341893924594444
-8.032105087194198 13.560349730076926
-8.803455911729472 -9.113197384637024
-10.032446010051665 12.690723609212117
1.2608635550002205 -14.324545284859218
-0.061619457686813206 -13.501790076866905
-4.78774768164328 5.664563821593454
10.218202155382453 -1.5583033919510427
3.5561887998287887 -14.570231103101646
13.055985775557836 3.8383033860839166
-8.974713963270169 -13.919668293641937
-1.7971744406075647 -12.415183798124325
0.1700062377974696 -5.841546447031593
1.047853364071166 -13.416727097991286
-9.477885448760901 -14.881098512185268
2.456899854562092 5.5512595252389865
-0.12900449228355093 -3.273375621485002
-10.277617414718051 -13.083299012827517
-7.810486628117471 -9.851254226317442
2.705619795490435 7.038332839263841
-1.6994918617210857 -0.660307596454162
-10.91851533313588 12.987586538979425
-3.554745191472234 11.101697570709149
-13.383054543711129 -14.854660161681434
8.818817063496152 -1.4048362772189797
-14.513876104046407 -4.841892212326783
-0.9379042788651013 -4.159040576297389
-14.664610020260183 -12.123455309241306
-14.854167578878126 -7.55157398402493
-5.543248579660505 11.502514520001789
4.3705384481337575 2.1312302975835067
-12.405028950421721 5.140609543964855
7.204470370223156 -9.264115806300964
1.2001328060357181 2.642254809071538
-2.3731410656380856 -1.6276028892110155
14.296756786686549 1.1722743517900076
1.1065270681876314 11.40041905972262
17.99328375266858 -0.26418940728401763
-1.829257329079617 0.007237160854508318
-0.32612359851539985 9.30792243111182
4.219325777751326 7.913066252898048
-12.153751006202617 -1.9172976006834492
-10.111655953620414 -12.410114293969052
-4.674538050073844 12.463868108620485
-12.63757305133067 11.521675622278636
16.406916190089074 0.042498286842566735
-3.210246434703466 4.710035811812645
-3.593394435932007 -14.765524156515797
10.8421363138336 5.880723312788323
-5.241307328529427 -12.302553616406591
13.927106840140098 -11.259621727513554
10.118074715387195 8.223811658393204
-3.548890499226143 8.996794344702941
-4.280538481126667 5.247522699861467
-4.8921210396375 5.046136123503395
14.189979495100413 -11.304825128670297
-14.295434918060426 7.009080556637091
-1.9951885380676675 13.577704773330648
-10.907492156497568 7.633836134807856
1.6163291631202554 6.948701080556727
8.266173972781448 -7.0906518145568675
3.4288521423855087 -12.818369591198124
-3.837147708897268 10.036548646858996
4.992263736751312 -1.811600929702669
-8.672647099275764 -3.1426207066808804
-6.598625958591846 14.983748003073728
8.827577578221643 -7.729004237049639
11.523590154811217 14.403152668300013
-0.2316273567984588 -6.011999985111121
0.12090489121899317 -6.8647030442355685
10.718386595467273 -7.886350828512299
7.583593622831227 -10.643148335335828
9.192379798593269 4.996616710043881
4.620785276164639 -0.7981276160521347
-11.726927552210519 -11.697162355620915
-3.943972799837656 6.58819060168592
-13.638611866868471 -9.387264670123596
8.462732187760686 -14.488587325131652
-10.45711432079993 5.064145057472336
-6.645245894452067 -12.073537913320735
15.210155862547062 5.64145224141012
-14.979243401064625 -6.9059233147004555
7.237937322783914 -1.698253225114673
-9.747155365093706 -11.867328399873363
4.024912645907637 -12.626065317135046
-9.960794179721242 1.9656642878614612
2.2630902202199863 -14.53414748245897
2.227043329583992 -6.704244652533051
7.411823111748241 14.064421394827505
-2.509865130896742 -1.0181792756828507
0.6515318570735431 3.861820349501123
-14.688337366025747 -12.262160172188358
-1.779320444468425 4.300904768078524
-13.420955262164595 11.423184296883846
-6.792793859753409 1.4096760038694178
-3.978355883417807 0.3797366723044089
3.425210241388452 8.25643597657237
-8.668474081069926 -12.798555986975899
5.129352224614042 -6.289065097185519
6.9346415632018115 -8.419561559426851
9.120948395760283 0.32464360752196164
-4.173657723324764 2.836826355616367
3.3819836717039813 -2.0263635059375744
9.751716902231369 11.303561370575334
2.1494163375642543 -12.155370918152252
12.908717814284266 -9.208360632131427
10.981932279140846 -10.847908150230424
2.3461419702089543 -13.534088128267571
8.41138834608688 11.062008116909723
11.79779008664405 7.927242855557965
8.9356677110064 11.453620096305919
5.047124801789668 -10.254102277986906
-3.6931330065316654 -6.569490316405073
2.2511133313658753 3.672490109594772
-9.079190264741204 10.374805442312326
-2.0951559665339943 2.248741183571763
0.7640881616207089 -7.304510559782057
7.778289313647747 -7.301131215429438
9.072189056721705 8.266922554801841
-0.6361799909326482 10.853974498503867
4.460272348175259 12.72153158495395
2.6609338362642774 -13.646276804916948
-8.429067525309561 -9.478349724604065
2.3631929771536058 -5.950014807609229
7.748918722854938 -13.332708586313393
-11.527767932167505 2.7962949133113497
7.263139532827946 -2.4154290058432473
11.116488619817574 -5.9527668004929915
1.6317464765420233 -10.50493175636355
7.107584994653717 3.78644214308952
-3.528001595931924 12.179766328918216
-2.8435887393217207 -0.3762998308638714
8.058894436314286 -2.7934629476171473
-14.206315536126201 -11.084517062815019
1.8252398352675314 8.829866574908237
-8.542958503354683 -10.896592118103348
-1.3247000584608184 12.958582746723312
-9.014900575567406 -3.9563312683130434
7.771448512746353 -12.723891854489231
-12.246186070970168 -4.517182679560953
-8.511908026285743 1.3108210441953148
11.324418714162519 -13.8566497710373
-14.768671524720139 -5.640116089532178
-10.36571051892485 -10.341659157028234
6.481874121535665 -7.142196981423069
4.252563226272056 1.9831310016027786
1.3735813130924086 5.529145669931328
4.426169200579796 -4.531624713929418
0.3947170731306606 -14.486881285505682
-4.4594740459233435 -0.6515143875350216
2.5034802293320872 -5.548445448257052
6.449737209449378 -13.4107078729683
6.378964539538934 10.762561902814209
9.345587167100177 -4.320252405916868
9.279810115258332 -8.896210158108325
-12.180765438474198 1.7902343009097912
10.937728775724182 -4.643651360093893
-9.342151048688876 14.999455809972858
12.533275929054675 1.6344990543596942
-7.577188813978917 -13.737001055566939
8.170281208029657 -8.002722217184218
-9.766253652589716 12.821242012054462
-5.786722431569878 12.03643314270089
-1.5988128068326066 7.643012801989304
16.214743227726807 2.9285046488178548
12.984693757711845 -10.870527567882219
12.573202839365642 -3.173387128218483
1.0239986853837806 5.507398842646857
12.814986186813037 1.6257209782042186
9.312957401074087 4.335120238231466
-11.017868193576025 -0.3714623536343442
1.2422459196755433 4.24839591971995
4.4843520481918695 11.216478661246832
1.9241102427018149 7.729200013729276
-10.6263679873723 -12.737269005141897
-0.1468884856223145 -14.818114435955122
4.422755015633438 1.9098515146243962
7.260267008134534 -1.7446808651722368
-12.469662944912551 12.312741920357201
-14.438980840056656 4.224261478982019
8.28479188990108 4.799520876031521
10.574805628277655 14.938317689710878
4.05516989417546 -1.5531893056767903
10.2112148972194 -3.5210149865808056
3.2102249063233437 -2.7880088016882443
9.954548268762622 14.996722525421763
5.430382280260108 4.434410435205234
4.463656455797775 1.8614860894855312
9.805505650550186 3.213272777115724
-12.900409546410156 -7.122183207872601
0.24792917038854334 3.4967048349985568
-13.28994840471122 10.274162351235773
-12.883792495995797 -14.959619593264682
-9.993726997909587 -8.802657795884409
-2.158274615568807 -2.2688440237780725
8.353556988227645 -3.4373204214778283
-2.7470943547015416 5.192773071196328
1.4639703029936122 -9.106603336205819
15.746589622377478 -0.4795239409261818
15.9904121388526 2.807098824160023
-14.331948950410538 11.229804210761525
-12.53028300413315 -3.100974164506095
-14.807705738253109 3.6582198127319643
1.2955936422568648 3.484198062189325
-6.073608000926416 -12.529979204088217
1.9648559439075086 6.24628234911135
4.408906501675876 14.55798289315939
-3.0743524995654745 2.8008498885965842
-14.087894315314877 -1.9242270176585272
-2.905001136835166 9.434011325432436
-12.614564198750543 8.549675645317084
-3.631736064664109 11.032190075282418
-12.753543460688618 1.3412908194720714
9.342396009211821 -11.785032979367514
-14.959131226449001 -6.324390258539188
9.323652686996791 -5.4553250083110125
-10.693840093544244 11.656208874958129
-2.5500323154831825 2.55905558056563
9.583636386921892 -0.7532549893755807
-2.7736346263167064 -3.596750173346706
4.1586752926099955 -8.29733669935373
-3.360090608270246 7.4404810552917375
4.062637502257491 9.215785868092233
2.0180729699987374 -0.20094215417406147
3.886550773574026 -13.641990220966134
3.0515020418235537 -13.571742560792153
8.581087684490196 0.23282138469602387
1.233337711681397 8.366970478610078
7.207601741355052 4.7248263923347755
13.811391473137704 -10.680842731383013
-8.671994364097358 8.450999584356547
0.5148899682850114 0.789110855680148
3.1935768784830216 -2.663618096720503
-13.952328920175866 -9.951410546270907
2.396864422002718 -12.55283954597995
-13.569622324619807 12.078894522661344
-13.653467921575755 -6.186484647629323
6.887518882055733 11.808056806287443
7.746484479876724 12.209833591878606
-13.672886472147171 14.547916990923333
3.133118128302854 -4.456273972295509
12.998099895603325 -11.251990313410003
8.330422230898073 14.08966512319327
4.854568419416516 -4.386553145623662
-1.9464396615761874 8.251810058916671
-1.1657631470810408 12.021474310992343
-14.804061036354646 -10.201734186729981
1.33149702502363 8.524179734836313
12.509120089146332 -6.50414246552058
-2.625151959191431 11.54908173861693
-13.372791959367191 0.008893691646175483
2.3580460726420966 -13.038128516465829
-1.8441727498692266 12.278460253360478
7.674471858437055 13.675659860187462
5.456590179307653 -7.162938444287926
1.6619622695349605 -3.2122193426315313
-3.1893301495413766 13.022193145115146
11.226070410355284 -8.077698671920885
0.6603882006838688 -7.606514801391264
-5.081571243723827 10.712653413271521
14.51826752896001 11.43919103726656
7.0000195076713645 9.923744964234787
13.240381018024037 0.7456669533323483
1.6749063721715913 1.024369477985143
-14.279993848013092 0.4505904426190881
-12.67332124757844 -14.944181831055579
1.2752253449023314 -2.675591623247451
-11.084456935257617 -7.26521096129333
1.3195760656777367 11.826351329221794
2.0751941415125756 -6.401947921652143
11.335327999958992 -5.565243507650294
-1.7090499512229425 12.433898526320537
7.021815473867115 0.25040354491880734
13.803369276074207 13.845443036350716
1.5673066133727076 8.953322223276203
-2.193324526762254 -13.976858045545368
3.699957874928735 -4.357035134759085
-5.12533380969248 0.5785838156183587
-2.286013237926607 -0.22095511841352788
8.26602287155055 -11.703466018285319
1.1408878821539759 9.78703415213382
-3.4068539016955928 -14.887444406127614
-6.293609526650005 12.063538530875146
-8.937279994108787 -2.9062823939472544
-7.040764182188156 3.0779572072444736
5.747959493822659 -5.892706474877192
6.492436719827737 -12.919218686923779
-0.032845060128499526 -3.343179158231518
8.633461130939459 -10.003848748100133
1.9212839699551552 -7.182007863462653
-12.634474619758835 2.109340937935297
-4.405551532421038 -10.704079248333143
10.531783881315189 -6.5579752398135
4.042782782373973 13.43290180368038
9.495092113586853 -14.288208792197064
11.962724668136456 12.092415929101087
-12.635327933560347 -13.876949531331743
8.407516381588621 2.57410263237805
-12.80412573722218 11.831638643517401
6.157204147162705 -6.938957830562924
-11.032458196548399 8.03859693665529
10.368685554702477 5.157322365188845
12.483903259936671 -4.177260502908698
9.704822627885193 -1.629089141529379
-3.3430689762227317 8.323853820982698
7.3159227033192415 -0.15384937502424023
-0.7366823685865107 10.135013983632906
8.76743999046855 13.288589941214696
-6.995104031796103 1.2174431977419502
14.876534662909776 -9.940196998487737
3.536049366259526 -2.8620165743552963
-3.701557582813189 1.4091130566632302
-5.394741467578534 4.987754356675175
-11.453256070218451 2.4686708771272023
0.28696716357282526 6.206347571164059
-14.022868983264786 1.6674927696253832
2.2491360828564133 -8.953554799727579
2.9176788781816008 -4.03604569581514
-14.396278512472897 8.51158293470673
2.8729714240164554 -13.826418178335633
-12.300500120876983 -9.73602737747499
-7.726595004833571 1.032980139722529
-4.246048584073312 -7.4741735440825305
2.0560527200932057 -1.2278184037277544
6.973055448924452 -10.625609306034733
-8.60107309141849 -13.168770932526275
7.747151806429645 2.210688470186496
-12.632768175186794 3.3059806488101087
-7.895855002374976 -13.287127939325622
3.378214384089244 6.079195361351477
7.533489362146806 13.052596146412476
6.240336305307835 -8.513054627200232
9.446642371977408 -1.2723090180414456
14.532893898185463 -9.57202576888811
7.69996269035672 -11.236901542143976
9.796409857259427 -8.543315618242843
-6.368385361091125 14.229103191219185
5.853757946572358 -3.0747227187709374
-11.470280911735292 -8.930022746233213
-13.588389380550446 -13.946999783431952
8.386280288687278 7.644198688637749
-0.658878921024332 8.507265445006553
2.941313202090761 -13.323823135846911
-0.3765237284379168 -2.4271563431765273
-12.335028298735814 0.9025066994803144
11.759459339329585 -10.338206156257943
-10.509200526657128 -12.410058302937802
-0.3735315483192192 3.804150234144707
2.657952683378177 -9.820769519079196
-1.8726742592936478 -14.345769518160349
0.3616505901027285 3.1117778742039626
11.701251669837458 -7.62414578418991
-11.881415742005085 -9.583664554251309
8.129775853794602 -1.374671279832489
-3.5332106679968938 12.150370398765784
13.661916396896723 3.736507779197409
-10.564344061826702 1.978801890656591
2.622170357261897 -11.863603691822668
-6.511484825404356 13.754582084335809
6.845820565008015 -3.273202332800114
-14.54794715661374 14.43852172057127
0.5373337559170341 5.71457985926439
-2.21049514605188 5.548880268597493
-13.084517946461265 -3.917135178451778
-9.296124056743587 14.870812125565944
12.05117319384668 -12.60920386894524
-10.303093075811478 -10.357675906985502
5.95213618281754 -8.425872701057077
12.746719403843972 -4.384294355650711
9.764854363621687 -14.896508528559913
-3.6209144513553717 -12.541096214578225
-3.4346378182266086 12.818495779820367
1.1986887075675803 -13.489637530359737
-1.786548270846616 -4.72941971559613
-2.714829221850639 6.813835748409247
12.265146176950111 -11.364081809924995
-14.591361602543696 -1.7256806428450755
-0.5509577663173975 2.5860532433750585
10.314476285513887 -3.165215191422602
0.32192270225829667 11.350058215137
-10.23668459452924 5.618564816132344
13.30283365509694 -4.943511714862968
4.421340690595983 0.7087519086869563
6.31803399527595 12.408536386732415
-6.213876042647943 -9.17011940576719
6.483880770107575 -6.457160434086127
-8.014414443120515 12.491259818760717
-9.16545609010851 -14.894651768656072
13.255166400223837 1.5391473541332832
-7.188402855499443 -3.56193411411863
-0.6919101239580083 -10.59011470325077
5.226480651486202 -12.8751378652932
13.51388464020267 1.8831432572953908
-1.711615345917549 -0.0583977196335379
4.682788278544514 -1.4069482565185147
7.346920275610419 -6.113669038995594
1.2904480144782333 -0.5810495669498135
4.480393653294719 -12.1102151727487
12.039466514509538 6.1136480876173
3.524156103675132 -4.281643863500923
-9.124388861613744 1.7358813700234172
14.252827937702214 -10.07956007655068
-12.378384731962498 -3.0081701077224725
6.051760116661892 10.970518430832751
8.004751694003065 -7.845772898063355
0.3893718291845296 5.827045587276142
-2.5361414719627877 -12.08562151750266
-11.845817930956619 13.233233788712056
7.5107943873082625 9.997816003141981
-6.470876052473638 -10.836071752944004
-9.923860410414765 -10.712778466605481
-11.392814833665316 -0.21559766753438936
9.511339057091085 -14.770765923611783
4.801226019695033 -11.741070294267596
-5.164455568464261 9.358057323379402
7.45113336357803 -6.924954373076538
-13.957312489633857 -3.471814354825117
8.916178220962752 -10.311966255598886
-1.0483907762397422 -6.848961381271316
5.5694261524448905 -10.468901193372899
-9.245867728398586 1.3418574406724808
-7.105179244671895 -6.891164635759342
-6.8089950207891 12.397821244241957
6.942631490803464 -1.2116642307749892
-5.365998843096566 -11.340788256778449
2.603179778069098 -13.14067900243355
0.4092133702962091 -13.645631509345765
7.443123112376824 -8.801828986810051
-3.229176767863267 -6.134777867091223
2.7549683460557333 14.86552363661622
7.040811504206118 0.5134973315615667
4.214182412846142 14.030527597206596
14.37869918216034 12.227602670448366
-7.448589700492339 -7.679402861770574
7.360456646126163 13.782220014502926
3.2672655565798863 -14.71650068059704
-13.37661862759068 -6.11680570166331
11.57627089430715 5.370887922031223
-14.793614694763793 2.0814402672835755
8.549517703844781 -10.993048258264796
-0.938826336114694 -4.390643350959012
9.187492223872031 -5.83898823746399
-5.910653993259004 11.565094610432144
-2.4171233917936554 8.04336543959246
-12.401149662289548 -9.338365599632734
8.635902756156234 14.206551230558262
-14.033073783498168 -0.9495435246679111
-9.261022942713577 -10.791171765105975
14.627052729021987 -6.527754076290455
-4.3109352065120135 8.890971854466791
-4.025322834869547 -14.004335645474914
7.933779079830703 11.465779401378253
-4.931609372987783 14.15883384221421
1.2442251559263404 -8.401119721743076
-10.92413732649719 -0.5060783296196352
-6.03057925574285 3.3888452595276846
11.020869640098347 5.5243284141169156
-5.730247554006079 -11.074260119290503
-13.890443448719118 -4.02985358222694
13.82579515779417 0.29359268446462883
-14.649826217275924 4.434519277474106
4.7931189250190585 -8.028226323003343
2.9173506035913768 -1.6467340485306856
-7.903186127613075 11.31337935872996
-14.895895335765106 -6.8253199237135185
11.97018916137024 13.85851908299589
9.293733149553695 -7.279481080524275
-1.5483191639791016 -10.108666915001269
0.26488440188603946 -10.991199288088383
5.652658405486022 9.913738730329886
7.269242681260018 4.3917117791558224
9.463724666264287 -6.628940063102837
4.468100276917621 -3.140078777709606
3.090498556694545 -3.1120906182799803
-12.971586442459337 12.547638402962697
9.227372960760896 -5.10955297379088
-13.12153409525943 3.632523785608168
-2.6967613643890243 -3.657997584393426
-8.4129135868805 8.152194132562325
9.008770308386165 -5.929204809280389
-13.344897207388826 12.529992740107538
14.406039987948581 -12.861556416978292
-11.838572639691863 -14.634787596219109
-9.913916364792062 13.181513796692801
-11.400499968210836 13.709356528538105
-0.48967217051823475 -6.528098243894236
9.147815323713377 -2.5257805739705983
7.528789430378083 0.16718539248617148
-6.931693642741788 2.454609495816687
1.5091893132634908 8.350384628951435
-1.2436288471313635 5.439341675196296
-3.588345253867031 7.890785823380117
0.17305896707607005 1.8903311277159993
14.9793520692122 10.848803268928418
-14.714159146881196 -4.704149909063627
-9.199706916749166 8.537672218266524
3.091959353875783 -14.952341498932007
-13.28575549670732 -11.298636796052936
-11.28022309157435 6.375856242099768
12.91182374020595 -9.500671375336351
-14.536934404235454 8.044407098451643
14.588139779899908 -4.494359667260305
-0.8849402705632734 12.332857236401466
8.777307346610504 6.593624137233561
-12.96247050282785 11.99978374908262
1.8560421007362784 -9.101742940985595
0.6576832441864884 -3.544951531125532
2.572385327833018 -1.6816796887808128
-13.800770646680458 -5.77820924453308
-9.976075423322408 11.930738101861635
9.673560188336147 -4.702392496999696
4.554267912606804 2.179379425449678
0.9633879074613496 -14.741102138642638
7.545156631567668 0.29551619884061964
-13.594672781069278 14.34359384305256
5.526947275056187 1.2620079990520665
11.107822842904504 -8.51841648122798
2.840785916623794 11.528879519391914
-7.957612046666057 7.414609967477359
-2.740798348362892 -4.782213331316251
-13.62682789840025 2.5174702529386224
0.3749054221261723 6.72551899050837
-1.4690980869236583 -11.908426007255816
-14.096540941914945 14.939733064580459
-13.140022170979337 10.426702475321015
-9.953026923191043 6.634016807376481
3.902233563118145 -1.3954233351707348
9.99388601735827 4.831840332347116
-7.665424176254233 -14.805865500069581
9.145527374160029 11.776279140730487
4.811291107104477 -2.0172424496187453
-13.296766888503758 -6.669179454461778
-2.2965394106945105 6.266225486470457
-13.746580766298267 -9.788193890124777
-14.444244673504631 -0.16907526941168882
0.03772251793724202 9.343113745160487
7.987235140670382 14.113779513882111
3.6539586012968215 -9.787624174686172
-8.588230708566394 -2.8048531775584022
-6.050716339934846 3.0382276146167335
-13.993770517309201 3.9535131067642197
1.9449157902533258 2.939568705549469
9.982673478143024 -5.207409982341675
11.382718180086865 -3.2274600487318104
14.638840148259082 -13.741381617889468
8.596732064205199 -8.150869033537766
5.729463996885428 -0.5339856099445068
14.146543903490176 14.299580800522705
-4.7863236346284594 -7.7620888820003975
1.849144961971895 -4.928378450519446
-0.20254777899380194 -2.975542100634227
1.7371687353714833 3.714375640603258
-8.547183264330162 -8.589560942975696
-3.4245638206651883 3.5812174225147615
10.301387707740346 -10.639024465562326
7.512543119598295 -1.523962046758335
10.863272462640483 4.472051436392155
-13.909224735168754 -5.676476177599589
6.336029255932949 11.1646278327629
13.533240008419412 -14.414387112190594
-0.8891931466609737 1.911584383056816
0.5198645707427083 14.512960731393004
-8.8448211806562 -4.752282203906825
14.921684638598482 -11.014823948962128
5.667486575365636 -13.963008700418559
3.2772649832987177 12.63895061196206
-3.4066512274683785 3.161573768767063
6.540339113512232 -10.92223398411774
-13.745851119682028 1.3728082927789806
8.715342326390427 10.661112024895
-12.852154428571268 -9.914961315506687
1.5925978190343884 -12.32040075752527
3.9980824101355346 -5.839027722599097
-2.1334475639051984 7.6967719290806365
-4.05585021845423 -10.944056534994882
9.254364190889596 -5.668323110857434
-0.8385042731379517 -13.019826918044297
12.15145669696105 8.037187892852202
-6.667148730077962 12.130714825763206
10.651031314443454 -6.369654310938275
2.9587344436538636 -14.44812633221175
11.472896678530628 -7.394634916725799
0.14249459427345812 12.340335685121662
10.489220229863328 -11.754918828962639
-8.534393489518438 1.130759101612508
-11.124349930923504 11.55217203968316
-11.491763990018711 -13.693502269381383
4.531550627884354 1.9931718545787547
-6.516288105706749 13.08667910993016
-2.466470837652384 0.350765796053782
-3.6211177145265303 6.350244325925885
6.76310301062869 -5.030713101979657
-1.869588260353419 10.73175031735601
-5.268074702768434 -14.302608787225434
2.595086955396006 7.160800199950177
3.333880104770401 6.9630954090524995
-4.98909781033225 10.19325092164603
0.7305809343990184 7.335024421443084
17.441115906913826 0.5420190755366789
-2.9505991501468944 4.164477104163424
-2.25746199272438 13.077070279184007
12.812762690423192 -5.410603653223609
0.7966642066590186 -6.646914096508262
8.984075068702719 -8.736635855168656
8.75767836049214 13.589907567010211
14.838327854573983 -9.645217956704185
-13.08786375883675 14.985518138932324
-5.164454339268655 -11.135269850449632
3.455565848815148 -10.98923789205645
-0.26093736125354106 -5.553655420386146
-11.500687605951832 1.1915655482043945
-3.531368263639866 -11.589098998299498
-0.8548490616318425 4.041964591439399
14.942147450489351 11.24855908481603
4.152691321616658 13.37708552947365
0.843308947838036 2.7411819675084637
-0.34570474915196137 11.136355091728564
-14.979097818158102 4.173873131402914
10.939420342916453 -4.480067482491654
6.5387426908270605 0.519678406081205
11.031052390443744 9.28195336557421
-3.66636104718353 9.851776512347392
15.368967124562198 -1.5071865228912138
7.218415941181302 -6.080088544889646
-1.5054642178124613 13.742615752641782
-3.9845938893840085 -13.650416605664867
10.502487811931122 -7.042978768103386
10.681407099392175 -6.389540699171889
-0.3994600985262142 5.635472632089616
3.2583279791837825 -2.9429639778932106
6.569197093853699 13.298918481281362
-0.9824851229101252 11.411565309113708
-6.516840570667746 2.205995977538201
-2.1003600094727783 -10.917572987411015
0.7524025742220584 9.982766544061057
5.7575804199984795 -3.9529063216328115
-1.427409801710123 12.396149686657616
4.198614176373525 7.598548898200143
5.401139100850791 -3.3385571522160156
-9.255413021862523 -10.318824728050268
-12.591496885158644 1.9675844853632007
-3.024853278848971 7.120472530294826
-0.06527522656486084 -8.678996282913264
-0.44039075843996045 1.2987041191060662
-6.0450971828610385 -9.559079450904399
8.810746103760298 -13.140345924660219
12.638925797082933 -2.996466532415619
-3.244955791060473 -9.067408194306271
-5.537423245587547 -8.916291750805712
13.65050347297619 1.0122027717137532
12.354995120079945 13.391880924324457
7.319412719297809 -0.005359531370856985
-13.606886539411748 4.103706464114197
-11.639110840995084 13.973279059587139
12.593771505443996 -13.143391441011229
-12.80640130054907 -4.56060674084546
-10.096329679665567 -12.80418820113236
-0.335150573987292 6.796032088969653
-13.141348907223271 -1.1702061804358923
-11.991311298301838 7.701057892188897
4.068839524989237 0.275071416663522
-6.7741074451186165 -9.022710892443667
5.27733518641422 0.023353396458700715
-13.559639488079739 -7.470264683222886
4.63204161422637 -10.738745961923847
11.681155993606378 -5.486369183262493
-5.5133131353366736 8.75021148202941
-3.4192205619552727 6.069460407312974
5.603895417742763 11.459262484254548
-7.798114669200215 2.2229103728148054
9.051615053312709 -4.32367047134621
-4.457297645626156 1.7225173721012226
-7.678372340653137 2.3236003639526253
-14.912112858651584 11.595337230808479
3.9856323040213404 -7.212223316834999
7.021371512990989 -6.604193646257551
-0.17878138473221838 -11.781906793045131
1.981183527367012 8.140353461740219
-0.40617034625383397 9.512950423392567
-13.899967818556382 0.11805077951373733
-10.411244794380718 8.784426626341098
-12.515643588103309 -11.207173021525797
13.291158153030498 11.66056163639761
0.07101935817408922 -5.054396826984352
12.048030915861045 -14.174015212314355
5.345339844926283 12.105187553211707
-10.148050149965036 6.969369683611983
-2.571213992702381 3.650053465662591
-0.4743673280963172 -3.48770849724721
2.0058988054432803 -3.3467190148570722
0.1269406420401893 -1.9968880802828721
7.760227302971657 -1.2005900310746362
12.896574503113023 -12.108910636543424
10.475841607642977 -5.068355305904303
4.720671341889805 -13.864769686829932
-12.605236979225037 0.8111819230616089
-1.9155928256996688 9.436567394959518
3.8537120389793422 14.292729317681893
4.6546957870986 0.7726664623037287
3.1056974826550956 1.7615688254865631
-1.0000378045330507 -11.954140352096577
-12.096378917867826 -9.94174125544819
11.070071810008411 4.358692989325141
-5.010540225169379 8.125060602133125
4.523093390601709 8.795990109955383
-1.5332425657329143 6.892132271311638
-14.660401277175076 13.591866109480055
-4.294659021224852 8.361694375898246
11.070656804025862 14.381468863919878
-0.9210880700195094 3.6086203896671236
5.47304784742979 -7.461691804784456
-14.482551911754566 11.745685592158775
-3.463500615632343 13.514854178647482
14.567118892435449 -9.400187973811864
0.5102561110990695 14.108557826056078
-12.55339971955183 14.16964259029157
14.677262413137328 -7.687479181522354
-0.7595907714589316 -4.685788335593191
-7.002615277813423 -13.451603931319685
-14.425144088506167 -13.213218286244357
14.089929512658887 -8.246430671724328
-7.4762208901054725 13.930521383803224
2.8576246225531037 -7.583590614632572
-7.850359979332544 7.798162652452438
13.707041808906414 -2.874458874156719
13.0860062748765 -7.397982711725336
7.51197279913184 -13.098514048766587
-6.6899321461280294 -7.807606432290368
5.466672640587515 -0.2397891730379449
-4.700859266563514 -13.452195111265695
10.037844809186673 -2.0454663590780555
-2.5495091813359103 -5.633438252933798
-11.792584766572539 -1.6135369479763249
-3.882007982703767 8.18898388303997
-8.751492767499148 -2.969814536527391
-1.917098800327535 -12.526008730367188
4.332264382705009 -3.3723495656178972
-14.798062605215234 2.835720105101359
3.273930068644095 -14.516773643583775
-12.330185272329235 -3.4674601345260694
13.042107923469995 -7.18789936036741
12.696112420870563 -4.309109781913108
-7.095740822532623 -6.899140624175393
3.60896344500879 -1.7157847584590034
-2.123686853950158 6.61760184307111
-12.165269969705935 -11.28198007301623
5.596733807341742 -5.4024092970557
7.157019161169231 -0.9060269003799242
-4.758280194960063 5.440253293234953
-10.18320303355692 8.237578543786311
3.365296538033366 6.755501771941404
5.397848510052949 12.211820102791723
1.811217588899229 -10.217964515340064
11.75703544105869 -9.581538108988616
-4.680658752388293 1.4977089808150552
6.464545925503515 0.3364057000911842
-12.291631308180488 -10.898392026673369
14.100478324069872 -14.300197534603408
-3.676288166584067 5.316219051346852
-13.235200378649981 -13.629446944881359
1.7969149254000598 11.343941582601179
2.9961129069655286 13.468681958690148
14.434374540139675 -2.7861092095569706
6.579530918416744 9.998857285077946
5.311408676088206 14.521444115953706
-14.552450820028158 7.561577910660098
-4.870116979444507 2.799689870532635
7.785102003199199 13.28590613690669
-12.036819013929026 1.0366545194325205
11.584055399777334 -12.646517209083571
-0.7909747923037429 0.397680719659137
2.3352593000208195 10.712003338768337
2.8586077045927283 6.303071292265582
-4.310732159927031 10.832761881523325
0.8420663301805114 1.2424897510490887
7.966695108043428 -14.39018206912938
-11.236613534388155 -14.851195626011119
-4.18757048281476 12.188081211515158
11.442961105823354 8.5105805207554
7.1295043156408155 0.13962392803692758
-7.078098522099076 -11.217126636798394
-2.0706901095423476 5.8548362391773345
1.7657888540766962 7.564409780900043
10.56914630036794 -12.141289060707695
-10.719826219821595 -12.803390151883981
7.198074427078936 -0.06441116579883754
6.657874858429842 9.345378610754135
10.356139594959547 -4.926857793315921
-9.282793493532822 1.369669334488453
0.07275434021332927 0.8703120863078411
10.238702390685827 -3.060603298949024
13.66915024406807 10.835521090075826
-3.3160523017677352 9.250815260716063
13.265510802167135 -8.662448703904737
-1.070477639936854 -14.81529647613732
-10.246951859595761 1.3127798286223786
0.28506282977321895 2.3401252996493653
2.88443155374911 -10.785187186358101
2.2228586156066505 3.5681762973915205
2.699556367793928 -10.821776841258608
3.945674071702136 13.703993128190866
-14.15680181291906 -6.2455569347086755
0.3012887846638552 10.997788874993354
-5.587732468790268 3.5592109280245197
1.016123513451742 0.24375147499234728
-11.163643048039715 8.614141958316011
7.894191368786629 -1.5493984489207335
14.306722558496233 -7.866350454315933
5.040064955534962 -7.1827289916212
-11.164127832086372 2.054157730168704
2.078801756987783 -6.176301535464944
8.5270042379208 -1.013495572990303
2.303642578231422 -13.949823946392177
-8.372936183387989 -12.29888054717102
2.6534948626461734 2.5334178110064904
-10.17014895079232 5.964933199808096
3.4466883715656422 -5.717294462867443
10.823860278254841 4.36241864205814
10.34351627731094 -12.01009671517317
-1.6166344273962032 1.9468154273424183
6.614718219877616 10.518109343755896
-14.330866771324748 -0.09348240534268193
12.29794449174329 13.266701464530424
7.943313721661582 10.125624642480371
6.6792416434745405 -12.388277942384956
-10.064746966673393 -10.476636193840285
-0.11347984542431178 -3.5702502229115414
3.2751807903690633 -0.27113620210570666
-6.170497878269236 0.7733529363975187
-1.0997885276541979 4.037020196205965
4.552178142440507 -4.764707124416436
6.462982421110976 13.91138240504134
-4.277200401409978 -8.687702206762227
-1.9809368712348032 -10.288305092197918
-1.3816282153814559 11.831947950438444
-14.518755858797135 3.33217414722003
10.948327690894395 -7.387981701864722
-14.454967407429297 -8.208843839339703
10.019741137296695 -12.847321194295724
-4.5256224305393875 7.108597480160444
5.5607389308609285 -8.458782766439844
-14.645304784611758 3.625916303213689
-5.136244043916349 12.121302326285331
11.672942076605963 -5.12882809283723
-3.895489002441856 14.706163032557395
-5.045095508311794 -2.910902203148445
5.122212624077555 -1.4192321520795605
-13.9317962191887 14.044599928232955
-4.221924830362557 8.537486219858483
12.322904199578819 6.564841952380431
8.583587683061811 -9.32574583964378
-3.226344432648819 0.46435774434653254
3.406086077553663 -2.2576889383437777
-9.099452862448988 -12.958990330825047
8.652391297046915 -7.590725696823104
2.392912911970086 13.007901695552576
-0.23579510787538993 12.92355825023888
3.5580763319673494 -11.108036753447035
2.9627547170916166 -3.0686455454340535
-2.1519033604246243 -1.0903528475164777
5.944628348353838 -12.441315634708378
-5.0473919398511455 -0.005085164267883968
-7.134625463308369 12.365716840412944
-5.952432615551704 -6.050993808255379
-13.91704827889315 -3.3939717264844376
10.171401126654178 12.434409096784009
-3.7606037994185364 2.8279090706720993
5.929367527471669 -5.984622374213247
-8.255815273631221 -12.073915718886468
2.860109546812165 -11.642082833473697
-6.6753146740419655 9.470846839652157
4.15209145964252 -9.730038139590441
-6.425082466718932 0.4336527888403161
-12.24119943751959 1.702128633911265
-11.358159727401274 -9.779121410989571
13.71547746262208 13.563221465453726
13.683878493036385 -0.42409401807332303
2.1892766000356154 9.734461667929054
5.324569184924709 -1.0446876276781296
0.7560843644213193 -3.2046766884063835
-2.23992308027454 -14.96630182379066
-1.2898553792823062 -9.85654170449373
12.780280703264072 -11.995756376736844
7.704111167078484 13.565966864867878
-4.570090438190725 9.039599994559122
-1.06086246405172 -6.675401924845017
5.67043228459508 9.253126752472859
10.088796297920311 -3.8028540988668524
9.082367970507512 -0.7550596015292896
0.2582802672815312 -2.3889233160297287
13.904565124556367 3.2886084264003728
1.8135066205679529 -12.935054501523298
-12.740225013291848 -10.03327317571486
-1.1542922808622222 -6.917295542646789
4.69652355548439 -9.85520512438909
-5.802246899523864 -12.31514604018299
-2.8453417038912754 1.9092756226203207
4.464153017699239 -1.9104217509183954
-3.898091581836784 8.6693867336285
4.123627931129878 10.653412322868903
-9.608449015138172 9.670597171634451
12.628227481096253 13.424834562658173
-7.538214784786189 13.421274701206066
-13.614117444454578 14.455254336526973
5.833472727625313 14.659935731627893
-2.1264246707764727 6.68581029407407
5.090875393810858 -5.228434327889477
-13.496748192177819 -14.478182294513212
1.9811582069328928 3.1435089314512368
15.253589389214223 3.919009341995534
-3.2918012101084724 10.533281988155395
4.324600278205718 -1.3326175380352971
-12.880324341555317 -11.312852089241495
-14.049899021101522 -7.132655583333477
8.440934624316224 12.174976644119184
-1.8270114829918889 8.223620322154588
-14.128570493178733 -12.56404828724727
7.419370593867519 10.53500667873191
-5.048544864150218 3.4542726719294237
2.089382161168764 -3.6989875730964155
-3.127229289285836 -12.80207834967193
-10.956637251971735 -14.157478649653376
-0.6277695064954045 -2.367203486232995
2.2974595566580263 0.013391091948095735
-9.150864341749799 -8.339704035125116
-12.366974002143726 7.974250229119676
-0.16506787673464451 8.988140341171498
-14.827519747466663 11.99799390638561
0.7263223960187339 11.541743133312483
6.380154018934316 -1.1531725762474618
6.716249005350221 10.996080855925435
-14.505326989921958 13.048258967326976
-5.019149743979414 6.526229550831744
-6.351351192076031 -14.007261947487057
6.600283183932259 4.790247367584753
-3.4279575597115954 -0.3427031005503025
7.891682050585581 4.5143842471993025
7.567007301561148 -7.919864532226448
-7.040754190055845 12.42768653406192
-9.266910239827247 -8.762373595638053
-4.564089823181803 11.279277923625546
-6.934994193081909 -14.384267539353733
-8.104937468800735 -9.254190353778203
9.100734662249122 2.9584969881249954
-2.644506875402776 -8.567582677174729
14.056371921740439 -3.6144959532606684
0.005570361301380444 4.4326126295867105
11.994766991907987 -2.4394749571256273
11.297660841524639 -10.281363516301337
-2.796463107496283 -10.966446731172336
12.25212323920939 -5.188781333094498
12.16844178985814 3.429657278820734
2.4527212613881346 -7.433552408882721
-12.184546354179489 -10.543304219890793
-8.54219458784975 7.940517531214934
-1.5272591143070056 -10.725840718045879
8.285973751835954 -0.7617114723780887
-6.518710691236878 12.284654818308834
-3.2175289130851823 0.9128932810510779
-10.62595188816817 12.849061188741956
2.44804168517976 14.64699688675217
8.018811675804336 -0.565251921242405
10.557811522353674 -10.716276156633576
-1.3952054821710185 14.931608960743855
13.92139759800142 -12.126947026700567
-11.483554060856326 -0.493487767658209
5.186793569427017 -6.81044356749948
-9.298925959562334 -14.147661363814727
-3.158847289297528 2.9839620422688107
-6.770950035895273 -8.290523838707731
6.655150987022385 -3.282049697147732
-2.161747653949206 12.11086157125673
3.0002213976075858 -6.250436172365273
4.894644565314394 -0.6180142880661759
-4.098095484104597 -10.694389493492876
7.011784816746232 -6.899758163867816
-0.058497105556439166 -1.994308013487462
0.4246287076413715 9.566681851439387
-14.796486747131762 9.087523127456805
-1.1918380772664907 10.896883847806976
-8.230008774950068 -4.108045734066576
-11.579774064720436 14.062739448016515
-5.232538864159624 9.11615817703682
-12.758598134607837 2.1941636068106227
-13.016101847603863 -12.518782948520297
11.451906288669278 -6.668079577238391
-11.20545874604437 -0.8046537402966081
-11.080185797902836 -12.203986131105538
5.019755833099314 14.686090894181252
9.034099257907002 -6.749423134845925
-1.8230377243121474 -1.2715985733426614
-11.49046887835055 -8.07731058099428
2.5457699554260493 -10.718680633482553
7.810685055565244 -6.893736190453792
7.851496303544504 -5.095315796394177
-13.702627971023947 -5.4421959105637825
11.93409409421611 13.868750835930225
-0.24998228941534073 -12.268468503183389
-9.410346335002886 7.135477476048035
3.428575908696672 6.563893111488159
-12.379680233427091 -5.826857779235876
-8.147235429095344 -10.094528612735285
-11.680350269059069 -5.937055117662037
4.253868712210295 14.13780897833406
2.691455336844122 14.211990857171628
7.447414613683982 -2.1605655192089195
12.058857405067503 -3.5469207451701195
-5.416520892595127 12.23990577247422
-0.4041562558482994 12.226339996416268
2.205525320339337 12.086134157372854
-9.453973241222307 14.607558103228104
-5.520214447406364 14.53094914711847
4.240332989496327 -10.177907695494103
-0.008811865422012843 -9.238277870715681
-5.437465838192548 -8.250383741911305
5.713746873440563 14.238521258104864
8.918494291205647 -14.233070632884688
7.6889472223924 -8.252717225209947
-6.024920775377966 -12.799274966922123
-2.760390251625118 12.033968126085849
-10.765398690454091 13.740286059400411
7.09014975128116 -10.858628744437867
-1.8975359529671252 4.597812512808169
-13.120177242282612 -7.808460047705883
3.1071688637996147 -14.173161724656314
14.373018136812888 -14.613640313978838
9.115069054545245 -1.1144487290288918
13.969220233384435 3.124898528374569
-0.6496396713237989 12.112121628869975
-6.897422292805894 13.87828287686531
8.905991604994426 -7.510872418178915
-2.6651532364291324 5.556608408551742
2.3612846099316513 2.2315225009919324
-5.319949781502473 13.663029829181298
0.07647448482091512 -0.3060948018451537
-14.891360367102225 -9.887169596924323
-1.054889722473277 -3.2415567314755496
12.301978976123303 8.37090812555154
0.9551391077528013 -1.2983284606009207
8.36544091265095 -1.4208894724027186
-2.431168735001549 5.679309909690982
10.47512148338253 11.604663342681864
-4.233686038216613 -7.537531642084366
-14.532384373032905 0.3574166701712027
1.1825548168156494 -11.839807390809124
-9.812948063719187 -8.585662037073796
-5.38033731751613 -8.271645617749535
-3.96234465390369 -7.03237940936562
-4.495504215909699 -11.469415189576312
-9.257060388617798 2.006314640644735
-13.184371266074434 -14.335985863571782
0.9993642444205779 8.37969664439191
4.599839086936683 -11.039344014425392
-8.025649225192478 1.4596778168789477
13.475061867585545 14.933951545457845
-3.2443394255586426 -0.5721796000430679
3.2979469596118776 2.183896351538049
3.896474223772458 -14.517741849898592
-9.560125653305054 2.3268335562849245
4.982339347342851 -5.539036046423805
-10.95936007254155 7.624810767765311
-7.377938454141571 -2.1861106335751805
5.308360333792393 1.047710482024975
-5.3352327862083815 -14.866491662599874
-5.590494657390389 -13.26084273544305
3.613586882928164 -3.859691617625911
13.272840905794894 5.4653379075043915
-10.563595681712265 0.8334107886460345
7.581325340028229 12.368845436072018
-10.225881247522079 -12.65497133652698
14.372320997183195 14.067334707471591
-1.6595175576411751 -2.7696246270796507
-6.286179318299919 -11.41803397047628
-13.282961369014119 -11.660261417158512
-3.7241568205940627 -10.095745988609023
10.003238175316437 -4.199776733618478
-2.561289281197908 -14.913619241029783
-2.5757485652261973 14.99467102711446
11.7593919227143 -3.939080381129129
-2.091124830358453 -8.879831421713806
-1.771736296403768 13.473192242175056
14.255128494905907 -10.49271425645298
-11.038195863112811 -6.851261103014707
9.178124282196531 12.428656162477619
14.46192651665558 13.271975670281591
10.673248450846485 6.863613411676581
12.520889060667436 -14.142586772773262
-8.269836198530163 8.882491183107502
5.004202827381224 -3.069850818716798
2.5309279163889613 4.182728447609598
0.0838278351357431 6.425214317389074
-3.969463814518871 10.598756027564704
5.650432487302787 -13.072369887128202
-4.779390326379016 -12.931955104310259
2.392305728337817 -10.237855190626412
10.904725651218829 -3.7699139680548566
-1.7509131831688336 8.815646217923252
7.40282184750189 -10.872835852462323
-6.103802011141969 10.025006569708488
3.0138876237156076 14.239022542471382
1.0708528328217177 -9.234301041722105
12.216693975999018 -14.004073810171505
7.54521563798302 -4.4196796448969415
1.1406275769413519 -7.235064641422531
3.064849613397822 -5.7765217104340465
5.904717609683917 -5.42303415278429
-1.8024088202696955 8.460030707132617
0.2658398004462921 -2.7220409382502666
12.728491837245798 -5.649916078170522
14.816419566822553 -13.924317405248793
-12.669840819121525 -2.627556071856988
7.357993751382004 -3.7247834496745913
4.299760229088182 -1.9050836727876526
3.5670225905924298 -10.598234343330013
-4.821276697776986 5.439676357486849
4.376988915894206 12.923928755382079
2.4832089787267293 10.9544027779422
-4.093529376345126 -13.009398949961945
5.6878630917130835 10.215087121117605
-11.350381459696397 14.875736605637819
11.572439284703929 14.600427969355284
-1.0517277477322367 -7.4510089681143565
-5.733531587738277 -12.546826031306995
-5.9194963461809795 3.5405119548895847
8.665871185120615 -7.927651150554629
3.9421480244964364 -7.184532529782776
10.891305161272353 -11.609550248691018
-11.863916243256835 -1.4903533567632579
-5.862682107469368 12.160508880819528
3.5744964112030146 -7.822192415372463
9.13270259107123 -13.510916684189793
-12.278868890722059 -8.068041452369645
10.767755787084393 14.394385853536878
-4.028703679540353 -14.31955520329976
14.034625285472377 -9.93403850834701
-0.34010623078206415 1.6109104192380563
1.6934004593344483 -5.0867441058396405
-10.81981687814926 8.785705417031082
-0.251436821008145 -7.166869616566607
2.3309860634035537 4.65869385513037
-8.356198445002509 0.3843734808301189
-14.636440477082681 6.896289807085012
-10.007140589902287 -11.575549193895641
3.926637150485181 8.04200741224819
-1.4680596640166996 -8.650584113674615
-0.8987792568923219 -14.230834803208056
-14.078695902590564 4.10869417197814
-4.617696483432729 13.873049286925355
12.057469677179924 14.319431152792863
10.014045073688493 4.439169553388462
12.731841575364129 -12.156954772888124
2.2186653303281503 4.852940917562069
-12.499166292720629 -3.8997810466542724
13.149627783175315 12.06763430257249
-13.526390322197958 -2.458733928067902
1.3296213144606952 -0.6842221708463914
0.3431036855998073 12.47211944915945
3.610768872136198 6.639596863041028
-3.2499893039813017 10.365291218058477
0.5528452289133128 -11.827642317982754
3.3313303394951284 -9.076848473599057
12.423152110536423 -0.3512466629675486
9.474138572904085 -6.27306134956196
2.222727503346558 -6.740647493488533
3.976571328028534 -2.66767456507238
14.442579422058955 -10.652498437210252
-13.63572529045285 12.866021748024714
-13.359666746293561 -4.438887210718203
3.7582779946629934 -9.918016309119299
-4.929055796381158 -0.13400387096968736
-6.3143326198751435 3.3012596330487973
2.995845267089294 -3.2661235211746096
5.3442129124209 -12.778931938972182
10.636498817435722 -8.984213837429238
12.403581719405945 -5.055227194465816
10.659822895995212 -4.580187245495415
3.960661421107197 6.540403466011181
-14.80314610549327 -12.173878467663986
9.709035720357353 12.305409128602214
2.588268608492587 8.790759379022248
2.9811962690653075 5.662167386977746
-14.978768819049993 1.5387850284640407
14.335920289936574 3.628283264306872
-0.32651872060257503 -10.259833610815825
-14.930395217846854 0.7757237344093504
-7.69790494532919 11.462772629553054
-6.7544790762617275 -10.761946982070384
-1.4365438036889344 -11.942184956715547
8.838216531734286 -6.813820341081593
6.709886607925142 -14.191443844115227
-12.931789509770848 -10.076614869814708
-10.698378859628196 5.807154940800228
6.68887723012293 13.60562573469921
-1.524212402200181 6.915752306130496
-13.111669246104249 2.553588062481012
-12.152842895198573 -6.15299917971422
-14.492472859862378 2.5623596455411466
-6.672895699420607 -10.285875353908787
-7.9418725884373815 -3.4706858406731618
-5.529678072215633 0.5821964418319308
-4.695411139503468 -8.137843184690173
-12.821151468137193 -13.489127763610687
-9.59540445483092 0.6314628265870468
1.5180441440426193 0.45857934425854197
5.1504444939361065 1.0227173701923782
12.68876723755853 14.826145770540375
3.910438762743599 9.75794178878628
12.039954720735256 12.045213567702604
5.308984485128121 -0.6998231919012134
-8.845423567127634 13.888304802850481
9.314285013122223 -10.185777638713489
15.218532203280141 3.6378697576507557
-5.713110886146245 13.164924197525178
3.574285351977231 -6.13657320602757
8.419894052057664 -5.453176840722824
0.3821356306509891 11.858127904022737
-9.436752879779483 4.915592808021433
3.995816355525868 2.976259432350613
6.623235806353492 -3.9734560158914203
8.10702090089611 4.280609372419065
5.549099123856067 10.094920961707814
-2.4624907820078015 2.973021121933865
-2.1902725714839413 -4.200484826149621
14.397102512724643 3.130339151002331
-10.729646728119702 14.288749913598277
-12.200291360897257 2.5460283844686593
3.030272681437964 10.617940967136498
5.524594487911603 11.644769511399062
-13.217203055896993 3.0033572292602884
3.7121854684977116 0.9257022590028399
-14.263518177341496 11.605505258203369
-10.294829179424944 -11.856086749078154
-0.13270542752303527 -11.752855964760442
3.3702038573071036 2.626462462461472
3.141739595948227 12.132032586480019
10.382344150388263 -14.957000707259766
2.1122700246208694 11.855706528312624
-1.4413648428532895 2.9019320659622885
-3.055018058911063 -8.15499428593427
12.58314134018767 -3.8444891005229387
7.685957342950534 12.449042767225958
-4.311926336440429 -13.621054354319817
12.064837570897556 14.897951668325575
1.1244357202494122 -8.963055326824012
-3.228214612531257 -8.875580034067678
14.318450643474343 -14.85021342899117
-10.252058580741668 6.281338701537218
3.719945721637586 -7.380046911761772
8.257011569452462 0.23768964662790282
8.631551780219013 -5.848293695204674
10.29881771652877 11.351444684992845
14.69362268863689 -4.908914138666638
5.048445963047072 -5.433917237810187
3.22870165837929 -8.553968180458762
-11.111148906368058 14.612115799461314
-7.206249289119263 -12.55983333317287
0.16150046049908795 -4.379758753977832
-7.243779174464228 -14.981507479851327
5.810090844404751 -14.52721240204444
10.114081684724319 -9.297056993224864
5.665439267185736 10.132438658391766
-10.091413579995026 7.5183980503545875
8.296082674790103 3.914510374908188
10.644030789401876 6.011201141053709
1.0805279608487908 3.241222632940385
-0.32835438416634233 -7.636435621218656
3.1828247167626103 12.483665619809152
1.5851654121653347 -5.479199700029486
2.353044947300461 6.817073524012631
1.86298613169825 10.942434520168067
11.226910188026363 12.676955865102123
-13.989836933711759 5.49381358646815
-1.1575836131825827 -0.4071776265533682
-7.786591706120506 -13.934277041086725
-3.235630033002206 2.6554922267526493
-13.118545372667294 10.242154778691969
0.8209762519264281 -9.456747161234713
-11.349058836402836 -11.557691005020736
-11.26933533248319 11.79219791952347
7.456595885670112 -6.74126043493562
-9.452169672324855 -14.218858054218167
5.314349037909018 1.0202048476020202
11.739981291773606 -8.936992171415252
7.968447347308263 -4.958592501552445
-10.37168844625857 -10.28151892556744
-13.056200404236446 14.68847167457642
8.344930953189184 8.068587876579413
14.685471986868244 -4.136483231167954
0.9355881210659653 9.396941519321079
-1.7572341758427505 5.433140333897995
-6.099859243480557 -14.789481007935578
13.4819127630552 6.8251539015270275
-10.882420978738866 -8.634571823373385
-1.836840614334644 -7.014987362298095
0.6316130407143667 -8.621641320711547
13.778127756949086 13.130657980400336
0.41105620538510834 12.841545939665316
-5.1560509539352495 12.913223480198898
-0.9568913636348011 -0.7234975981126812
-11.68284706138311 5.4626020373026565
0.68798392477132 3.3522587820208436
14.043669947069573 1.8715356835994428
3.4303080315922507 -11.637854937642038
13.40162428263558 -8.62621922578259
-1.7955951109267794 -6.513957820620815
-1.309035333717505 -1.2068527108342924
14.538679135637068 -6.411855645974953
-2.5123888557511247 -12.77781222024274
2.5983876566983852 -8.0284641348399
-0.05168233191835192 11.605086040632173
4.487361815463345 -4.558397192530228
12.62107075735609 -13.894030982773206
-0.5281317837896733 2.1474240982950477
11.924704747750486 -14.385235937101834
-11.991042705779808 12.22837294188146
-14.039331880466039 1.3986104885272574
4.405584780761558 -5.115535533513231
5.124284051330967 -8.881438800294431
10.2822109248382 11.540310137204443
12.61794090677098 -8.66484550463603
-9.748202941141614 -10.437943060430541
-11.403505421407722 -11.625373424935985
-8.203533103838216 13.805780485766523
9.118542921173923 -8.541835017115897
-10.691908644425723 6.556815344697508
7.989123686550805 -8.381059736814159
10.676018546013585 8.066558746388635
-14.321591103036653 8.084916684766398
3.907804968915684 -9.516296475800555
-12.086419495637031 -3.935948943362808
7.672079491654477 3.992407876783134
3.6572769670312155 -7.463804870573101
-14.821301322639673 0.01810172827970824
4.2946151328348705 -5.924338434593686
-0.9543586348496387 -13.989234022692006
1.199047073458111 14.525456990851914
1.7567082440604374 14.171755785631113
-5.699644993866048 12.25536758750599
8.801823144119577 -6.256013212963104
2.311298716277385 -2.277431990101107
10.148586662499333 6.360654505527779
8.83709159522526 -3.757427824618068
-12.321175971006681 -5.703322127048601
5.987541943503992 0.8065363573314492
1.123452025091975 9.596771019596876
0.5636545948269447 8.884288238251177
14.263224665227966 14.583382605805323
9.71827636909886 14.186276519051042
14.596911616758312 -7.566545204903053
9.343426164679649 -10.036595110341086
14.305390410045469 -9.852367319844069
-3.4953461027809354 -10.800758587367099
-14.884575658303213 1.7206022322063497
9.359645690580674 -12.049839869214557
-0.5768861309436666 0.16587256602735145
2.030252725703395 0.0670654883022106
14.78557698421714 -11.567940245774118
-12.739195220714432 0.10644149529070823
3.9675248769417486 -11.335111337866074
1.528181273782181 9.013621602475897
-12.317204234210566 -3.020411795088723
6.305187479534418 -3.2766244436715724
0.22563260901682014 -1.129004276186624
1.8383914757984279 -5.746080251366292
-14.453233908948018 5.283647659754326
-4.326250789959685 3.2108236617421326
-5.160994793742439 7.780102746386962
7.563285567653043 10.754044999073884
-11.70983524381715 7.171130993244963
16.134058534920996 1.464836974542763
-4.567375997371501 -9.908816710310305
-12.760472492869628 -7.581158564094279
-14.118544277686091 1.1115527345543725
1.7328137369430294 1.474006264545082
11.62695970065753 -10.67428014127666
-0.7283744794589992 4.66631187864655
1.2602998775056342 -8.608511279423023
-0.980794515510091 12.456699773820734
14.02317764236947 2.9726469386834093
3.017552749611056 -13.468764961064117
7.590962168975299 13.932331003414276
-12.982101260536359 -13.56957649844508
6.899679741343164 -10.122106958676103
9.335459600695142 -0.44130457558712166
14.854261925037406 -8.592052052114969
-3.6976196554486194 -8.374937952963242
-1.7733712836067 8.619334488027924
3.979727443606709 -1.072242808805278
1.4907278993419553 2.569910402055527
-5.426741100575329 2.539047310304838
0.26094353630963774 -7.186178883053611
5.931918962614603 -5.260988600903428
4.922924553986775 -7.718231805600234
7.654647095878989 -5.319850928969558
12.077550302083157 7.596111972484659
-13.661478232852133 -0.25755590562966724
0.6641448150787888 4.993317063965371
-5.955761365700059 -12.096358723772527
7.479594398527695 -9.56479412316461
9.510636241790841 6.926613202992318
11.795682702225427 14.913421103583403
14.833166058372747 -8.783493955810746
-1.812827542808357 -9.65401411206491
1.4307776442245874 0.8535790536413863
0.11945511136919507 -7.333547578876684
4.328197918124129 -2.9761685827259416
-2.448468823481237 -6.395640922175067
1.871745455668254 10.152276743216827
-9.414995147957326 4.9840031285081805
-2.6056507084055305 -6.73480831552723
-3.968573665700056 -12.592293150475516
-2.324453605179862 13.721366950414332
9.02817062490568 5.0860254701971845
6.227298279663305 -10.05529092020547
-0.43362338622940655 -7.3760346437645605
14.859435465687053 -12.891965640095595
-1.2859191861754056 -3.190213161431508
13.30562808224619 -10.419385387979727
3.282544980710675 7.361948958704964
-3.716918518685464 12.70746061309934
-3.82681526580515 -6.740274572222056
6.066677207293669 11.054426080941468
-7.529126609859659 0.7181677697486784
5.520128014469325 -11.506748719459772
2.4970758647607454 -7.487811033527362
-14.034323048281458 4.8984548020387315
-6.8297817369601095 12.66300301439377
-12.641303228671468 -6.409288070676947
6.519516768280795 -7.446851944524996
-12.051152659862634 -14.521307983932509
3.5256660757205367 -7.928462727077181
3.9618222776089915 -6.230317263550788
3.921974901826097 -13.458207979825975
-12.9693844717183 0.46863501476395086
13.360965206072379 -13.113098349565103
-1.5464803664761924 12.50462604104148
-13.759094006003657 11.087785111633892
2.5720928654881874 -9.689550557539388
7.418984756024436 -4.797060410922768
12.791899215305929 9.825354367080928
3.496820016378262 7.158812672094591
-0.40091794773663914 12.170228517055502
-3.4622507130088422 -11.413088979440591
4.609513243424644 13.163425851492459
4.666920006341677 -9.953517239596344
-5.880715228162661 1.7656207946072513
-2.933799567539211 -6.859132127491282
-5.093478061350275 0.20878181188460943
13.411219310872635 6.372165257163618
-9.896129084229301 -14.819651991109229
-12.356241966286436 1.5987488095271374
-14.166697109954814 -11.843428506212383
-6.738891632310619 -9.671247501210253
7.718142016524542 -12.940281112319763
-0.9830473964225046 4.552659984669148
8.963062528260615 -13.60385060024776
1.3164788955760756 14.309622785859318
2.588737219195554 6.926035122311184
7.38843530728977 8.854459623276712
-9.728694356094094 -2.755107540322138
14.358466127404322 4.386098772393089
-14.828317273852173 -7.941138432615249
5.116691125426183 -0.2353110403544143
-1.9642533053572766 5.663434285743172
14.974995596598479 14.408934930275425
-2.5035790654122145 -4.6993535423465005
6.808768199763822 -14.37943731829396
14.389449454531139 -11.744061603905582
1.047554730843789 8.996119727051209
-1.392975022384011 -14.279643364422922
13.952393783032331 13.879856718768671
-3.207005245543259 -0.07402253100994649
4.600169070012104 1.8602712847777276
-4.976767644400903 13.615490207481457
2.92849474382491 13.769178954174137
-0.5346566457252049 0.4446296731279329
11.647911609113368 6.843712842310849
1.7878870260137418 3.458806159147983
0.4393369629010575 -0.2495690297537685
13.836990126555794 -9.449569944222898
-1.0046994713903086 1.4968354217175843
10.782497317302527 7.404853650803636
13.185756526889975 7.907563147643026
12.40261934616661 -14.840056818273284
-2.4292619605843733 12.95609420707191
11.54572988047731 -10.688629959706985
-4.759889083074814 7.022807569699005
-2.019602104883269 14.74176741206837
2.872042442485583 6.540182884636412
-1.1748297925582456 -11.835043179585352
12.835862626667865 -9.340440161112868
7.625309372173419 -7.859401673234591
-8.57312534618115 -1.1986862864160033
-7.952386023905963 -4.569547610577906
5.565919539764749 -5.586320009683833
12.910639839761906 -8.049351111472554
-8.77517890549656 -10.59263728901115
13.022512432997775 -3.068856034225373
10.726422427773418 -3.6001712562014667
10.148722740333836 2.676343361625108
9.984788163481195 -3.9182216148612437
1.5029687070205178 12.02463160458089
16.24535660839387 1.0475959943161501
13.478330029014806 11.952908781717866
-6.212317065047776 -8.626803115756424
-4.9233495416959645 -11.803363703919091
4.459746000402269 13.288028353778877
7.462284791541798 13.21245190637891
-10.381934296305854 12.201859042429465
14.68374664631796 -14.259188310866755
-12.560543217926023 -12.192151441338119
-12.957785184811307 -1.5418187520827757
5.254037209890129 12.674341259160741
3.723972827380461 -14.541927095564095
1.9144331228703706 -4.977185198390789
-11.826779187917253 14.404637428037343
12.049513725167742 -10.709324646971899
-13.511800750075514 -12.936429761365343
-14.24971615744835 12.237372441579868
4.014877471448841 1.935007140434955
10.115267304573013 6.253527742959764
3.2628566355671715 -11.471388127752446
-13.293718299200245 -4.576201680627998
-9.715628843466149 -8.134502284912163
1.8993563528485389 -1.4736396271271772
5.722026097137729 -8.876123945005018
8.132848542249281 14.374131155813004
-2.6236147861953523 -0.05598987213010531
-0.6473044147869604 7.210667203224997
-3.107171072884805 9.64585501074357
3.4856882167501766 -7.495555609261663
12.504445604676217 -3.0421795491991137
-0.30017268124293217 1.915582691245092
-6.057476865262506 -14.068407461310429
3.564742265908201 -7.489294074993182
3.7814037633285373 -11.010949503870869
-0.06665674698652069 -5.17081209347891
4.59413609878359 -1.0944727204814289
1.5813283085026129 -4.559334794692001
-13.881422159665638 -11.609365900078338
-11.677225336771738 -11.996099234604447
-11.665125471614383 -7.906346732865535
-2.2484435602169217 -11.836967298262827
-14.88804732760607 -0.011638452160315893
-4.674314893822542 7.232170844309909
-9.303050842238987 -13.363650122933265
-3.6302262924897057 -8.763840705199014
1.0831645713666056 -9.997905406830903
5.80617977245036 9.00265107288434
7.385929981508159 1.794367065231942
-5.861452656655287 -4.785391856314654
-10.528165589940086 13.881187019283903
5.511976544901604 9.83288379690699
-14.867276699776612 7.156998321424155
-14.56568723808242 12.286680837297205
2.995516748892804 8.172376267122964
-14.45649151305831 -8.392402541814363
-14.712150053838766 11.650612920727013
-4.402117689660981 -13.141361166727567
-7.232848881549188 -2.874733957392876
1.1466837496765478 -9.843903507467967
14.6544521950952 -3.135191662881013
-9.73899068351765 14.22692307656083
-6.547785630271649 0.7628655874953125
13.706630462660247 12.487336702534868
-6.8068299511099735 -9.489520738060552
10.51624381977507 -8.908427753828656
4.397810015383662 -2.6557101117783564
10.332211826228168 -6.472176084381509
-4.125100244379743 0.14036061066704164
9.43564709456695 8.48707155555092
13.156234544340174 2.8011571127489723
1.3960688255248357 -2.2227409813487533
5.484787271216778 14.694680037962055
9.794105426605157 11.358813024041588
-0.5825128241232687 -11.19195153651548
1.9460160940665787 -8.56392913323436
-13.338821436206699 -7.436480923126836
-8.169833683683436 -2.5104033545137536
-14.222543090381123 -13.819729405294451
9.696882505808745 -6.636983855189996
4.723313617883001 -0.5482899024347176
-7.703422735328057 -2.770921618492884
-4.900685144259834 0.6415484906027391
12.514675887292366 -14.630405201464097
3.448843559408161 -0.10963401659362049
-6.342147934395998 -8.627934154065766
10.204301891209678 -7.734902108280134
-7.18806026425638 -12.420529306863111
-8.37174301041626 -3.743453582623636
8.42445207398854 -5.222887813593379
5.720804396515781 10.671232603797637
0.31406137497877396 -5.723258776136934
1.5035160638693839 5.983998627276755
13.922656367311898 -3.1346436022683672
0.8240388053740606 8.676090497504784
-14.393523757162225 -6.56855583349062
-4.055941768350754 10.35313476767664
-10.643731260318672 -11.894730158188125
-8.418842409706338 -14.567959032902959
-14.146759371288791 11.230669065360122
10.630212674329137 -4.611850069618299
-11.48187776894143 -11.932554618992636
2.8864798148628523 10.367750939033836
-6.424476550880755 -13.990217892416352
2.0393878716609883 -9.16352134324432
-14.970624697959648 -9.140966956953067
12.552517196686043 12.517834567833031
-14.343042631544474 -7.5702871002782866
11.830619672602303 14.50069238881396
-7.151717151779051 -6.5789772237150235
6.544143650366163 -9.217380728784077
-13.710910064506367 1.7064919612419196
14.191044222396098 0.4673294955095255
-9.574782425179604 -14.181198922118117
-1.5586419491657573 -7.87144078854145
12.4851677979044 11.352761212726683
11.474574512332044 -8.185291334589255
-10.536766128470852 7.959883368047931
12.968372705950774 2.013313105503437
6.987114970096382 -8.998100288683808
12.0114759716515 -11.327550932048567
7.121353309319357 10.263782366065701
10.51784148758977 13.733052281714215
-5.831546366239884 -10.376251285476037
6.524935060970627 14.63774371110707
-7.33782913493947 -9.381561254716734
2.4239613497962686 -7.033346783927169
-1.9151481800970753 -14.710747169305897
10.053821219907611 7.055736320884593
-5.640292404331685 13.49627291286242
10.172303683336843 -5.580737861861875
-0.3350446781897176 11.728496368982682
4.152672910099046 -2.739177448090267
13.464093344674572 3.691685824041151
3.478898908480474 -6.744074983789005
-10.27717535255852 7.259805503572625
4.183996647234782 2.945329268953511
-1.3255250384034412 10.872503327282619
-12.579633746353656 12.167417593574285
10.531107949407424 12.443715145440411
3.8542967299140507 12.724166802878663
6.3597535348276075 -8.894760900418609
11.129304304660522 12.145610865699062
-3.982695203619093 -13.698332962050545
8.171846944802027 12.16021633207992
12.507934657729479 -6.281323346081271
-0.4287364877244926 -3.958281947427123
-6.202392562132127 14.242312923494424
-13.031332917435979 -7.208039480532429
3.9038890390391217 -3.756011324016921
-2.2788322422140492 -4.267808200346074
-0.2556369275914907 -13.560002747104766
13.730801156201654 -14.797023876539651
-6.589861115041373 -14.712210325062172
-10.138223245922521 -1.9106039998853839
1.0261231447997758 -12.886589742654477
1.6354804843832689 -2.9146244911310166
4.873266624271366 -5.822382018658999
-9.527876028377095 -10.642370070159185
-9.92700997376924 -10.464828583761657
-6.942278654330318 0.8339787805566132
11.568582837799559 2.3012008606339385
9.503257927010694 11.415271371354208
1.272089592987946 -9.207063191042787
-2.567487337352416 -4.0932429335082485
14.470632446269484 -7.316865068489722
-5.970356557400304 -9.230589953711846
14.549086384788374 -5.04556802456238
-4.7052550152305965 11.202654988105042
-14.730073187780263 -14.218604397575447
-10.456264346574713 9.351284230265374
-0.376542481608249 -2.5171064206773597
3.8282832165442784 11.557309260531294
7.0744845530366405 12.093920299150838
6.3136292588681115 -0.05356844751900347
-7.922055394218969 -3.4830537991140558
-4.664003832245303 -9.708796209073359
-0.44538839783904116 9.482608962167223
3.177325441374144 14.58108374246753
11.276267976996312 13.386257885115814
14.256423660187092 -13.778503046753338
9.371418477730842 11.396583845532685
5.045521447220668 -5.03063703414878
-13.088195886573127 -2.32102516252675
8.001276015889054 14.281997944628394
-14.580006709055217 9.71650251438793
