2500 2 5
-11.0231682200093 -8.713099587031474
14.937822420161654 3.7416921419318343
14.266339518455293 1.145999010157519
13.114834162679921 2.9243381571014853
-8.309541050528871 6.883158430481064
15.82648687365704 1.827994696049455
-6.316239304562741 6.640093618511321
10.781641153758546 6.758494844100835
-11.466447181452704 6.4680043443788335
11.217112176639654 6.046454258281063
12.017887078552942 6.933210313102159
7.5769255019591215 4.51722877307424
8.091706070909515 5.803243318855363
-8.318278422199628 -5.815521485906443
-7.9743656636251306 14.217555435103591
10.283637631891825 7.365032152488259
1.3591312371570368 14.148384074351192
-8.044367134956618 -2.6420879995924675
-13.699582073797687 3.6236021182418803
-6.274077688280197 -2.7274724108164525
-12.886988989489902 -1.3412883732948018
5.926748239387427 5.2061894564700415
6.767917946706259 14.118707309126961
2.6544596137257344 8.72331908018942
-8.795752321774524 7.828941957028657
6.844211911298788 5.545352963435063
13.081616043510996 3.0102628949822594
7.8123697037368025 6.287688131076912
2.5507056994663984 -0.35131047491936584
-9.902032282190298 4.1970974961149645
-10.179660827595315 8.82517061050034
-9.014900575567406 -3.9563312683130434
-0.5334603736597145 13.6033734798824
11.836958853853535 5.902849158551243
9.79035988976984 1.8206376361420924
-1.9665860894724378 1.5852412787556887
15.501203579235291 -1.0377742883988716
-12.09651686900016 4.084146133655598
-11.623904229861013 7.631420457489739
-6.39177386990008 3.335569992119204
-9.95275807922216 -4.337586593013833
13.169898289168062 3.936290667411921
11.068587650535672 6.236590395445724
6.4885224240365424 12.549290163349387
3.0405403803005306 -8.166580045953914
14.621301267475816 8.19239100891632
-5.472237291859727 -0.8120902596060473
14.247736639998081 9.031868708519877
13.722020671015992 3.4328916344426204
-5.284500099195057 0.7720689852654647
7.433716192681108 4.367836107204214
-9.104131629849098 7.851008255469904
16.728765097907377 1.2581273235079486
4.382110170709616 -8.636850702790612
4.121537450758225 7.145318066287396
-6.251992130937655 -3.8049203870996378
15.914451585555117 2.7150965219024714
6.380465995165364 2.441039776372261
9.39943868512284 4.172189533941318
-8.890655352675331 0.8425850314452958
6.615234418386816 6.835742657997556
-7.5578778099119175 -2.6057921782289384
11.938550687557758 4.447720638589618
-8.031313052192019 -4.914733343570683
-12.4711243893897 -6.210755506373523
13.976910789526931 2.524223814379856
4.173725797063835 -1.4526988380960582
-8.450946836293987 2.310506879614092
-1.5192296524133493 -0.2946671549349702
-10.26619305182142 -5.739056999413924
9.161391139025458 3.811642064317416
-7.758710191498628 -4.528442494657671
-6.533158465497056 -2.428666959022231
14.930126402006081 1.7180743227448814
-14.501991529840787 11.448085828358153
-12.008101626216538 -2.576834416075391
-7.871149472593374 5.66322646423375
-8.077253405508538 -4.606792832992662
-9.60739054812918 6.922476890034809
-8.347952006865482 6.308825018266703
16.157100328263834 2.4962479363978565
7.29200065692863 6.140742528304816
7.213649957793844 -13.829497541310161
-5.497100025500226 -4.514399484977042
11.852784135486361 8.612726403228102
-5.541083647479703 7.660310592313596
10.591854025122547 -3.624097311929882
-8.107964834622386 7.29184619389255
13.093009731522589 1.8584683063408356
-7.836920007266857 6.083179380524801
14.667841542217428 -8.015744325529912
-10.649066535675665 12.172264967107285
-1.977842675396074 -10.773334352497898
-3.6463778306170678 14.221665129091093
6.462162441510165 2.6811989737988133
8.612923983439108 5.850948331407187
-7.642914698449896 -4.832930613166598
-10.228138103543424 -2.905416314259103
8.870220154789376 4.591960878025504
10.240316152726603 7.494038141974568
9.442693277504539 7.636056519010346
-10.54637515443222 -8.611592613738539
-5.42640657331766 -4.0614108406136324
7.635096816745068 6.722894176358139
-13.229535800865717 -6.331338482524128
12.290461354420309 7.774118201188428
-9.358273487561954 5.97352056394624
10.115962887931982 7.027717616025984
11.130537247399918 3.916991919564303
10.383659363710294 8.960978100137378
10.08866758178942 12.177669000784174
13.243297231599245 4.7062402761137125
-8.820524173941248 -3.2548557756134673
10.96390955264651 8.616457423046135
-4.2321382756078005 7.568767860500007
-8.138339453958219 -3.6198610398061537
7.164317213511493 5.087846379236817
9.564398133298113 3.784942431942175
14.631700582588866 0.8198984444118775
9.878494935123157 5.098878861456248
11.39257434680766 -7.869171096835932
-10.006851465673378 5.944754100996377
14.554303459003595 0.5002668188811135
3.571875072732059 -2.5212589403047776
1.9791788211618773 0.3674432975715938
-1.5257174482959037 -5.934244172959836
-13.9732384601867 11.786302763546303
6.926733895857758 5.159016704102431
5.4117519326296595 5.419375326538649
12.711412440651548 7.344435108129212
7.775409295521367 4.71761287218719
-8.19365160074026 -4.816643990293602
-2.20395186369292 -3.2612336449316395
11.548065334550925 7.322076162296298
-9.161302621022307 2.928207737407126
-11.643746463118896 6.312417272766596
14.77710875190095 1.6888113749362719
-10.725381709242743 9.343197205147044
-4.338255183052134 -0.3190595949702395
14.284924459690906 -6.200928718808337
11.506874193835104 8.67771367232818
-8.856559036150987 7.000529303902492
-7.041932998827024 -5.870764721955332
9.054941728730185 6.661352321323989
7.035756439442519 11.02902139007508
12.662945119569393 0.546804126289945
14.76909857911742 1.6234561562962917
-8.395010588130118 -4.166488512058787
12.300483892152146 6.37632176996825
13.309201019812905 6.615996452651466
-8.327833487799191 -11.30383024162981
-4.840863012841453 14.464553299119885
-7.158099312866488 0.7146121079601429
8.504246887421788 4.13837114425772
-5.717008352060901 -6.132708505451628
-6.764996430145616 -5.8505548789517405
-9.103945932759931 -6.081937369571056
9.188582178093249 6.844928267792489
-8.602823808545843 5.579348858441556
-7.233106891801623 13.421128224133728
14.466021205506026 -1.8960177402911613
14.908063247803351 2.4755848228163977
9.718103076226932 8.58314078888232
13.222523187589683 0.5232710537744736
-0.825713043389646 -14.611582593439318
8.714147818909716 6.083052745212473
9.626889911813617 7.526143131907423
9.05268442814639 6.323603564227733
-2.2608175269875677 4.313711782538547
8.766978139687497 9.168374763932132
9.273687915420473 4.940168090958213
11.748270040043474 1.2191977722819325
-7.1011890950043 -3.7280381323923706
-1.012481492346092 0.35212694610682505
12.834021845185706 -11.407817624528175
-10.12288224428309 7.195638844145836
8.71404234768382 3.3048157290725246
7.348206780882871 5.114730001093091
11.314981265230745 4.168473475547973
-12.102462342607605 -11.520702981696665
5.3986889608881405 -13.35033713827119
-9.576183681710875 5.712565936515112
-14.325926913903746 -3.1154481486799988
-4.656049290351101 8.888660554175193
12.570386494360202 5.816355419579692
5.1918793630885425 -4.269677739078192
-9.932747815447442 13.639122305521742
-9.589143126261412 6.637517959579505
-9.663478199639767 7.292684496662233
10.489276295176746 9.789080730733712
-9.570999345216848 -3.7085355501338158
11.568043825150497 2.2351447388034837
8.68323826920706 5.3395621414086865
-2.4146465569461135 1.9344181122753916
10.78348238301726 7.986341061015437
8.247891385116715 3.2615445257349807
15.56836433378136 2.91741558586378
4.649266048060081 5.374043233855234
15.108452958048888 1.205118957503664
8.622456035558574 -2.8158154311656
-10.84314720445549 9.378665269861907
12.151942930911979 5.1881580831154235
-7.665465142657802 -3.415925116125604
9.478883498699272 13.646520281386167
10.495225022528771 -10.148427019029935
-7.912897254049345 6.182324401355659
-0.05588407589914546 -2.7984408509506604
-8.561452655064684 9.131006855778342
0.5232034539929291 -0.300986984841785
9.642191102283132 5.620129765344555
9.225764666430312 5.498663008447342
6.5744591380404565 2.997341329239739
-10.84113353662872 4.137974504138471
12.680626218985998 5.156030278275384
-5.988589319576521 10.085606960195584
-9.775740595345514 8.068355462280424
-7.952386023905963 -4.569547610577906
8.375198434347293 5.315727970525849
13.776137410271494 6.145186304162202
14.4044905338366 -0.5000476246004606
-14.17165068637058 -13.830459324366437
14.577174691528217 0.44714915096631347
8.118068181889045 6.56100564802178
-10.582183009553896 6.356118853868399
12.561944195448836 9.260942485314185
9.129844155463655 8.055436699184321
-13.672153990385695 3.5783503577355624
13.523896643878404 5.974610048778298
-9.824715085735892 5.739611712135735
11.365010070280773 -0.6004726692237714
12.675095095403874 7.107625666809532
12.309884840925827 1.3381668014605999
14.408899261860615 -6.868073296944363
11.26461821151707 6.7608784985433426
-8.094302046364795 8.678185253997217
11.670127601654505 8.174728351943918
11.120679811468335 7.912199308674219
14.92956594696178 1.9741305042965245
9.737521030354777 9.276264219108988
8.56425809859956 11.271896003234012
-7.521510243842118 -3.1765560213614448
-10.554153796930034 7.542945325959812
-8.929209536317789 -3.765169786714982
-9.715628843466149 -8.134502284912163
12.322652925541078 -3.2016883965017158
-8.123813728146349 -10.32771884704607
11.541254765777865 6.82510698293523
-11.648875070075485 7.385755333944518
-10.832745231492115 -10.298697205768118
-10.542944854307667 7.09440668651745
12.18345438692994 5.6118170573212005
2.9540311384578466 7.6198650019908065
14.106432582944366 1.5997096464505893
10.823704306542213 6.745024412638978
-5.3930395083753595 -4.265853732060744
-11.405117678933717 7.137846404966647
15.7047163851151 3.539936850095984
15.580853642104497 -0.478687359067516
11.909666929421697 1.6130642767011687
-6.940354366140901 -0.5048611010664539
12.663490117488942 -0.4265440502060436
11.98655690313872 1.6369132710769771
-12.96380875364321 -1.8650894868943553
14.784888972724099 1.2918126212074164
14.315821106607004 1.9595877402501083
7.177223351970243 4.191049998003561
9.4231356383306 6.671931500913401
4.568982352308854 -7.8943330348688825
15.90761181693601 3.9082343485864426
12.823198918096676 2.4545106769311813
13.474387763460529 2.7952117376114742
10.0778844354291 6.139535656373993
14.82687841771667 -0.32876741358955286
-9.334437823754838 8.271639001388753
10.42092247793578 8.79207858359035
10.4932609223317 6.509239967904127
-9.146941255297708 -5.296383851844034
9.727724488880694 5.835624271638425
12.254542077457423 6.471085824321451
-7.503920400926883 -2.758043767920098
-7.0334004076276635 -3.6761540896228353
12.822093295172104 5.768264958203572
-9.402482556879484 6.37736492398509
-9.53261659467827 5.545634042276079
-9.595370119569111 8.90416563504147
7.458300707985322 7.209263975906363
12.720707727154918 7.596951665673124
11.021592366237467 8.04837325776885
-8.553072745825421 -4.3228511986812705
10.512919333206202 5.856627934143107
11.818659092951306 9.014498666524158
11.767043824199535 6.75884442441408
-14.709690895178642 2.234992936618255
-8.402490854916142 5.784963594200291
-8.838866292349664 -6.23207064218451
11.66010743413941 4.737403389755997
10.56224867197361 5.273088497611122
12.710199511709844 4.788229643278565
1.617798270781627 -7.920004184500633
12.296171227548136 8.50620491837761
-12.401250847849687 7.60535370180323
-6.9554578827733415 -4.609377054346414
-7.377938454141571 -2.1861106335751805
-7.168631915892032 -1.3445919342104187
11.130820353122049 6.824561221446912
10.866752321937456 7.7262708223753975
-7.974049041809156 -4.294667619877433
-14.206641021328805 12.892161928054705
8.139522913117123 1.4483136451315524
9.250745045111824 4.746013132741327
14.35662608456207 2.2848788205660684
-6.710062000767983 -4.210843612621237
7.432324065088533 2.5623358734893857
7.997677623919299 3.875643620027562
13.399661407787852 0.9692967580004652
-12.944076749035954 -9.363514015228189
15.026453280970024 2.7235364906260218
-14.618247022287541 4.32234632372915
-7.110529249728812 -2.959321886582696
-0.7821244119505089 14.68279499469374
-8.330359893362882 2.3907076380745416
5.660626338826759 -8.562641995585317
7.63181138059851 -11.119861321333694
11.183825830554982 7.798585990389225
-8.60941575444813 -3.09621135966306
13.155618653287215 2.406410629707544
-1.104340540344472 -8.26097583206586
14.816383309164141 5.856768562055272
10.39310792881215 6.417251888214395
-9.078141923398064 -11.964027279050146
12.968805383722739 -7.604332048347533
11.716445898014578 7.820989277484746
7.962898218272789 7.1165858725416715
11.501361986709846 -12.242801135152291
14.98033898799815 3.599456373136917
-9.176918159659346 6.938605983674342
-8.851832176063581 -4.051302334626597
-10.239071445297482 10.08531233273224
10.783889235155106 7.556163531221547
-0.4323988485641852 14.657594618792327
2.9459007117725164 -14.560347573940618
10.625166574346053 4.668461307103929
9.200126918340764 4.729735776992017
-6.287535878671051 -2.8686813409809657
13.760362130517368 -3.6027746076098914
13.189017837397042 1.4801648554927476
5.24925514052151 4.510016322989738
10.666495195011894 5.985447043778419
13.662647695547031 1.217450681204905
-10.625760215804727 6.516616861354951
10.591851788080161 9.941360300251304
-1.1171606570358676 -14.611713899298739
-10.340362132469549 6.696409741597221
-11.629797914760026 7.850309008475253
5.669733058199846 4.889146129070702
-6.158130918734155 -7.237877229494721
11.142415011512734 7.024363899161859
9.57106815788612 6.549074381197233
10.13249449443986 4.792380695094697
1.0881774130092268 4.538744752336761
10.406841566823651 10.481843775771175
7.694809732485774 5.928972410778536
11.126593104164645 9.326496723983166
-5.722562809482886 -2.979001594497633
4.919485928946443 8.866006562754631
-4.085982136382528 -5.188671631066828
14.60982620981526 -7.619602508317188
12.546108363989163 0.681287865696921
10.79247084010141 8.097699454928442
14.390810415332705 1.3329438638157605
-9.35977617693221 7.514191867433364
-8.52475229441316 6.674916571287728
-0.9002795577575302 8.680759148946827
11.054969526066774 5.584252835812096
11.217201434885208 8.01941407461272
0.15342318622497508 1.3735559934817232
7.671012501186951 5.826913968473088
14.95340656521139 2.024125293141202
9.795880783074056 6.630989055065557
-9.676706466966703 -6.247100766487785
11.505176899378409 6.929657569400627
-5.952432615551704 -6.050993808255379
-4.963818799837075 13.5677296324885
-7.60606290553074 7.166893733823793
6.334811550919127 4.604602237165994
11.125252796885894 6.0906465350746215
12.546886817734231 2.1941047885318907
-8.888371875498539 -8.794383954013913
-1.5567629947346777 6.9720862292048125
-7.900686495050735 7.705567550036686
11.307700804041957 1.82974374352925
-9.822484358415654 7.639064079675684
4.976501184334516 12.39305174986427
9.644026885977125 7.535183064860336
7.079876623144532 13.84594169078214
9.294571880495194 5.829790925466264
13.503603107318929 0.44609288728377194
-7.607439247392952 -5.197258368089914
-5.9398975415461805 4.500393789873701
7.415423503554903 4.430842623182171
14.615393755754917 1.7889302260994429
-9.009200422468446 -2.7993371934756066
-9.623375393888704 -12.595390928844317
15.284355752547688 1.55812175193764
-9.887394495791508 9.008451044312022
-5.312354815569548 -2.8021860577856526
-7.434556669292579 6.628378646664798
10.719072560994352 5.754334180812366
15.613028503554187 3.970488097731457
15.093017179537256 2.5972790225088582
11.751600093208264 4.723247905846454
-10.169551361961757 8.546895787072476
1.3918499825996271 -5.127204943465143
12.470637987291466 6.11773684232025
5.580504919929915 14.087349378272158
-7.828114437593955 6.218478890805848
7.3186340366810505 -1.3807003368909072
8.160453686195419 5.7271272491371485
7.23990488089426 7.656085574877652
12.24420023972295 5.133796881310388
7.421126704108033 9.458201678043322
14.40741852118979 -6.676630235959934
2.6698086360281046 12.202928461120884
-7.952577681394723 -3.361268493024191
-8.304719268756783 -3.8519508177073867
-12.799928726327174 5.7463123243752
4.71873925056628 -13.887757908903
11.065132552238856 1.4260757107953206
1.1507149401255816 3.9481323469254512
11.972414532918414 9.7609922471519
-1.0289999208605547 -11.33952624653081
-5.49704553769226 -3.651729501887891
5.39696810051895 4.056241951650962
14.586084313995642 2.377045931609291
-7.81419102459074 -4.245649736002298
3.0616298415686103 -6.651041914971135
1.0394449954708627 -7.0975010999143
-8.712239108821235 -2.5351955936968804
12.744757451726596 -0.19166789124676775
11.00559267796659 5.853870883304101
-8.825430829891278 -2.3417033636767934
7.46487624029577 3.370595819661983
10.120697970566859 -8.955504291595012
7.004230729598183 3.9837193084228266
9.762944914286914 2.570453864731945
16.000980068266536 -0.6483005882087434
12.133859467718855 1.4126800508654722
16.147219617339093 1.861109291256971
-7.230341256609805 -4.5584163548135
7.458844063652677 3.6482731219346487
-6.403358689249448 -2.9391490121638446
-7.294004392775617 7.436907217632234
11.761535927682923 3.8872704105724054
8.745961121600805 7.821461734134241
-4.019320683066082 4.550292313599456
11.282235767473827 6.421506909612823
-9.864106045509782 6.866397395707254
-7.488558344233285 5.320056248668199
10.211243520370381 8.384605046943452
-6.937410690308881 -3.207459350866584
5.256178548765153 1.4802639604827945
11.095075983350291 11.542087378358953
-8.455001354726473 9.83274514350985
11.610310638035838 4.924352033729191
12.535139956425228 7.268217139421478
9.007664910414421 2.2755924035172894
11.80567512850257 -0.8305357020118334
-8.37174301041626 -3.743453582623636
9.370827177152453 5.561601288024021
13.05991226751416 1.7208584696280647
-10.494474034368894 7.686601433290166
-8.520961611657572 4.685853530973677
8.027474474384803 3.2400367801811116
-7.359516208701523 6.502530695192587
11.013049593811559 -7.19712659753333
8.430623986883301 10.54203974748144
-9.852106293511643 -3.28542206304595
1.6007406130842234 -0.8376604604529785
-8.511511216072202 7.195516942735599
-9.072144382834233 -3.6852102357185923
7.982339743526948 4.507750447964789
10.52510744242734 4.260910613949128
9.131611400930254 5.05290146361843
14.849895308333767 3.7389803237648924
8.334069728704932 5.526916381471967
-7.2884223828881325 6.8640524524619915
-10.236229894019699 -6.729890263128837
13.03218463008701 6.982496857801929
11.186993289756744 6.07139634768842
13.237345240399518 3.762813882352088
-10.298678596169344 6.781036622859601
-12.892890903829691 7.019148737452816
-10.814590365362967 8.03571304857238
7.411898937234019 2.684993159203724
-8.123421128281445 6.593060444407357
-7.779945532322377 -4.896314737205959
-9.242724993527416 6.718643726904547
-11.207786635305759 7.717440579414705
-9.177744584999445 6.721602973732712
-14.585817165433886 11.779612659543382
-9.27185729902741 4.130478477465035
-8.38064049693574 5.665994387954934
5.441068534416772 -3.7597863110561534
13.43069263900577 -14.815852242067981
9.062882157756778 5.946992444948013
8.534390972423267 3.535529676749479
14.088497222915601 6.568032903831865
-12.870595705942899 -11.962358582352246
11.90965188146652 5.949669071970792
9.14819755565144 7.080090750285519
8.87245466929097 4.5992917959317134
11.609493785208606 6.769629744787363
-5.9309610418759835 -11.066964190974492
13.783929940503072 1.3065683875549514
8.016361845845795 7.861582021955098
-6.703958789638761 -3.6716460712231744
8.923889515266055 4.137138859537027
12.947886370969755 2.017989066679172
10.37648492897721 5.937100102802767
5.884016111803856 5.704443142425442
11.010609990688815 6.964685822389539
7.532121080263186 5.472235595630018
15.788605311680804 3.705275020403066
-8.30782931140983 7.0379212827959945
0.6107787165179452 13.652994982626392
13.036642133185836 -7.184786713406835
12.857046471883166 -14.072169188125448
-7.922055394218969 -3.4830537991140558
-6.863771811339834 8.997223249083586
9.33136693229556 3.3334226547783286
11.2928861836353 7.733486345929751
-7.1469166659388215 -1.363278581838689
-5.536685904443754 -2.923591882443484
3.3203300205169306 13.301817407388945
-10.39629825458264 5.7630059727547245
10.600730643353693 -13.23565969100087
12.204346766346633 7.227696285154765
12.889422230469808 1.9798879081380811
-9.02008394431123 6.031488156357946
-4.484775679624574 -8.435657395586048
-4.320571529878768 -9.678150006815706
-7.12999553057171 -2.6003515556011765
-6.492595027999654 7.324120349535209
10.765695572982567 4.740841913350776
-9.751672373814396 8.420418705610007
-7.151717151779051 -6.5789772237150235
11.730861863010333 0.003779325853243698
6.059382439610827 4.896337705640399
7.837109690069784 4.824571808972952
-11.185066501053335 4.741078515236611
11.301975184246329 3.9265536527939355
10.983320108317166 -3.876888744142054
-0.9137536335089607 0.8416173259806676
9.060249968582568 4.45021532917344
12.714755228620172 2.8897068851836614
9.641483202082398 5.1373778238659735
12.453794390127607 3.01574999593334
13.216627737588801 -7.9040880421435675
14.49402997477203 -3.4641891210999525
14.521687124626853 8.332071548938016
13.14797535092314 2.345241481798136
10.294651485714128 4.329897690740226
8.120207000527646 3.5252122315912686
7.99135474110949 -7.957650486494359
-9.821775488610015 8.296044800188591
13.08373196016653 -0.5359595474734915
14.42655282043993 1.3964546957085007
13.637009068750816 1.5871256670807714
9.238552823193011 7.2654069131555294
-9.244843844822238 -2.3469501211327084
-8.768714084531807 8.74562220630451
4.642031720992026 -6.750416420125537
-8.767082288490794 6.873819692605657
-11.644242181411302 7.353630044975451
6.779793653993238 -14.703881314936162
-7.561258982151771 -7.7802190824544795
11.393376323605409 6.784434886214198
-8.112489884908808 1.1613531237110806
-9.24513435141595 -4.205216649086698
11.453162563516578 6.956524613675415
-9.843921877285382 8.23561993954612
-10.539599229271797 -9.240050544360878
-6.562800169776622 -3.0684930794815513
13.522576044292903 0.65838330028941
-7.393456780521725 -1.9008055330944296
-7.1145173185054595 -6.890592850425037
12.108491470906975 1.2969970322058657
-13.954349837384706 11.222614525376283
10.491492247926683 6.48625992453637
10.734448980265107 7.607724142766298
8.325919964272058 5.793892184850846
-5.045095508311794 -2.910902203148445
-11.112904747143752 8.597794742126382
14.598589493323562 2.0174480538578656
-0.4817312879366096 -4.9371241368651155
13.732143239464408 1.4797115551033755
11.493674678469178 1.7720448435733425
14.932178060138503 5.450250386991346
15.269317545749251 0.78411182679499
-10.11033576830243 -11.465753812307252
10.90012139479102 7.866722203632893
-6.792671199989779 -4.197775908054291
-14.904353492143388 -11.261431590177272
-8.311133192098414 7.314803342497809
6.374629199929773 3.724514316929638
-12.408935895616779 7.620368935541478
-4.687152921760621 -13.783771035549945
-12.195663198249383 9.815725939397383
-4.677245469141575 -3.411080967112632
9.808318851510034 -4.0397216855264375
14.638199093889696 4.496945898241633
5.6681927235978335 -0.3063971496847646
0.8397140971816981 1.1186322686936272
-6.57270286666253 5.837619282467781
-9.864768412937824 7.318329362741837
-8.045046873732378 -6.414513305748505
11.56648719056991 7.542747069354853
-8.23688302792597 -12.277409973546284
8.981234511355723 6.363447186427848
0.2310309135140134 14.081197184496208
10.843264619079726 6.000353326840731
-6.539483972915196 -4.782418370213845
0.4359567727534692 4.6459375903201305
9.506998466732039 8.83555257979196
13.066237159736122 -4.364449677121712
16.162738054296106 -0.07290108716448973
12.494302128233844 -3.440481850929361
9.955253244550953 3.619675135547066
10.50103044318658 2.1542116116780443
-12.428100243566861 -4.73418823977759
12.316815173537282 2.2302423708751995
-7.943198778707568 6.336621357589736
-6.465968876814356 -5.740030689652537
-7.703422735328057 -2.770921618492884
-8.509726725434422 12.27898918755665
8.052760269586702 8.12138077739816
12.027714822811852 7.960083945072424
14.167494405704382 5.541627242513521
0.4980397820109932 -13.356801105398613
13.934575855132021 13.288851499736086
8.537137650533442 3.965137165914952
9.357820460293059 14.411002385782538
14.687419170623425 -3.159204014444942
10.965444754898623 -13.460048790056415
4.742648768676492 -9.535368362743041
9.353887141602454 3.8339809481952196
-8.20190561708845 -2.8486241110657806
8.8591103445258 5.272144928706031
10.916861950940772 7.631041837503291
-8.479801110886578 -7.014684801844794
-5.818028334785973 -9.588332254353274
11.803085136866311 -11.154258733207863
17.03190024571723 0.7811945503874802
-9.852475399701536 -3.178608651189882
-12.130345526226268 7.403766496737282
12.259382324252918 1.4963023815528538
-8.072377358342298 -1.4689113785248313
9.690646899739328 4.434086808031038
14.231720505354854 1.2796283531280235
8.861160189949837 6.535896190308122
-8.847429198818235 -3.604768546708038
-13.80254300521149 -5.16069351615754
9.263667940066371 8.315869823940533
-8.230008774950068 -4.108045734066576
12.790138526868132 9.131761302015642
3.2268963792910803 7.308140784430368
9.978647499514576 7.324857713239409
11.650270593601338 2.8202518421054097
-6.796910332598234 4.542019310943971
-8.118579285965092 -6.59836339689024
-14.052560286529909 4.685150274818582
13.778994631370125 1.4773738884102832
9.642727879350092 4.069547209575465
-9.423112722810005 9.710831269318156
9.743052044458473 2.7313273827027116
-8.397618432724647 3.2463188759438735
12.111768773842059 7.658558342367536
14.495253632688566 -0.598551550236416
12.070580517894127 0.9840751321924175
8.278599853617544 5.299192037962682
5.22646501751689 -11.380161465337663
10.58843070329208 6.431020873541005
12.893205998306573 7.515422561568252
13.293086229857442 0.23946128968034763
8.193414225927341 5.829837923145387
4.6940079832716 -11.730688134452656
-7.591120430830179 8.506537516441798
9.088569604612315 3.713716153379538
15.076247063994533 7.07960464446799
9.263145493181273 4.486418786271343
12.385844010213866 -11.866818022323114
1.5576110112678059 -1.656164884482962
-9.392106481644216 8.209960897977563
4.067794204705894 12.698025069325396
6.9998810678158065 7.682195363275917
9.80771232370232 3.7191553078871347
8.450825886218388 6.583091194811972
5.016818044612943 -1.5771841568701959
7.7410897253843025 4.929106700459467
-9.84110815500565 9.258406624544547
13.483061189951934 3.5230483783149897
-11.261184119628929 7.47803812208307
-10.60214266491014 6.361916241830224
-7.078224514246485 -4.626034144096888
-5.560896293053787 -4.034397241566587
14.760625632666533 2.4332880311660237
13.573763264384729 0.5274554471820128
10.65711188431018 -14.360096123201217
-12.13443232478794 0.16963757722011152
10.207944161102374 8.05289072666413
6.139572624849581 11.934090448501703
13.26217886928681 12.459904220394968
-11.659486443146388 5.275908282912596
8.134267088310821 -9.761687825266577
13.199253546340898 9.137877434661583
6.502001087767612 7.2300834838465455
14.28966070316822 3.151222487306231
-7.276159249357024 -5.895663414870598
-12.260325652517198 -6.761222981247801
10.065969992492386 5.790668263019261
14.194638696110337 2.1736791698441906
-8.272408895780416 -2.0952399170376816
-4.606763787791483 -10.913695612573505
12.379752772104183 9.281458799318582
8.613466053013857 6.970896887921482
14.354366261290384 -9.62230767429496
-10.974412469466825 8.00520973946165
-8.235070885526376 -4.022951330464079
12.326342650224657 8.230325118423904
11.960067288199905 7.465348869044081
-5.127937388708784 1.986305156033044
11.615705021861604 1.2503514581719433
-9.61189735606811 -2.844998951948679
-7.0215798341007725 -3.742840199651686
13.097590756703763 7.466596652311131
-2.9067805394675457 -6.823003198101654
13.856148672287112 2.8244834889959276
0.10890585145539333 -3.6278416274194907
1.164767052651353 -12.93450427166855
-4.799297819984002 -11.009022324745732
-9.783331882085749 7.067336718872703
9.751285802736572 -13.23694314917817
-6.27485909364286 -4.689590738174672
13.383373738668695 8.13930224700543
12.221534797935803 6.4730123125898675
-7.297916981179181 -5.964073735357346
-8.092031091985355 8.387205939789396
15.17865525753285 -0.5759135888741875
-7.993869543047685 -5.4999312973402334
0.9769635920875537 14.373861429402616
9.718664099192216 4.49898201506969
-8.825681791386451 8.400258494047385
10.072275768543111 -8.60425256826262
6.404652821659301 7.124260019337887
9.674104181947174 6.292591873702899
14.012181673185083 0.5002158967752413
14.334287843880183 -11.274461227559751
5.934809501001681 -6.271128145868532
-8.712111856483316 -4.104969728399289
10.21063612354439 -14.500512451146419
-14.268405823311902 12.361270521206492
6.385314473229387 7.554177898572892
-13.983127476787311 -2.2426283268517846
12.792944753041164 4.591921882038903
-6.59707885037997 7.535845980045985
-9.587708010481899 -3.280118875247324
13.081871644496875 2.2316379221751714
4.515710969431105 -14.887229521312031
-8.764096131353018 7.652405053996141
10.854240063426898 4.974108029132399
-8.375402066048903 5.739531115162331
15.51085642063798 2.3057224281230773
-6.668767967939694 -3.7286563003146123
-10.274092910053243 6.497130466226743
-12.034047474456461 -4.921806990145851
-0.2654806635083595 -7.400145669425683
6.949171351250406 10.110748619380821
13.389350802697379 3.543047534159176
13.892238699181533 5.501577637716528
12.783746875298458 2.532335432105875
-8.558725337345578 -3.7173776011000705
3.744970861899642 2.1188958004924707
6.6489817616128 3.882583358284833
13.852647446643074 1.4368177260037707
-8.705901777085735 5.981393399638583
-10.665022121356685 -0.3226062286551663
12.803936174720139 1.2496682501901324
12.164033311960308 4.66954085138601
-5.574626930163541 -3.5948596847908654
-8.12010346670864 -4.3675138154244015
12.304468973031948 -1.1876063689688117
-7.469613116537871 -1.2090693717443277
-9.9488564177993 6.686272614544996
2.7146015027381196 -4.7449022173454605
-5.711524080732242 -3.0815038909263404
-3.885312569754632 -11.42846924422867
13.389518859874446 -12.433533643144996
12.69664788272468 -0.414526249908695
11.17907717405154 5.337564752542957
-9.382593948550717 6.525125597946242
7.178942138268713 3.6255253738388276
-6.7568626394118105 -2.8493768492884586
13.896022482079863 3.3448124815028057
-8.069045620079683 -3.314084032654212
0.9406424390750914 -14.256946757716127
-10.16340579944083 4.888714088577931
-9.608446563098289 -5.700202537109303
-8.57312534618115 -1.1986862864160033
8.718070936245278 4.645582765833871
7.112633675949064 6.288024869450092
-2.595174327129362 -4.1894627737635055
-0.11821434857672841 10.179080874514064
-10.323352979384325 7.978124132369347
8.648219487099135 2.7038097160099164
13.204340341145777 1.562006418375834
12.706981774923143 8.796885655906918
10.298973737602708 2.2055551644778912
14.345416737022521 -7.393805565443
-8.005188931812159 -6.059041081050999
14.388192973360317 9.2363532552206
16.773656602352656 -0.8934012394639725
-7.195166009694489 6.385172632198827
-0.4704148435143587 7.259741746322874
-8.161218999890501 -2.9966400533932727
6.383428450428555 7.990831493195501
-9.024807149439413 -2.2655245850627668
16.143965583254694 1.736172009778611
9.226253443271986 4.6413515499956794
15.080187972017798 2.204513033078576
14.694936324256155 -6.624418378136115
-8.327789657227733 9.587905605619557
13.34754922702482 2.4140008583533987
-7.4754642902983575 -2.310761124563926
12.666598353437237 7.696376452355466
5.9003309401233395 -1.6961791354670535
-8.864719444328243 5.680739603487319
-9.618260209943395 5.454139957662578
14.295141798001108 -8.29076473426889
-8.125822019070334 -3.4817110913370244
-7.61525709041284 11.931617938512446
7.883546723420392 6.976597493391431
13.759450539179422 -0.16516259543709677
13.249452163004435 12.998732843422832
13.584560483506046 5.915225494801446
10.370850834323834 2.566493625476497
12.711953099498533 6.36847021533243
7.688979220310486 10.078373337534831
-8.034787102774654 -4.006264134778112
15.129362120495363 1.245841023417423
-9.413260054476249 4.869401223308252
-9.958515205496795 -3.429489845969569
11.676439865129495 -0.25556249567207345
11.360484732246855 2.319329860779973
17.821950763785267 0.5274982976292815
-6.932151646922617 -2.2122970549943983
-7.305370012878546 -2.1088921349156386
-11.883824767230951 -12.752835832916151
-9.945029489672182 -5.131126928041269
9.233442586432357 5.924933863721833
-12.838646525263357 -14.646283837762223
10.438911667052968 8.183600936980774
-8.59926041953157 8.929457784360897
8.206853098996854 3.40237660919833
-7.6108013597768345 13.884813419259949
-10.211272655377918 8.483385545322779
-8.559542961027894 -5.072511602578551
16.444733793439706 1.1840269889921928
10.648412490578913 4.125804342924837
-6.273508654082131 -1.8116813646079732
-9.707067580020016 8.04720521023445
-6.295177918082949 -13.432784792091768
-8.470076459692779 6.47291412730684
9.11670183498739 8.326567225642208
10.685031995325733 7.847361889613473
-10.018379800872957 9.067883400429295
7.794890470334116 6.965568486164807
-10.265002178060566 4.471643552852828
9.12768322276079 -9.65144964663326
-8.901082585071325 -3.806246125232066
12.19666531261106 1.8555702579546256
13.437642859923551 6.114249834778008
6.876263287921159 4.1376871640590585
-9.420348040469456 -6.035852989425371
15.071032820531615 0.2112531842777805
11.836941165554357 4.398362272142748
-6.355094850603897 -1.8824386640844182
2.672093326564326 14.04501147415105
-8.658129351039685 -4.08422547474196
13.3686546655672 5.964090565331274
11.733540503809492 6.869817840497522
8.926770886070756 -1.6115035369511705
12.324376928173336 6.110460400042225
9.050382462086953 7.6976277704465375
4.719527148958971 0.1257815151390993
-8.863514489256561 -12.988403181653839
-0.8251933984829574 -0.6016481623288463
5.278438933613945 12.508607293119336
3.81809102249607 10.91365763348557
-3.8764649869651375 2.70377143413846
17.260570577330892 2.310657857447676
6.47018268504301 2.8917295420544735
14.261616397990958 2.608300668087136
8.941055884462955 -8.755940340492117
12.55776087118185 0.17978031659023852
-10.661145017033368 5.787163937026527
14.901106974265543 -0.7165667044154356
-5.401392067355726 6.226331525394556
8.405546422555817 6.39155691325517
11.031823811581537 9.894718360759496
-8.679654307124375 11.909971968413608
-8.790244620985666 -2.6627530837474565
-6.060225441844551 -5.595779089961011
10.051989402938705 6.033950739012875
6.0933120009748905 -2.0677859344354914
6.790750303371073 9.404390452703929
12.057717738341083 1.3055958389629245
13.070710531052702 7.696303056491358
15.099358497723468 -0.2967551681254199
9.778585577480944 9.61627256243909
8.640221730794472 5.250127161340682
9.873202461624393 6.237675930075985
-5.881887984427523 -1.5664605205701205
2.9072269080258266 -8.892915117166242
12.20671194369265 6.60906303957532
1.6142876079877269 6.3743949260785016
-0.023645787714437816 -0.5067667778902898
-5.68670131195455 -9.518145592864226
8.653849412408444 8.186863114455125
-1.018967324381281 13.511502809125837
-8.057817190719014 5.362227162980497
11.021256173163195 4.830691453835372
9.663619420666034 3.334236019411297
15.100253238918981 2.802618254333375
12.921658602160347 8.10627252246637
-11.906763911984978 8.39117517012771
9.784303783304424 9.867560530202333
12.460807450127586 14.148356751740515
9.5621814902397 8.050219799634263
9.53334904957021 9.764980881893134
4.964837826324462 -3.4215657192356232
-1.9116891748990987 13.132866667771033
5.385315331240673 4.553931008475143
9.316565306120768 5.741213867256382
-10.457026233287943 -1.371997717278366
-4.3197140683370545 -2.508575752898114
-8.00788140493505 -5.525178923176334
13.259274796979508 2.0552779628725517
-8.781019903777356 6.6373396988560405
8.76474310533916 0.4016391408272355
10.767295910227183 7.480848016258194
-9.416745980402792 7.121508403936752
8.091733680287064 4.950307234799991
-0.0899395994921548 -11.854373959235279
13.072532660781562 1.0335452050687262
-3.602192029197383 3.3013920721626526
2.9698685051302007 -13.361306904173372
-12.23515032300417 2.2955903775301323
-9.477573148571668 -3.3057232913909615
-1.6113334925206004 -11.282802405214266
7.246944599829288 6.035593031406148
6.6334819993277865 3.0609810669521202
3.324373053858846 -12.691925905580964
-8.097848695928938 -5.261101727246435
-8.402377971856463 -13.387150459036402
-9.576163744170564 13.656587373351847
7.545734725059263 5.331858214807326
11.591298062236252 -0.6481808030565968
-5.8741378888051745 -3.8890347505543224
11.422530696069899 6.2333964322959625
-8.203339193062728 -3.5496406658496458
7.032812346066356 4.45159907049586
13.002472969896793 7.360451704955554
12.441054643377424 4.995897035889823
-8.59790846175449 8.067395310806674
10.334897696552446 5.398505673483266
10.420247328162453 -4.3603593417347515
-8.419793115178246 -1.5177804355711642
14.588719313013517 0.9961436115193236
7.7733805448495366 6.573020964184693
15.240397843623793 8.107474036586524
-6.131000299929861 -1.9971753602712763
4.812977657890734 8.244979100574316
-6.116420121066932 -1.0612103750597313
11.812222517198874 6.3502655842126625
-14.790661021258767 5.1216667257359525
-9.983231900363476 6.611425683754569
11.348554788009643 -2.594782947045495
-10.177190464624168 8.495972185337484
14.227778830901201 0.8682372184429343
-9.297509286295274 -14.983343479919752
0.40027825951937146 -8.407274133464968
-11.50012689142517 5.750977648795815
-6.39407923315583 -4.618473812473646
7.22590933990673 4.5466383567911235
-3.698163473825799 -5.24511250073054
14.066257231008235 1.854389232236058
-9.682743260755483 9.338953231851027
4.652050048420409 6.217168430025294
-2.160029883674298 -13.734733191593572
11.626798926429165 9.365035440945295
6.009816221375075 11.81634820601861
-9.781954102902017 3.2197304966563167
-8.264288546970985 -4.875363601086951
-6.793542035673032 -0.5421293122748958
12.157451247925826 0.7345239449920684
-8.503145363037493 -2.273475278884221
10.05499091396212 3.213049702555083
-0.7584717985347673 -11.439460438813363
9.247096066184259 6.285780350859969
13.573658919657174 12.7251249889115
-8.842806538142888 7.638348822695118
-14.005226092291851 -8.843226344325075
9.31905464002087 5.6286782029519955
-8.588230708566394 -2.8048531775584022
6.798470791161632 2.9840786592296373
8.234451063341451 4.402828009077675
-10.00913988007923 7.85758554979639
-5.919343011567116 -1.301786361541263
7.897922394652962 -1.9585029661792124
-7.768320941711591 7.734338107680468
-6.157564021536588 -4.62210232306994
9.739995654641465 3.1700545225108927
-12.528105141270094 6.3028622947733055
-4.371358863889137 12.164714905323816
14.06750964513932 7.869410281526044
3.410975016277124 -12.069419419451833
-8.029626232612209 3.668459798778003
11.904604954841616 1.5141221970171497
4.812992328380169 10.462209258067894
-6.6899321461280294 -7.807606432290368
7.32311710085061 3.3544085785198248
-7.622532918739988 -2.4420822802031346
12.045163259899327 8.755895256114233
15.617748363753718 2.4013256500412967
-10.06478818665137 7.53485253382675
12.770666974217448 -0.8148096175261874
11.90855857358131 7.256530178005004
11.264609647628593 7.388275086795386
2.6161497927041637 -3.9155166879327616
5.927384279809406 -1.2778476581036085
-10.018884871561593 2.047744067880867
-11.630783934559172 -0.5593456377727755
11.454137221005652 -8.98389089164426
14.888014249324193 2.6090283923750786
-8.533023564799116 5.611865218831732
14.762087643320257 4.48243055016437
-8.115588848202364 14.310448600070583
7.997670972879663 4.472349394223433
7.708513201336576 3.90401433205122
11.461457938743436 12.331430323466943
14.57586892515138 2.7003231682410833
9.586840244399092 5.9528716326501145
13.427195169765788 -11.986253701394354
-2.816132972831788 -3.975143320887163
1.3000647639545804 -13.75432184935547
-10.47572830015024 -2.329990898061695
10.480123386133634 7.93502893869963
10.4171215775469 -2.5093197814074575
8.818800464488971 2.9321706956007447
-6.446197999436604 -5.4285485349844596
11.329663135100548 7.401247789906259
-2.1485165070020287 -6.853873207424183
2.371042884493029 0.9363309499508006
16.08049844411606 2.5697568212552113
13.548274710471642 2.658956537716386
-8.286717025272317 -4.985023753271159
-9.179185638118156 7.029821000129175
5.642193004972956 -3.249534156417905
8.506569001216445 7.00031231326917
-8.893622297948097 -2.8410696067234884
7.19474273999357 6.533525532812684
-13.164371010147766 11.593784256973873
13.20541596555064 2.348967530563767
12.455723484223771 5.539385496686523
5.3069548945385066 5.142179162003971
16.040887188633267 0.8380203912953036
3.053669889466228 -7.568099496024079
5.621289126461921 -14.77105198995052
-7.966588727344721 -3.251274704022382
-11.774863716342429 6.823014591094322
-7.483428096226782 -3.8591550230040643
8.784997179518141 5.075007138224445
-11.854679219771722 8.810160960799081
-10.896178580585744 7.1572116916811686
9.704354400033061 4.808205178397873
11.76687413157928 6.446299980878901
-10.23896129762828 7.862445898126348
12.92047877692684 2.1281200179858732
9.127028337224298 3.703301991932436
6.035466930239483 1.8106915258312695
12.696922813020091 0.6980156258007844
-6.863004415316736 -4.834147465172332
12.873752604622942 1.2940036183578427
-7.050327836251062 -2.647078433919952
-6.804141314553753 -4.737920655714905
17.5194545361621 0.12091022313770594
8.873463150859765 4.6860489740827465
-1.15889218690657 -11.8160094148663
13.019166041348225 0.6607964942485482
-6.406339070134885 -6.186484279815494
12.135437772843318 -10.102472910319557
-8.701397504646877 7.857789283123882
-5.0933525958760075 -4.994489479843306
8.878630965344316 2.7877185801374855
7.234518144528105 4.862742158151191
-14.785456085171553 -2.2432677279981696
-6.89988644717127 -3.390187849244885
-8.411409434520085 3.8313664140267853
-10.300363583781524 5.148410502463676
-11.430144918071537 4.941858698728163
0.8589706641452892 1.5832730958623813
-10.7295258546534 -8.172833582204206
-9.947582276083722 5.999311699000362
8.001798816041799 4.2012990942905875
2.6751813585260464 1.6110627663379269
-14.842740519558431 3.5087053180374
10.083964948031692 6.000723873383692
-3.8844740649134497 -7.420769904865329
12.18291314188366 4.771633480071026
-8.68790536156897 9.43454365152014
-0.0085131441700117 4.467009489029429
7.80760597630413 3.5269901869987583
5.09653477928656 6.472690977021649
-8.865711584723373 1.1146930971580513
4.259531402834352 -13.81191055023755
7.799059270562725 6.646189866275661
10.884304391819295 6.075553341933818
-11.03503286073374 5.910875385932963
13.426289613124847 7.922914892176128
10.130254015414339 4.890238650686722
2.0588071158251076 9.344077720171214
11.284178667864598 6.8024241447318685
12.293476646781494 6.568154073221567
9.0809279924084 6.976907946619602
10.371394808785938 5.96733016873396
13.503200315977713 2.058100569391735
-6.721575851313434 -4.293491826004138
16.394799917887465 2.672054240504684
14.361968497356989 1.7337822646625547
11.206335678671126 6.2463697095074835
9.10488943784379 4.405947635825079
-8.698532507628617 -10.326189987920005
6.515429495741813 4.358491156829091
8.147768060285552 3.907328381667224
13.97111271961911 3.8853119501343323
11.347107474821584 6.925817148710363
10.68802329022243 9.204167428303853
-7.887449696274514 -5.362236328023744
-7.569648417604634 -4.894541492168548
9.876034586614132 6.6541624758244025
13.540573074572254 4.040338345779135
-10.308757717893027 8.412340590916052
7.203274748091729 4.139964648148443
-7.719935568244925 -5.8664562098275495
11.23789298339937 5.083356090637088
7.856396846923258 7.269646705421343
-3.143885157887544 2.236337136436074
9.907137449762638 6.1796986609969675
-9.45548577575792 3.625118459771655
-8.398680773962091 -14.268611790884124
5.897517316712786 5.22317391365883
-1.0165559052087865 -4.791492059682858
13.102613930339645 5.477471470867673
12.280803790390808 2.8731776988068467
10.819087760020134 6.5737358862813995
14.848456493402132 2.666212398168424
11.389157328798218 1.7654088929825424
15.358185096149711 -0.04732740365213406
-8.288756949089361 8.856722658041216
-6.677909957918299 2.625679699729595
12.270151542946824 -4.783548404117697
-0.34936200234187 1.3323422749155682
-5.886856190429783 -4.924089103057892
-7.877266945929117 -1.6046113765664498
5.987182465418356 5.701622565062576
-10.12804407750803 8.35300220240204
-9.11932237746875 -5.1992219289316335
8.66750581210773 11.976776484407353
-7.066249971053494 -4.575249366077855
-9.012277412342044 6.990563490894229
-7.717818245247234 -11.833444998761145
11.397809753149218 7.334701035422138
8.403233837635995 -2.164050249363891
-6.576062662506082 -7.137510452247123
10.525906908386052 7.47880320357087
12.409653734774682 3.025260990398174
-6.824975781589771 1.7896702459861942
13.442578163182286 -12.765687195630393
13.292764106505773 5.397094345255603
-10.10279167708768 7.241083190057757
-14.112885126321881 -6.400104303412725
0.16146932224582855 10.8007008010789
-6.2349993516550715 -2.602517801922504
-0.2902645883578021 14.700054914959427
-5.412691495268671 -1.581453570744645
11.278741145511324 5.241009740407471
12.339762964141977 2.790801712224311
7.319202179770283 7.039611207184271
-6.520880834891148 -8.406641694581014
-2.6933529971147117 -9.77339010624027
-2.608130255809847 10.179197909464655
-8.777166448894699 7.19449530633154
8.790246488449924 5.582512988002875
-2.9111881849693297 -13.257523628493251
-12.429557173687108 12.849795987121276
-4.3697971512687666 -11.425804922200417
-8.713780453319254 9.240950476339007
-9.71830253938741 7.386892839365359
10.416367031998316 8.181521702536065
15.153765695304923 1.0090459030788848
10.733852701730541 7.131032420080668
10.402493603206832 3.547961974257724
11.645862763894478 -2.1421019209495142
-9.472672241805911 -2.3994931865897406
10.3890877118863 6.505214434829863
-10.63160001599214 3.789705326202408
10.809691091209698 8.348223846770328
7.906741458756836 2.8168431912464684
-12.856885789191825 10.97160228787925
6.786288622171046 -0.8582492009734182
-7.970323092070486 7.046709291542239
2.5610709538843075 11.639268583414715
-8.356198445002509 0.3843734808301189
2.355127780470834 -12.874978104312508
14.230711123097784 2.852905278968821
12.641555627789716 1.7383199903393691
-7.465358230549507 -2.375984221385259
7.573583542525493 5.193668389019003
13.053695146046254 2.100086767350804
-9.49023372303023 6.0730089121285635
-8.421156308173444 -12.664889062311152
6.584173908255199 -7.6075965122609315
7.970101515726387 4.843168807056713
6.647185777927685 -7.118820771031892
7.233919002611326 6.153197915530056
-10.686758030363567 -2.736594206053102
8.052700071491142 5.754176403169713
9.74279510939937 6.240252546270023
8.090410171238025 3.9744952499022315
4.4903267756332355 8.296719129467089
11.014289636319957 8.023067249337394
-12.68211833687042 -0.7975607825284934
10.516056729258315 7.380137347952816
9.192472647050327 5.262925867049839
13.315611485260655 4.938442923775772
0.5369662146816285 9.886395530580906
-7.303273584458002 -3.8758889876710816
-8.513479263758112 5.574622688210978
1.1137106747454588 14.063964414109808
10.093218168846901 4.328600378220125
-5.780508420918876 -6.210214647529689
-7.663992709559355 -4.472095849679955
5.364612816160767 5.766632247981681
12.245132563780988 7.229922894154648
8.817377596809433 -11.901901845733233
9.243611326234184 6.894774293568036
15.662426791123982 1.112566177399586
12.345569759167109 0.9936167495949726
10.112272620141221 4.838114929067809
-7.701302885502183 -5.437098022138878
-3.2500121465348855 12.675381723141612
10.353666237757174 -10.001961649565782
14.414325258358115 0.7559875819617847
-7.580939202493659 -4.009530991045215
5.830748904878289 4.731865703700942
-0.9257996476122283 3.7268434934192243
8.487189491849488 4.847593358200284
-9.03061073991997 -3.842501784634821
-4.342051754431658 0.1432218821812583
-14.485670650129164 12.937730114235006
-0.2680477306354554 9.135053047320191
8.424424184226956 4.737238423090139
-8.626134171208385 7.567350193410974
-10.325405693042526 7.452147220457987
-8.84128738452694 7.124664859474482
-11.069954352355541 1.1157100797150186
12.009187037193238 7.22484219246597
10.447078711965442 12.082851875894352
0.6718214675378213 13.351376672973988
-8.477295785104968 0.045407756199975946
5.045592096441883 13.505101541113842
-8.751492767499148 -2.969814536527391
-6.55277369132065 -4.4739316288452695
10.36256791601426 -12.296894253809887
8.30386395352035 4.357404888855472
12.948729897581615 7.2918911567998554
12.799614123483803 -2.5759013504875075
2.857599863481475 6.0176122719507035
5.7639903685124025 14.550243463787428
8.65186880328915 5.993511453048898
11.232405057180241 6.107383035043834
-0.8787301484375014 7.246345362090171
1.8621488577854137 -1.6364697822382208
10.630090976109681 2.9801766479188854
7.377220683266517 4.8560891859077016
-8.813327570168296 9.072612475487226
12.517526613914768 1.0099791210121323
12.01983146838019 6.434447226648851
-10.510832654884258 5.993564987383234
-8.211632687674308 -7.21008728385807
12.464945820171204 6.688813580687878
-12.683502166350914 13.23954524674101
15.232148888008238 2.330458214731265
13.752551940222215 0.6194003161829871
0.8830077070668878 3.4915959015130014
13.200723870638406 1.6129148853295503
11.551105879108812 0.435289257722828
9.685457682650192 5.283157949236648
14.450388425233584 -0.05813524053649832
10.10455345614989 6.666943095614932
-9.742358106808172 11.651427730297055
-8.922389470537176 6.483619869412239
-8.937279994108787 -2.9062823939472544
-9.013073512795131 14.752872830933853
9.663465395462119 -10.908726165440488
3.1000941388623673 3.717128987840997
14.737474773408533 -0.05028959341661432
-8.224730738239723 -2.353205630627076
8.044735440204084 1.1477161130317421
13.592973991076391 1.7610113899156887
10.882747840868014 7.156742947818812
-7.55004443567068 8.949451145333144
10.87725461610924 2.114375495923802
-8.271931643072516 -4.191543352470224
-7.346463714728661 -3.7150340327933367
-6.490676797502109 -3.3603848282375988
-10.419552038255887 -0.25662661861533387
-0.15924684354834362 11.50868606122
14.05717997056353 2.5055645728693348
-7.5940157482573545 14.360799224629375
14.130387529082547 11.994716643612993
16.466071538212198 1.6918625279896298
13.757999668397568 2.882978800685778
-8.815367843419814 6.162670996235413
-11.864771080586038 -8.794208015083935
-5.881000925119278 -4.454887828174082
9.563131085985576 4.759166595795665
8.593310323010803 2.1574566402935385
-14.733457088231575 -7.614567124846609
-14.855742905985128 -8.264942151654875
7.4671629102213455 3.8462766083817956
-8.692152688648761 -5.783619418005933
15.951551616792718 4.416702896420684
-4.919384339768159 -5.4349100979956235
12.163061634303896 5.416406120240898
6.245400199273776 1.922275152606681
10.366266579023563 11.121674698408825
-9.868004396243283 -2.830379218401287
8.15143726879289 3.219089488507306
13.196792485713734 1.717778176931955
-11.53982123994478 8.366239975844596
11.979143546354171 7.755205401344643
16.607036404231984 4.363175142631618
7.527815092730773 7.6109702530245125
14.911344278716728 -0.5497957597812881
9.38216115681806 3.1822929113865634
0.13692619665732053 0.42430062980173844
-1.3539010346424245 -4.495523573371143
-9.003285470005657 6.608179400113423
-10.259287066562004 -1.433968733600393
11.530058528794916 4.679461599957479
-1.5158902519209487 3.656457427472372
15.81151002674902 3.2408796248565808
15.6761933222166 3.5018795145446013
-0.8799241030551013 9.116166345394323
13.214541030614667 5.269739402364436
15.287265314929805 5.246441338294437
14.692927432257665 3.4182485777790115
14.007567916520344 2.8580406513070242
14.892465019960806 2.681505516692069
14.617113885275117 0.8249699525031218
-10.586254968194664 -8.447395629352034
-6.49753660766984 -3.4426662849926233
-10.005320391899708 7.864706007344063
-7.733958171329884 7.077505289377176
10.57128271252656 9.29704260613379
15.254146454426778 2.2437898298143737
9.125882714573653 7.656440924661089
-9.539068561218802 8.46626325497161
3.6701538959586486 7.0955930743014335
6.89148753968528 7.435476890354034
14.343917185091945 3.0470582062399467
-7.662852496916924 -0.579737639532858
14.536921616045216 1.74699267250793
-7.964598845476747 -4.267898127682996
8.134648224428405 1.9714598030008603
-10.138223245922521 -1.9106039998853839
-14.87048218638983 -8.458709382164852
14.299759177471303 0.7944654514623402
9.88394612385597 4.82577446703049
-9.728694356094094 -2.755107540322138
-0.3786200334744283 -0.9269181015323067
14.267875306735993 2.352581708391143
10.507085125770603 6.169297120625375
7.3179778680068654 4.255059339934253
4.119042283269636 -1.1495913282429981
13.675814673776697 6.320333887507033
14.060561741961559 1.3239852151940523
14.572123302757273 2.4481315726946575
7.351984481024423 4.642234619940989
-12.415586792543763 -6.765915079972144
8.608488077526609 12.145321154635202
0.6824670045139243 -4.763752799051447
-9.534192889046826 -5.444855290147601
-13.709706360464669 4.851681719066996
8.256521716554015 5.8250263928272314
-7.356371929221173 -2.5378434827399765
-5.750463787821724 -2.555524124116972
6.43719239378637 6.384162914594348
15.815106145223348 1.577488882482405
11.796236049805962 -8.596289571339625
10.120728667223869 -6.723275204514042
1.0803949611290022 -1.1610041119174852
7.876494297496932 4.024062060939006
-8.596488411134718 -4.4173400879209135
5.701201640484138 3.5023781597559376
-6.837560467489058 -3.723026396879551
8.573007550157051 3.91940727907385
15.917065866835568 -0.311957519747764
11.924136955662327 8.70977715913454
6.000763772276009 -6.155980094201675
11.30227295908963 6.74652572764172
-10.527459562761276 7.088105770570273
11.30767930404208 5.5610121493887394
9.237337023817236 3.7125924707366114
11.285277868003153 7.00168864034765
-5.1201818532072805 -5.688192419760941
11.674243846929837 0.7764792766623336
8.763128058531406 4.581105638884147
8.92857702251287 5.196237127116683
-9.0359327114838 5.8481511008129825
11.383810759306893 8.649895887531704
-9.486628559043934 6.663359175620397
10.802657577178929 5.8076235881128975
-8.017067182530825 -10.723692662847242
7.933904829499382 5.586481917753935
13.091613405367223 2.151868817892312
13.074248226497001 -6.830065982029341
-9.213427347161735 5.255796501766843
3.9184552574466807 -2.049722791486481
13.561745246481985 0.8120141779807941
6.554353813258441 -3.171622306310576
1.849296010430539 13.302402069080344
-10.077261710334007 7.46670455586664
-9.409938191733273 7.403829750469315
-8.169833683683436 -2.5104033545137536
12.859244812863729 1.7388438776646455
-11.054757514427568 8.093035255520668
10.835042013098235 2.031022737421678
-8.809775937425496 7.712841117812002
5.339802628132055 3.2987608871964813
8.35413712536058 6.763996502212111
10.290493030819725 6.491279799485948
-0.4882975242029701 -2.0230953603790898
-12.857565342335828 2.456919556890764
8.540930613905331 11.587239690156245
-1.5006233202256816 11.54801654991682
13.292528600354988 4.2895586514245
-2.795648390563615 -7.4226639764859215
-4.109397915425433 -10.578205149670648
15.42726063689392 1.2526414492597762
6.987242633680205 4.8284825479085915
7.992584679108679 4.947184256319945
-8.726772888709718 6.518173639313108
9.829636127312536 6.802680055559611
3.2878247636558093 6.7832138661721935
-6.486967374341646 7.8068228386607235
-7.876594570320164 -4.718487934889755
13.437000526350218 2.362130242233491
-4.058573596836718 -12.235654856254671
-1.221928249892624 1.0668171563790239
13.753655044783288 0.9197817070524976
-10.839401310229366 3.906957275441732
-10.131011989762357 -4.292940604907099
-9.274236233354877 -5.135475735748881
13.791772050193233 0.16975292883990134
10.251006330414828 -6.282369789440706
12.989466442268727 6.225470929739155
10.054562481677143 7.649056438895068
-11.193807483098391 7.095982214725003
12.522050983305355 2.488368150624242
12.698700662460569 2.891657104268509
-9.369557739489979 6.5593807937844915
0.011673730470402433 9.530325416538531
-5.714250870623559 4.515710349880692
14.604876001613741 1.5613920277981972
6.913144573250468 5.427678156837845
7.795380870892495 3.5864930180056813
-10.340757909472389 8.038648837181672
-13.245159099040329 7.923236586634717
13.904837000723601 2.591739232541671
-9.538257127988725 7.922077175257518
-7.1911777533597805 -2.1024074422966352
15.597159872455572 2.100244294780542
-4.598424036152844 11.880841564464532
6.668698854396813 6.979854079961307
-10.725646632128528 7.459170725103626
16.863730974852096 2.0436159445353295
-8.026445420522673 8.142331185273907
-9.696038936135794 6.346736318200264
7.631835307147184 4.247066868911
13.743174843902034 1.9330294078937167
8.310473543581 -9.76055593911614
-8.03535294606995 -2.272497671368946
9.334435683119827 6.196496309234426
13.696269847650541 -8.287661864978023
-6.770950035895273 -8.290523838707731
-6.308565840016212 -2.0928209489527516
-5.213892709335186 4.251601530459968
-8.113222682141366 -4.59832784184156
-8.204859907089347 4.936299017574355
3.1728070170202898 -14.418703773764546
14.371556780960232 3.3249504635161187
14.113824464897917 0.3609163378423066
2.3535461960459614 2.7745941339602425
6.395851795000375 -7.2560908843562375
-9.254490945114402 6.555196131065318
11.572508677537638 6.936021010342001
9.188368599114307 5.0156227130606155
-9.65271583180978 -10.73200895691992
-6.2282627322114985 -4.820896206909474
14.510506927559781 10.883260065703169
-8.826868582185323 7.928323749527436
13.301559956216368 2.002877111784433
8.92417890536731 7.66147995562734
-8.685196489259642 6.390312823517032
-2.8632648324309997 8.059754069494197
8.812400341741586 0.1352026219220157
-9.66995586562745 5.039427473135041
-8.750930323156261 -2.3973471003041733
-8.208865974228335 -1.779083415805787
-4.952824478316661 5.74597259896748
-9.265447908462479 -4.018804499491983
-1.7084356177916362 -2.8685735981333575
10.771790901251478 7.121258806382336
-9.517220483489384 8.453860298404093
5.692213644463887 13.314865127952729
-11.053037374687277 4.880085124145253
7.084540754491593 6.325004921013305
14.54181013843119 4.160798381249331
-10.121211853894783 7.021320661891841
8.061737662876208 -5.462596502730198
11.350130299579263 7.794411613204802
-6.826450772955074 13.161311722420539
6.703065540737004 5.258605027282864
-9.08690923087682 6.930442546272107
-14.378968649622635 2.5967946028040743
-11.089418551682096 9.26049590623284
-11.047954260534532 6.975430717924706
-6.504888517273079 -2.7703040914027595
5.378424153788798 6.277890192727699
12.697332060288112 -11.398483971146959
12.809044711261869 0.572222925904992
10.9614768524578 14.650159572815113
-13.509528045063732 -1.2425018218760329
-9.4788061980455 8.60917827996655
-7.720432615445592 6.326913133952726
-8.923891440738341 -5.879773264501993
7.830210407587899 -5.274525771252824
7.2443579896322206 6.460169310093501
11.93514036862993 9.912188008309109
13.529015663578676 7.060220236453235
-1.4607942254007558 2.3687035547476576
-4.536478775441664 -1.4088197037266221
13.18881483818042 -0.9787687102294189
7.722738527238128 -2.408586458932584
-14.276488808684626 -5.8822386274557275
7.365075977324381 4.222735271146603
10.773593163694333 8.910628612960902
12.573883099727144 3.1692978415994206
-8.24332973107014 5.870809967249029
-9.347114469795324 6.351877143998771
15.836240064585386 1.7894227070587254
10.4573832808093 4.992560462865786
10.639077361797112 5.238535320110175
0.3952880014847473 6.356147536149788
-7.704004311773734 6.508524571763116
9.390102701366342 1.5092250619577126
-14.777701835189665 -10.195999385437812
13.727627635284383 3.8723112939703
10.62420241693678 9.083996525296028
-8.310542090462443 -8.834956061454502
-0.41620444784391175 4.016502594490362
5.330834365250126 5.9433970659398465
-9.988895666695177 8.935847422974321
3.9080938189451153 -2.91393806395533
-8.914433319014591 -6.054724409793544
-9.965987046356872 -5.929151512434082
10.882381860349646 5.201554668533943
-13.899562373734359 8.008840553113775
16.6828929406052 1.7770434417600196
-8.294040022684447 -2.8533708745685136
-10.96700191311218 6.2749530137184575
-9.481110622721742 7.060050958487088
-5.861452656655287 -4.785391856314654
-9.694522466353334 3.959998005701582
-7.588404896221223 8.009300964388814
-7.624988595033617 -5.701895369280082
-10.029000028903631 6.53785671361254
12.525669090595724 6.236445883201173
10.144587930553115 6.399791003559558
-9.664635830680327 6.93009363912094
12.011111819462496 0.3953106397318178
-5.61750581121092 -5.826847507182993
-9.928541757436745 9.099446667635007
-3.0854847622872974 -5.853154695422759
15.407278849518265 -1.2389676640982858
-7.9418725884373815 -3.4706858406731618
-11.461429834311494 5.31665740436585
-4.592992149191801 -6.3009251612388955
8.329840173832434 5.560309951604832
12.246451701528489 1.0222579918001093
7.002630604924477 14.233112032857502
12.3986829176811 5.825313699155094
15.220675076244994 2.4737555576086527
-7.7309382647171425 12.826615834284038
1.962249928807534 6.758387236716015
-7.563450607085941 -5.66145165555903
-6.294001738166195 14.990120716891894
-10.150756951257403 14.208973531837064
10.701939111547928 8.689057929791009
-9.72083962231082 7.626643368986649
-9.914031294021768 8.956599101082952
-12.047572604065973 5.601281549954845
-9.304401590872676 -6.891305144043271
-11.0536692698248 7.126187341410013
8.367045603758612 2.9165265191564433
11.953098079356836 4.589463717702432
7.220887541188208 5.678721970830255
14.183411366233168 2.3079797295851634
-7.021618511327303 -4.635300269527745
-9.692474991433588 10.136886107200263
12.85167510892422 -2.8195093600979533
13.234476871954135 3.048978237081626
-12.008224489333285 6.651677673615846
-8.232300790359275 -2.820005995752025
12.791358816383248 5.610309985531767
-7.360161236730506 -4.151473788887079
14.665869614242188 2.4496259254751975
13.31322478087286 -1.1253485021708398
6.573468463817029 -3.4516750127429
-9.936345187054972 5.742359651095605
13.020152794091613 -0.051049168629506925
-7.105179244671895 -6.891164635759342
14.006737974949516 4.681520039643479
10.255222587633808 7.715262918578814
-14.159470654899312 -8.17283778566336
-7.260407727259492 -4.042851899829811
10.07779388565468 5.704961721733435
-11.583351058975959 -7.651161217115351
13.350045448538474 1.8147141192026293
8.829090207859299 4.6792484383631185
13.91794408375146 0.8091133231775369
8.22468227989631 7.195738439695544
-10.563388383183678 -2.8179768655612474
-7.251266824281016 -5.177148100799096
13.72828573446224 3.055795223065536
-9.598247416561941 4.544608866830968
10.894663643761165 9.196925369230772
14.328305739161785 0.8049164823819182
-10.744263193897147 6.945357083193666
-10.569195200458283 7.1040446041074246
-7.192303862957933 1.341704812572086
14.438685490190739 1.0544707233076598
-7.232848881549188 -2.874733957392876
-3.6980799315306143 4.488209590432007
11.216417385905547 6.602144486155941
-9.809199443928472 4.820129452600588
11.843409367163352 6.749949739423347
-10.483567526748367 7.635059312149211
-4.5917993762790505 -7.316343781715009
9.590197172531617 6.818474859248802
8.39314969077498 6.646158940037509
8.378336674170985 5.374439157977899
6.481403091299832 4.067644296440625
6.222226531091387 4.664821522761122
12.757465254254491 1.7625494855936776
-7.095740822532623 -6.899140624175393
-5.863291868858729 -14.270255128956782
-12.403921112389334 7.001193887224053
-3.9860844226732723 1.8925505402786058
14.939297444174107 -1.4471464435381618
-5.851686018706244 -4.369882313688274
11.453818292627707 7.544811798100788
0.186100176702503 -0.2686127466758883
11.757531899907853 6.242572139489545
13.942774535833498 -0.17438851292608026
-8.304726412962946 -6.1331694047229
10.453543376058764 -1.8745760939053504
13.928504217569216 1.0718687434238103
-14.343697385853972 -13.68022137013494
9.396563731928078 6.102738124883897
11.228907739641542 7.002288198189559
14.34208128312796 1.6704182827917327
-10.106698474957799 -14.648237847607042
-8.729905236564434 -3.115036016438087
15.175672108946245 3.159746143349788
6.359733115101549 4.433278479789958
13.527470304373743 0.5316627607396243
-5.910072429015173 -0.09407189525421789
13.015758604249877 0.6809705790605165
11.179622265392942 8.489482035940675
11.311947056558521 7.841064342008402
-2.122750659600168 -10.131025667211253
-13.251869151948602 -3.9282685172993492
10.855579528858819 0.4729790446090387
11.917036976660013 11.314754970179122
-10.584909400275967 0.12531716030527207
10.991817853268662 2.5566072978041436
-10.189547891814648 -8.989206720266354
12.238705405577557 2.4844866639361247
6.7186525850960965 7.757517051841643
-9.509852386063352 5.927158050674694
11.186313207106195 5.890584010122127
3.9788184797104265 -11.750051636031776
-8.088547861345136 7.501434424794561
-9.115347763151144 -5.557195450817186
-1.3455310881326774 -13.492956136752472
15.443147988505835 0.23874835636415215
-3.615136732715907 8.846497456184188
-10.044645639994677 6.36705129334385
-8.486899344384637 4.543734660004237
13.886418739683204 3.6207132410079854
11.40593005882436 -2.764812855157526
9.436833507460427 6.433495102221086
10.669596496425482 5.843323883746934
1.4939472425175069 5.849079657564975
14.517943859377013 0.499845951298556
12.849620982129803 1.9347135591846119
7.629811495453406 4.245923678326714
-0.7303699817710765 6.923745871078122
-11.106684183971602 7.072412868685675
7.7897059707073435 6.927456574512699
11.230176638898829 7.975310180926817
12.433066901092243 8.082106733841401
-10.369418756494337 -8.0417145164433
-8.235320987566483 -2.0083068790129506
1.5158477345185943 2.3913708408191603
-1.8727286427101486 11.807676350640008
6.748185775987665 6.716670014809116
8.363111934592057 2.7987699976056475
-7.953406675960364 4.815717228305409
14.605797681061961 0.4759069444744115
14.032481072634907 3.3113763547706894
11.655025903334051 2.4640223578845237
-10.78302568714403 8.922275557099773
11.543125734109513 8.880070785297734
-6.010556977435707 -13.533020198866618
-2.1856840279634078 -11.41474204111767
-7.271510436402584 -3.7441890673307436
9.637297345033618 8.323139140743304
-13.491896193154636 3.1818318661499987
6.911829555807667 4.498916098953533
-12.577262915621858 6.49352545592178
-6.5796081165138 13.323704039741003
6.925264860646912 4.054769128101057
-8.94019980988383 7.906550009868027
11.51987913892614 8.4630561015151
10.588970739913506 8.384623288979434
-3.5338142906277703 -5.994880113887525
14.314073410847106 3.477543050671859
9.398343160784647 5.825509018255857
-6.908642666075448 12.60564063281818
12.259054561909636 8.491380258393416
-8.129710242381055 -5.416283422872968
12.87369945775481 2.8940935552355014
15.061513627029559 -0.12271087759287136
13.35377135480265 3.5469722466123814
13.527758026704273 6.478177865984587
13.639107909460508 2.0165462481613363
-6.606340360249558 -2.5156566165891183
-7.16381788069616 -4.090668179846731
-9.970747826415419 -5.602283987149006
10.463120121241769 8.152294148869217
10.25671334733462 7.133185166437444
6.261973905506686 5.483450966136679
-7.458214710806116 -6.234949234698686
13.503144886204332 6.689916296099043
-3.5076628971300217 12.884368239304475
15.826651571622918 2.292139780419582
8.147899105141615 -1.4164027119735252
-13.998052074193728 -10.914768302992552
-14.691759052842372 -8.286242149454567
11.198889777737849 5.99789359478015
12.438702393544888 1.5924625495416396
12.55621626880856 10.062226510123512
-8.978675821343188 -2.620857906046219
-8.165604035273912 7.041314374781441
-9.18424030987046 5.557771699224327
-6.509698433716375 -4.349459692303581
7.986504257123701 1.1959898593054143
5.011324548002662 -5.911964362623403
-7.577795303652871 6.6523391492775605
-6.705885080690428 -4.138487441484462
-7.705044998381867 -4.1869377699493935
10.769894914530308 -11.994013032128738
12.303431343088054 6.682735283603518
-7.072406238505526 7.808098717300823
7.669679883819912 4.8433583154379365
13.261506417198497 3.787115496228573
12.563150753652376 -8.365955828722875
7.422180625978715 7.889240077137966
8.025545892187676 5.898395961366451
-6.686789293251726 -5.954869258259531
-6.381104971520192 -4.012923143064041
4.368107865724635 -5.707662373983689
6.709496166462138 -3.6650833179789615
9.710090516267458 7.403711910232825
-11.749462782049887 7.421610043889809
16.143374874249385 2.2836594598419406
-9.805630798114287 7.46879497072951
2.7065439531417894 13.925813534433015
-10.840695041017584 7.667597345848172
-8.383557730976577 7.383273211536616
13.505012941494268 12.357793455254782
-7.247316609967962 -7.011543983592881
-9.827447378625644 6.418612838443256
7.6861587709302235 5.471515739638816
-9.866977704561176 6.494751189893569
9.064514151004886 4.608305472192487
-8.964858344212152 8.932232638024288
13.720073432908862 3.399808969463103
-10.335976508590603 9.484100504285557
-9.661236497975365 8.777442801386394
11.72506033601302 5.357439692107967
7.214681680867926 3.241131514973795
-10.916691968930838 5.894034827866358
7.052530493759221 11.070847096495967
14.170095587546717 6.1991089806056365
13.242360959495617 2.3805710433940557
7.626559927003562 5.520965999885608
-11.651077684411689 5.073915602141305
10.245738945326371 4.456942754228584
14.475575741640041 2.712625481777599
-9.08846164977741 -2.315706158204
12.997555717529902 -2.0238571911296637
-6.830769034289704 -3.2904527696560013
-9.317173238490627 8.044306694962746
-5.635478430577968 -5.421226834636268
14.222758487631223 4.269615860252432
14.489540691005288 6.071733507515589
-8.811818055610633 5.801652581499354
-9.521050227154866 3.8188776344362836
-7.133206917923274 -2.5908074097348996
8.488300623794554 2.9940296883252433
-13.448783127235837 -4.026291611735083
9.061572212394367 5.066313125441658
15.138055216792596 1.6227491584229978
-7.188402855499443 -3.56193411411863
-2.6301601306442386 0.20882490994721792
-7.3443009722488775 7.9541997168763245
12.096382943447837 7.398813407601545
6.606958824149775 5.44256879539768
6.984067300289268 6.276309747789621
7.146075989428931 6.4454070717518235
13.099968967908644 7.9417728561167085
9.013973519654348 4.295751510923871
-10.269180350355931 -9.293043835608868
-8.699147190542012 12.13017491324348
13.809141231128073 2.6243389056129756
-10.682343802602112 -2.9364693362783196
9.429172947881826 4.774416710974807
-10.43534881213463 -4.374641431871502
11.426541221643244 8.882405112883133
2.7579265014116565 -13.801634253082776
2.8129218120885042 -9.04647930969156
11.887003618700213 7.287462808454567
14.057572257752694 1.4201083672076824
7.502180637412184 3.78522567616419
-3.999436760127887 13.21301097491514
12.719961904087464 2.4357680830785124
0.005239247845228334 8.925642058877997
-6.868852821863323 -4.77291665452336
-3.830366339243291 1.010880196528241
-9.43270414770784 5.500351417235484
4.011821526688096 6.5877894818797795
5.188932030215344 -14.105532535341727
-10.493932276586492 -7.57368589456867
10.7496540781763 5.563381540654374
-9.895808435542877 6.452239070187148
6.420042185129031 -4.602506424086748
-8.368021343050728 -6.00853150888801
-11.32177513198285 6.9419488911153735
14.201048597655495 0.857168800256244
11.21793553328287 5.365367357748797
9.363774363994958 3.2545790309735056
-6.504343841515677 -9.451070055248064
-1.8695694114506711 -12.176375921139112
-0.3358486329878847 -7.7850576253831
4.716318191083062 14.402712069401886
5.428777840089761 6.221349537174589
7.397136726578301 9.751966882438229
-6.4390749438496275 -4.593934551984459
-3.0781425834413305 11.110464787316996
11.452917263548569 7.7095695068174255
11.351743856253423 9.867519925724475
-9.686445460603757 -6.88475053694922
-8.75814609774102 -5.022609723987216
12.267739352753741 -0.08940761663393326
-9.223654660524739 6.817418403323083
9.269188225900944 7.150991164650271
14.196057540240325 -6.3270095589623985
-9.964101042052276 9.823989628580648
12.5824327032818 1.4482850830680605
-7.996240368436305 -3.4132238549522236
-8.04338766216213 -4.696619098454083
13.62910236809386 -0.15171837417822065
-10.714355965703538 10.343805232408114
3.8733469914232126 5.439558692983277
5.835201929029289 9.529853839005334
8.12286451510277 6.253556193035656
-9.158444546970214 7.050194229964125
-9.610132599290429 -12.180688611459079
-11.082804461020217 7.7156550664488615
9.62106356522846 6.3296780584368975
-14.895326605265797 -4.325496563302661
-9.827707711694263 -1.970555806915673
7.830418482610676 4.52472729790769
-0.02745830637217317 4.235769594754231
-12.724930571572637 8.739493431242806
-8.726092760025178 -3.7414607262044868
-6.947107563431743 -1.884616852740277
-2.980774021430525 4.358723303529363
-1.96392369746515 -1.7893804514802856
-9.98476030120872 5.271726452612246
15.770007253527634 1.5612777531640392
13.543789059431766 4.038268872902297
-5.462052339566629 5.27463455636553
10.78255858427573 8.387365651450207
14.15770249644357 4.426154740189146
-11.224937973409487 6.254363927056513
-7.661098059523919 8.201768636512202
-9.288087722472575 7.085264765113875
-1.5740954300769037 -7.32467759581037
5.51206753302823 -10.90982776965346
14.028179111912168 1.3587892617936768
-6.210390528855168 -3.9881812317724306
17.002238850308707 3.217822657052331
8.07718295414914 8.548195466789455
12.972034910260591 6.093409656873987
14.906044894410632 -0.1905701672985014
15.05494140779171 2.8556265272772374
-1.3228913904066744 -14.489415632981895
9.564988515974065 -8.079640959675658
14.889711059925887 8.93526571334538
-10.692910386805268 8.123256648393836
-6.739877546514722 -7.456907463319926
-9.441646337411012 7.3540803395320555
11.461354498747417 6.502555152614753
-14.615167911676103 -0.6819375356406834
-6.942435356424331 -6.087955689543101
15.296443118698168 3.97900386239531
-9.515570816455172 -1.6297326518448392
-8.37086349895618 -2.929533593854535
13.68827311039155 0.8933875031968697
-0.9163897858414884 -13.158180028957272
8.78946121931277 3.691779767021146
2.6258279869187433 -2.405973079180532
2.0162059445096077 -11.963191376928183
-7.646039763715287 7.718556475170633
14.967082095412657 -6.919767593295379
6.070554043657168 -4.249864006133484
9.963322267324987 5.06456615750121
-8.481857998151806 6.484691697985111
7.39601878800944 2.628956507695352
9.424715361782553 7.148393559177515
-12.68798770193474 8.572196488428604
-10.9841842771169 10.21705001348213
-10.449631899451042 7.242625506886409
4.55250696773642 -6.2908476383976915
-10.78016629938867 6.659683171463847
-8.317428447974411 -1.5283823131134042
12.316102693229801 5.7231201669883776
8.437060781050779 4.8324312748433265
3.7019028814513426 1.8343732119024239
13.218032619911085 6.104134570218916
-8.680980979548957 -2.0939611263476965
3.3925846903383743 -13.102816643360581
13.270655616391325 5.507000789823363
-4.131042825658694 8.635348662594115
6.396468391146998 5.885283311901087
12.551833689027173 0.8291820226269098
-5.268472521577179 12.656361036704926
15.63284679947057 -0.3597112367777209
-12.9365188628972 3.7855898809814303
11.44772010709993 6.167805549222976
9.782590208553954 7.277291994084752
11.06073527480078 8.362319251060674
9.255390842181212 4.375890560954167
15.222359910624347 3.751259413335531
12.605327199455731 5.522352692981199
8.6173781200548 4.854243277080821
8.38743174475276 8.022279927294637
9.610323486660558 5.092803583416384
4.597160292549141 -6.196582014376347
5.440529996899809 2.603452220063525
12.254567307096842 3.5863931991505313
-8.063004698621782 -2.0390048825623563
4.237329555255176 -9.373095297621603
8.419098528984817 4.721457457634498
-12.572747443942053 6.653434301892129
-10.470432259565456 8.990195849155999
12.173794487268683 5.137309764369107
-10.296430839720863 -12.043001226829738
14.17022654242026 -11.898193376349425
9.455249304506268 5.592362029143769
-8.85449811646525 -3.8308284212560664
10.544888515432856 7.424331334609668
11.581459864206382 6.18891104289173
16.02901274130763 2.0098447365270036
14.046025671294343 -0.5719427394733736
13.407800226391643 7.503737968782323
-10.856860840016683 8.699845266946085
8.56288004983182 1.9898372349914597
-8.546469304783805 5.359849342326278
12.431667700626079 8.052672387004543
12.734762396331552 6.623216856050044
-3.647558173779789 -12.92683657392175
-8.355407238157547 7.129909495875909
13.79757951711186 6.153433358937458
-1.066330735007341 11.058015550292517
14.592938871632095 2.877217271492921
15.274780351832092 1.42487060300739
-2.538823826799483 5.06999428448993
-8.299208321000348 -2.8554766172258894
-9.900211202155875 5.916862587313306
13.670911459951245 2.571762503514903
-11.602720434705713 8.276239176202072
10.789530660312137 8.578977518822875
-7.46883332182025 -4.158092095390524
-9.951617173660264 4.2394383934582685
0.7197321800326115 -0.859480891139139
-8.621024852411848 1.0208239247813182
5.70952027687823 -13.104170627117494
-14.91829414306107 5.344477139618089
12.212306207083238 -5.215081647871262
9.14751147814642 6.126593259746377
10.139274735219153 14.679687599677294
7.766112116646077 6.352700125249248
-1.10070112932093 12.065562577168517
8.01523994243812 4.211922311316767
12.873222578494484 1.8772142262339417
-12.890337466060021 2.4298089522512214
-0.04493556142182875 -10.44815316821346
5.867958214207544 7.184185977694724
14.728600991916686 12.317339556193186
11.325714574900456 2.7580782526010026
17.17788168600441 1.040177033092721
7.432063217683844 4.936357944770855
-10.450652217091156 5.211896595432124
13.610060667472869 -7.475396183668515
-11.243376962489235 7.18546526850911
-7.448589700492339 -7.679402861770574
-0.3178779704361503 11.67514783200879
11.089688689486808 3.0798015026349845
13.172924628812382 -1.5172630455087517
9.038989718810132 3.0554593173007176
-10.64995242603269 5.511684295518849
8.160120150581953 8.372586555881016
-9.426501614653404 7.821773858228216
1.959838645989258 11.481323372637206
-8.79170959898079 -5.695856760848833
-12.613240871631472 6.023819137742893
-8.759732673873527 -4.525910236612881
-14.82568263209802 3.8227643195530625
-9.215746915143173 3.740467127655455
13.715227680393154 2.9937631720153615
-7.336053820900256 -5.263361211093982
-6.626690925761678 -5.482849238591529
-1.01458618476045 -5.982201816869331
-6.169493279882341 -4.773578318369886
10.719228184063791 11.854202290205674
5.1947888418555905 -3.0550528143450535
-2.040369830993411 8.098599562811991
11.309697421478369 5.029423171336276
-10.590266930789662 6.732017790739371
-2.5841508270927562 -9.277872401913008
12.53393619072622 6.0612376084054045
-14.290565842557054 -14.520760450353936
6.31965480997037 -2.968594492153235
2.864666480654275 -8.59392632884228
11.217466931917036 2.5741965966861455
-8.224788831367603 7.825121650660683
-8.318555059150613 -2.367005601688783
9.462892097452194 8.910268341157172
10.319040188259201 5.261485172637405
-9.071611333380783 5.847193052269162
-5.281741434902486 -4.683094712287357
8.774723843143677 7.319363041176741
12.350002037032738 2.6842869935785343
5.895777315811078 -11.948895571707887
-5.966093106190835 -5.59718789479549
10.302999655387033 6.494843054965002
14.273588862672856 7.667000066865411
1.5957788005110949 -8.754758434467277
7.253417605813261 3.425856436639476
-3.0833130178669936 0.3226257843756333
6.20348984144022 14.760332266235395
10.382185173943078 8.486321723582256
-11.737518527144259 5.791851422323225
14.981169515413624 2.1067160257686495
14.340427086546823 0.8927119179332765
4.493295840235017 14.108097597926072
11.420207660767801 7.064867014260008
7.018220829333512 3.533136035784417
-4.421655461648191 -13.907566007134339
12.411540819924326 8.002562130980444
-1.790205881786008 4.850823191606402
7.092538514553318 13.743468804667248
11.096861647183337 4.944296844642427
0.8330405284538571 -7.874371867492961
11.71628202350165 6.169813095453364
-8.239056644247924 -13.780977574940295
14.641132894313959 1.4002820541648173
12.102347275245874 6.465911512294118
-10.251170133192732 5.592330053330142
-5.446825686881289 -4.1520978667262805
-9.141387192974047 -4.50381030127901
6.9942909059661105 10.858704211960546
11.846980855899881 3.0056422478802167
-7.824859833500091 -3.1920532643938726
-11.496414263779089 4.307930336852143
14.172773478000174 2.635128026072432
-14.391856279052778 -0.34217043633180033
14.097798268369 2.339975928997233
-4.1713173116252715 11.121892887338657
-12.231168073971352 -10.104118678915581
16.02524107453708 3.419393815854403
6.0970459474042205 5.717502342357073
12.28531440003456 7.164789562443482
11.876114400012138 0.7658541963104555
-8.672647099275764 -3.1426207066808804
2.573791619318804 -8.021717970310986
10.011379396453318 3.56945393738425
12.018504012194931 9.43047976444361
10.327133458480837 8.668709608730152
10.536630374914182 8.044880365730725
0.1497053874956915 -0.735368203531614
13.933852418905014 2.6063091322700247
9.048176483989572 4.025984251810039
-8.114660961616506 -3.205692649340859
-10.188787956335268 4.3245807542967665
14.706921236530084 7.808719485864469
15.319482601371769 1.4229916095215676
13.509142421851173 9.823961019129724
-9.203011198920946 9.238758154693462
-8.431163882711319 7.085575939996902
8.952270755172263 4.401245933121463
-7.840110440294409 -4.313379484582618
-10.430937070589685 7.53648267020008
-3.8593779162792483 -3.9245511257636885
15.20271849511318 -0.03822910522764311
-8.768656257897266 -3.245830408570923
14.485685037254955 0.6552545478218221
-11.156489992501712 6.816395534324872
-1.8111110911402903 -7.389514064321046
11.398828331508406 6.4382078629254025
-13.870199210265477 -12.893149559231905
12.6579592476659 6.257207526872533
15.172823519407789 7.937031828744369
-6.797615540786628 -11.421092424498948
-6.439655476466108 14.016089698324372
-4.277713563136944 1.2961321606156417
11.46195497295753 0.8678575383285139
2.45247260695 -7.511619797337615
0.4656664952004288 3.9074470822588516
9.56762518217524 7.100051381804519
-7.639398638980383 -10.8725963678307
14.220252790585732 -9.771760743078469
-11.100364967869512 5.98640975303495
8.487047807837937 6.736752280089275
-12.123610288701851 7.989679980896057
-10.490210849453 7.844333728810014
7.502386078878519 6.325333876637588
10.40800251310534 9.523980763747387
8.121624631522055 6.426804671115726
2.2033479055638097 0.7535324134755879
15.330081149098147 0.12782993507019924
12.647523451509942 7.5128359174734465
-13.309526925698055 12.369480724185056
10.956074494789789 3.011608726378888
-7.500613837485863 6.563976297589019
-2.38000587822566 -9.28770592990919
8.739150026142454 6.357663119526517
12.739701309920568 0.7935713832898543
-14.92424669082043 8.576514428276859
-8.745195817079574 6.924622804995631
-8.156027872493235 4.391491815216538
12.695407165728264 4.363489304436322
-8.326910560082897 7.428564570189502
-8.277958576852999 -6.747475881344319
16.44856179036706 2.4806281401043466
3.605890999099369 12.329477656418884
-2.8567707584497164 -10.806354512792993
8.785143405475269 7.387161962544881
-8.39793022987055 -2.9197831753308474
-9.504175392418192 -3.4385459545057175
12.224328646153547 6.804882830635048
13.604913284303354 0.09899353780089659
13.557311432807522 7.248619281293342
12.096551663975886 8.225663332566942
8.735758520092869 4.734228536041327
-1.9468580152471446 -14.901814734673648
13.058332132838455 0.6641976205594218
6.997027198027233 4.126645625592069
1.5101854060383069 -14.1766816067354
-8.471112267738517 -1.8923873205195907
2.737126008110913 9.51136204848056
-8.382679490721229 -3.3033206815886342
3.1857778655336517 5.721126071333938
-8.06618302253926 -5.005841429352337
6.20366325994842 4.551823442725381
12.161341559959638 -13.183492866622961
-8.886766435702157 -5.506772274589845
7.632715015929344 6.192920422185391
14.699184844652898 3.1694708163817413
5.723593516806362 3.306889989675771
14.595971066596611 -11.887953112596186
-12.603018338678162 8.223377577195613
10.800849750783629 6.492877597392191
9.138507757378044 5.952565712888663
9.86587257648672 4.191026452199699
-7.954531339403829 6.770829960717098
-0.7541437369659025 11.85787144824458
-7.151034480357472 -3.5498524919098102
14.447056000279845 1.67099499646122
8.762923242921985 3.723793011741964
12.088559880598309 6.693099032513932
1.5921871272487067 -2.0292247007453668
-10.103165178696113 7.98891213091982
-6.995654469896554 -2.897238454440031
17.969387584486952 1.350246459909187
-2.661351362262998 -8.036603450275038
10.51507545735757 7.454585983574861
-6.67335129380147 -3.8124351570328545
12.815056133621315 7.1647164194005155
13.009189929391813 2.786512878105512
-4.714346805626267 2.341826897744056
5.344746061356393 7.626326172000244
-9.725597469045365 7.072266849034751
13.23894051644002 2.8032425840663486
7.397844951830556 3.7335801664093617
0.5661641049922963 2.6105701410913866
-1.5145698378771186 -11.839835713374534
-6.537046239803656 -0.4701830986855944
-12.233827075046936 -5.236011860551001
-9.254011926024575 7.470675733962289
-7.609423011446876 9.242054257742778
-7.843633142146959 -2.201746086682523
13.673671134801323 1.5603405382345676
3.426161548549185 -3.7809521897544336
2.2387840701277355 -14.999097067588341
2.907743649316455 -14.93967119834127
-10.04938623958148 9.22676480773896
13.786230686372779 1.2984720375158219
14.783299539557843 5.126000075178196
-5.302305069933886 -3.7272415871119606
-7.221261520023462 -3.871869382765208
11.386768247582053 4.228446540820226
-8.305757442509531 -4.472592421473507
12.278931617481769 -0.9577676511575195
-8.604351077733076 10.40157083285744
-9.1502838966902 7.898646281257634
-4.719355992162518 -13.917894370633515
10.49135614813051 0.9340137357488769
-11.000827264632973 8.001739838632087
-10.425398352127974 4.4682143290194976
15.187382732469533 -1.0510173242388943
9.801850482193226 7.672473569914813
9.039567413348115 7.102625682322213
8.110466940063848 3.4936466780529094
0.3888173717232686 -2.8759371561969083
-7.525240532171444 6.107550940710876
11.399880106003415 1.6589743613146626
11.0820208987594 7.279722468522937
12.301004893462837 3.682839212094892
-8.59920602107178 7.367751534120521
-8.993822114241677 -4.096191652243813
14.38166761736983 0.4374042613259008
-10.522039047685583 -3.2423660535029115
12.858691356661053 8.04944186731098
-9.927657821310675 6.54047264604849
13.286653669794962 1.3392170227596596
-13.217541845755377 1.437486209862577
10.512680691228802 6.432865710510018
-8.69436073237016 8.253422025041761
10.862387438427195 5.115740705919033
-8.542013521177553 -6.08453000879476
12.104919978383885 0.23799425368915328
11.00666683512159 6.614460195865431
-14.826079875208636 -13.087899489930937
12.811322404870939 3.0523659450464984
7.231997900278401 5.58854355771779
9.769057705276488 5.200100968192728
-6.792595886338667 9.092434797480918
5.3358545556951 -14.122274761929456
9.005206485606855 6.995207561520736
8.202820732163085 3.9219208894905364
-13.783325421342038 2.8188358011082144
-7.765799335656422 -1.2920404119038444
7.632337354432934 4.3707337476013794
-5.818776148065755 -3.46505657590142
2.0635549349118456 11.586716773028403
-10.035663192467014 10.314718617220045
14.725067952612651 14.62337814700793
-4.572455791050311 -14.755806599797793
9.743593130083577 7.364997427047287
13.148096328041246 7.408251789664759
-9.079016185516027 11.670600516094822
-4.055946333621739 10.477253365028488
-11.01342288913362 -2.620911018117087
11.587387718315153 3.5502909289618643
-8.905711424405272 7.826481316839286
3.919474671616861 -1.6252981949788605
4.279616679783099 5.414010485541727
14.478686292061985 3.9254608050835404
11.679709612351045 2.9913346373453855
11.15387831938935 6.073793696386374
12.798987843932249 0.41982634458246393
-7.86518164639963 -1.9941829274060985
-10.838337725635956 7.166806176949587
9.646318489716595 7.498181714933425
-6.566756528139777 -12.179807549578378
-2.8730680171852647 5.816744988149608
-6.896122023942293 -5.0812920514707365
7.23955332590041 -0.48651516212761337
9.68918022830757 5.55454417367887
11.035845820359278 8.981080162118271
8.235005102654801 4.966036023195869
9.849925406007152 4.273284844571534
-9.457431076165369 8.145740108439941
-7.384422805295675 -4.7301588097571665
6.958297180243314 0.005407289127044024
-9.384512327199525 4.813133521205021
12.349963069537017 5.091805382000101
-8.436361975574089 -4.960762120835864
-9.667601682856178 8.519267189366907
9.978385720655831 3.1698637073269733
6.9423902779966955 3.650856658223347
12.613190613053712 2.790019656264075
11.460040925255797 7.481438037335698
-2.3651648650475856 2.9738889229673617
8.862470084236035 5.144954639161455
8.589813519222744 2.540771262953028
-11.958690962115707 8.783128119110048
-14.749854710065062 13.230896542868116
10.304157452581933 5.151975311710084
11.333380662626341 7.138909736490184
-6.462274509529442 -9.773109802702606
-11.42839586025564 -9.120717679163606
-8.19519325581969 11.795631909540042
9.52616744439476 8.877230918811986
6.514890004805958 4.621772338561815
-10.542196564584776 6.342700809377128
6.001766030114109 4.3855071209499705
-6.585415136794041 -4.321722789760229
10.97527300436874 7.378476629770912
-9.723802374196516 -11.998468538724536
-3.081678289690844 3.693825009109581
-5.229769438777448 -4.563728412049435
10.63759655540117 7.961627409732909
8.579505296219608 -9.579922662307448
-10.328442567949349 6.145767360909584
-7.060871018148864 -2.3419943251122546
-9.544011162782809 -5.417064506076122
-8.728928513707764 6.66392701988273
-10.728895642221255 7.836733733157692
9.908468280772595 4.648731479501773
11.705703923159998 5.528779522355231
-8.232598950492072 11.778609742791918
-7.757629145187015 6.387506328430594
-13.068689490048964 -0.1326866919095444
11.603935804236931 9.019612280624823
15.286476603543848 0.7285803061548282
-8.08445905811802 -6.52414610008252
9.15651924640547 5.437734884716295
8.549294059495217 9.137330428391671
-4.724296061751581 -8.177827663583003
-9.771251822486091 -3.094718100352498
12.642511280530945 1.3356878050557817
-6.244352467067612 -2.1550780100565694
12.14879691179095 7.655248060442304
15.029208120092957 2.413234350766808
11.336695962344615 7.548889185857087
15.342604696123427 -1.0812653891559885
-5.219609463273997 6.474267287029011
-7.705163752660335 -2.6616440073802616
-0.7367569605982585 -6.961692532247971
11.080754221504456 -0.779173660796622
14.04320308248153 -12.180022560150249
-9.718856676526155 6.348408857993353
11.605672742127586 1.3052715551785878
-8.412433417279905 -2.4986894652573306
5.525048847931219 2.4592584533222492
-7.782382419728337 1.9414192771350365
1.35988721807853 -2.5123580456913395
-2.4366447625266705 -8.998056331657093
12.785910336266348 -14.714146007703832
12.049081327656804 5.94187004254219
-6.974922953051756 7.528622874203366
-9.64115859884553 -9.234253817031735
6.303499024134711 6.788543751377423
9.488741971131276 7.370446178144803
10.394380353590918 8.225884847812676
-7.022139595556373 -10.391825318418366
7.821799723193827 4.980671743798968
6.328463458497641 4.27757233211449
10.582796703321563 8.54750232583902
-10.352209392118285 5.1506102686582995
10.854130272107852 -1.482307718684151
-8.309726621281257 5.725406670679339
13.049669888892346 2.550675484942161
-8.35190241906933 -1.5813509062142224
8.594847413276815 5.380478273781808
12.864554749642103 8.119847198056082
12.737284166598013 5.524746170335991
12.993066806532667 -9.414039894481913
-8.013213403093683 -3.8475474493081165
9.53074451041459 -8.28988443829963
-10.7774872186695 1.3406248454187235
11.257150688375164 6.526781004649024
-8.362246318030603 1.9729089412693597
16.33728595678437 0.9208101595707083
-8.135837052059806 4.520975837625663
-6.60595215524201 -7.788073774610244
-8.14988907415605 -4.372436541641549
-6.363663045503003 -4.290071667535366
-11.549796376254593 4.955863849858249
11.438488114902958 8.560689188599275
5.466537378544702 6.8262950155024065
-9.095274496599709 8.105128749399588
-13.346066694094345 7.90307720010279
-6.998978679525549 -2.141146288091783
-5.400066066127692 -3.2375744779695674
-7.4256869428617085 -4.519650402256078
11.233342227224433 -3.9807103062918223
10.992977136216135 6.614182427187715
9.741256316694109 5.700771766993686
-6.792670414009487 5.509450195791943
10.28993799125433 12.778044384933715
-2.0224336742986857 11.416085288204908
-5.12848673661709 -4.392540000199786
9.027259509367974 6.943655458963438
8.861664408729064 3.0589942277438773
14.890103192754308 -1.5558232882233627
13.130329631936263 8.548013825707425
-7.3320484420657115 -5.515676820109437
9.152088727589428 3.2471484299463116
8.746158909638234 4.863780279979987
-4.574389490967771 5.0262150009803825
-6.976338397550329 2.284837174890864
-10.294927660291657 6.558982617301342
10.434657030859633 4.4915118175166135
-11.02213021319628 4.569062286285368
-0.7308656092867345 -7.747818775567282
-8.062977340349127 -6.4404293578561616
10.989602431865185 9.374749877584103
1.7517139203205083 -14.750139328025455
16.920287686198094 3.402095582972529
-9.146978287365457 -6.498134993230151
-5.607539710491426 -2.766525948386904
13.833126518591227 -0.9005558105145832
-9.306048146734812 7.291974672480437
-8.790262822902076 -3.7948660969901473
10.043616004407472 7.533892117189191
-8.08863368808156 6.677346819123493
14.292164136517842 1.2077233485906889
-7.8432195502599695 -6.15478472467683
11.180537340053048 8.139842990991028
-10.318838277329803 5.43084694461413
9.00774377412829 6.175752218161601
7.959053920613011 4.3527006894913285
9.232838834259304 -10.813194586974229
6.645130619345626 5.235134810723743
11.612509891026066 7.3410191788121875
12.677958336070324 0.5690665279919442
-8.8448211806562 -4.752282203906825
11.315418968652892 7.425706888471116
-6.590532636485045 -4.983729214517648
-11.265547136029063 7.785730340940439
8.606012497567674 4.839768548606234
14.779024054278866 0.769832596021842
-9.672595825113152 7.133744719176686
14.599763413548025 7.8023312070579
-7.231970904353787 -14.81136736283746
-9.09497196475571 -3.375469314333044
13.015184052752952 6.984856505421106
9.886296190294036 3.449761897257098
8.88766201038244 3.0171804664740005
-9.069374077022685 7.300545471967739
8.75834180487849 6.4481010510275
7.04548507187787 4.563717286467778
-10.31010717948187 2.503672186427057
-10.667534509340829 -8.547141430534099
12.80146905529287 2.5142591105425014
-11.74749360591071 12.457913093844372
-12.612222089181818 10.690805525634914
7.9116819672336876 6.871995294300417
6.657310543407446 5.255664079152661
-8.009214251364734 -3.9102968597667953
