2500 2 5
7.759211773134606 -9.668125933796127
2.7809061657400953 -1.1370564703143735
1.9788476915384976 12.179233312666017
3.884610250948864 5.886911785150144
9.320611325890962 7.606445866893337
-0.4467775032821599 -10.951152707774975
-1.0057695147051255 -12.032171536810111
-14.189609134034368 5.347056543601163
-3.7061209407354454 6.436147192710266
2.1284789231863357 -2.068504128169751
-3.262441029391237 -13.053737339812244
-8.53770000462788 -13.581856864929216
13.405840034087785 13.395416709509604
3.0708771769660785 -13.12630863231895
4.927295848661647 13.282136073790593
14.538341684851154 -12.680285031913357
-13.0864624343625 -0.19824524550793932
0.7353822564398165 5.6511118077357665
-3.229625704056234 14.490987251905118
-8.169833683683436 -2.5104033545137536
-11.788634918760717 -11.878539975703495
-3.679003500318503 -6.685698441117685
-2.0073905024798435 -2.6950141785794965
-4.432993295068048 -8.466750988101856
-2.5735455348074776 4.699417688355165
1.0140664692635575 -3.694515884540376
1.4196103470738493 -10.650330523889078
-1.7152378238742276 9.670842769726772
12.90876262555036 -3.917375033369389
10.188364301911676 -14.796570172418308
-3.0095419544810635 10.079589779995167
9.56750149226049 -7.181690271024012
11.710038315117263 -9.685887710682081
-6.529536360971404 10.292452610920236
7.118422717787311 -9.009120578787176
-13.83314003713008 -1.9106804856375312
-1.7120027153114812 -6.509867820106418
-1.3945441007579777 14.233068627489121
-13.893300802830783 -1.3360881821401929
-13.485679187137295 11.6928986181533
-9.029708692128455 13.415183933235173
-14.8421933297696 -10.265976771297844
4.50021107952584 9.194826045479495
-0.7425617997892715 -6.41041181955128
-9.820560075323204 11.55233584845303
-10.733476454046903 -0.678332222688212
-12.719577820783126 12.16952798755208
-10.536766128470852 7.959883368047931
-0.38001577674660325 -14.056256025234728
0.4580093267440901 8.979414609655336
0.26731534368877874 -11.09414008565862
8.466039079454287 12.95825159411697
3.59443665048299 -4.886342599873766
-0.4762469217723506 6.385742337586954
3.2594819853970307 10.829781280233558
14.546697958935859 -13.648244734428788
-10.309959260006938 -11.844670071053704
5.159022663680833 -5.522255236503291
-1.3461270282078814 -4.798902049016807
8.432196422139462 -6.962906960374202
-6.229466806253265 3.632919554846186
0.33256227859691023 9.084580628638033
7.31178818448333 11.05251314792988
-7.079213015765693 0.6729798950365513
-3.0599528817144233 -7.204516029528097
-8.208865974228335 -1.779083415805787
-12.063939620449387 13.83710303019135
-4.1198237774074915 5.324270223645378
3.241517176006223 2.2604111805231497
-2.8094860312016596 10.579685836106304
-8.64402477474455 -13.280066843783095
14.265380133742518 -4.321601570298732
1.6496522936154818 9.182922954382647
-1.5120664278545402 10.45448838621466
0.9030545021676968 -5.093375439881729
8.310306930105906 -7.043412562036764
14.981619079071066 -11.904443882919281
12.15145669696105 8.037187892852202
10.408524820986042 -14.631307013492473
-1.0157389598497062 -7.194542300957474
8.493828077461327 14.155820479128515
-10.24082279733056 11.840528960049127
-2.4907993505174257 -14.09035618580149
1.7457100566988153 11.000724804890066
14.52013313873622 -5.926385611122697
-7.5574574650811694 -11.85747573898089
5.257674443518738 13.528976621197064
-2.740329726050481 -0.6805294698858866
0.42853454999106155 -12.90382726169858
1.232897266450987 4.673757873794507
8.948304819604026 -5.350771974107197
7.444466424241817 -4.987055994197089
-2.5854014443546873 -9.225500097314349
-1.050844478373227 -4.9510232792483695
-9.608449015138172 9.670597171634451
-11.64125364580256 12.677320505499331
-12.555062591416672 -7.876148861050788
3.2608044353379206 12.751505767693029
7.838251590099681 14.975549438060842
6.742597459568795 -11.816339617320624
-14.06633129997558 4.722382321018184
3.2517302346371153 -0.9136661616415758
-0.522720777497673 -14.445169300711107
7.131095329147165 10.100318829193753
-0.04861037100324417 -12.594751770371396
12.654777373796914 -9.341726610956174
12.743543107985186 -6.19748844776726
6.672967943869278 -4.335299364196917
-11.96067430617347 -13.590978100134128
8.235705967173839 11.000827498385586
1.5860647035508357 -6.222585289278653
11.79779008664405 7.927242855557965
10.408843559271872 -10.448107723515566
-11.353211068244008 -9.963331069108612
-11.093099565069986 -14.832090447961289
1.7616225831284993 -1.7097887835302181
13.20707988855414 14.287543213220026
6.2942438066925455 -14.758731238130967
-6.109131144532544 -9.032016277313515
-3.219715522908867 9.461870862472171
11.070071810008411 4.358692989325141
12.247566213449584 -5.617403399540866
-0.9948070807945069 -1.4666035609168304
-4.104550719198045 11.039585163055758
1.254428040667765 -4.6821239093517555
4.78227322114677 -6.714783515702598
0.8058304229055278 -9.854294437399123
14.222063904338867 -11.141897274026501
3.961476326991477 -3.754752255403975
-11.071386943270392 -10.249835292995828
-9.61189735606811 -2.844998951948679
-0.48649751204298575 -3.3305870561458377
-8.748280165964335 -13.206883608009388
10.213203926924692 -0.7533477513567242
3.763906755223598 3.6833600427393343
-8.870579066064824 -13.049488795331936
-6.864398348687756 -13.2351409232921
-10.335257288601028 12.191717287495727
-8.596963951681758 -14.088609451370974
-8.200789671405488 -13.222383192404173
11.094512396859578 -5.541931262676636
-13.201906575789684 -10.72921441017638
1.2213809874746033 -5.856201516975791
0.6027548334835355 6.099893903150804
-12.028736056359497 2.8797044168386066
-2.9270115657660227 10.091365016110093
13.661916396896723 3.736507779197409
-1.6997259251639392 0.2595243524654087
7.723746709717169 -3.15388399173313
4.141945991518039 -2.85769659400982
-0.5280494450911029 13.640014224885512
-0.27488180289410735 12.608833160160227
3.1735357439305787 14.914017356015112
2.069452515078517 -5.642013625506316
10.113926956918785 13.198595714153978
-10.153598698798229 -13.031218825407171
9.805505650550186 3.213272777115724
-10.507820979641085 0.9540431987145173
-6.58860929636046 12.863108137859665
-7.008171113610162 12.568139197748515
14.002476658162642 -11.445756236246659
1.299043926664119 -3.1498737541915016
-0.1853674373592753 4.726900034665146
8.28479188990108 4.799520876031521
-1.889638719747694 -11.999280796530078
-13.447106836752832 -0.2930939961439556
-9.433089621029648 -10.782729723637374
10.863272462640483 4.472051436392155
6.331538203347911 3.364196576929135
10.604642516933279 -6.849488785935808
-10.691908644425723 6.556815344697508
2.204568452139508 12.10992463770696
7.021761763605795 -8.676856724246326
13.265817683423357 -11.341937120203003
1.2764779521629386 -9.207388441900648
13.243130867414976 13.899950622460558
5.800295873021636 9.820384402762969
-5.194129668342445 -9.236522893964796
-7.83956188396286 -13.971720601492276
2.2658061170602366 -1.375108948094681
13.42250672042804 -11.316450543850411
9.312957401074087 4.335120238231466
9.728063706709161 -3.1479701098256783
12.050833537351664 -13.242842425988771
-1.4342797511960672 -5.564386140360742
15.64521005886883 4.164230186033387
-4.1434596112003454 -10.491654693059349
-6.653104535723028 -9.159286878338452
-5.491478502862915 -10.697216961885525
8.296082674790103 3.914510374908188
-10.138195382246277 -9.866041628758769
-4.499877174492642 3.227215073080828
-6.387214357189006 -9.310205133398009
5.975070413823943 0.07099667333520898
7.468095190167261 0.4615424956793319
-14.498327469703982 -11.043731820282883
12.916725830502386 13.064406606560048
-12.42417327797499 -9.197364975795615
13.922993083455761 14.198311091620674
-11.616232806810405 -10.779663909980982
-6.9595127806104 -12.60252894453483
-2.6910102856990825 2.6591256166145563
1.432401039969875 -13.459069612584972
3.1005858091027783 14.333478154035063
0.48718477175552977 13.095403865614035
-2.7088398105212796 8.89097641754163
3.805097474699398 -4.413238550595635
-8.801731626681585 12.58522845032697
-14.040719839295889 4.046174851398099
-4.274341848093954 0.041438995341037455
-5.048756944355073 -13.546560124930867
11.851083150096258 -5.8795158177383176
2.8998678292321927 14.914241791439174
-14.399816842560679 -6.897606637730888
5.534844526837411 -0.31779369750043784
-3.2444034398440547 -5.864084007358837
-10.990665323202236 2.3812353128650017
-3.29333981080282 3.482514666631644
5.044481115547608 -14.84240711681704
-14.042830886073922 11.583699421542335
-3.8704032867587106 8.248917919382976
7.587355835656503 12.299064939150352
-13.830243716393273 11.881423705347729
12.154617230349714 -14.166574402324454
-11.270924015317178 -8.694234042915307
9.739201688976983 -5.6239577604172215
5.444414138243502 -8.25599691960635
-5.290133994461829 -14.493349375959772
1.7434039039655502 3.003198373335369
-12.820492639782554 11.302298622058622
-1.9675794857675317 12.465063026828918
13.969220233384435 3.124898528374569
-11.022822111335394 14.237051586412079
6.970370629943325 -13.719865238987675
-9.014900575567406 -3.9563312683130434
-1.753574348764161 14.37648496440265
13.98594488979122 -10.286993858285117
-3.5475810593285857 9.841241836039732
-13.883785056768605 -3.5593313104366295
8.271341393188159 -1.7144400941361475
8.316446816796713 10.90949714421782
-5.049311251593856 8.338413693799062
-1.1252705328493846 -6.909274354394741
6.299313990178309 -6.827028885309769
8.026974358830198 -11.58993545719819
-2.7275856061119317 2.1277144301619444
-4.77172014059173 4.739255355653405
-11.134896394104583 -6.994441685814202
-1.5911019241883668 -0.48014398363018174
-2.7765220678651623 14.523883918518226
-10.138223245922521 -1.9106039998853839
-2.1084430043165785 -13.532867569339597
-9.411023981131194 11.760158616752463
-3.776244624795014 9.343151311437751
8.456804979808517 14.72484089489581
-13.937739796303358 -8.530335545141131
13.090177379681123 -6.717333987142329
-6.0060409454141865 -10.158394836721605
-13.682095584833327 9.46935229971093
10.118074715387195 8.223811658393204
8.258291845001786 3.611793498986822
12.403430819099782 8.1162606507379
12.002689157345703 -12.252866864741296
8.653005315620462 -0.04726565896718249
6.787366532773564 -13.49697936116674
-0.5287666156713513 14.129864500882704
3.7541309873831636 -11.238278041638559
-8.548726476062852 -9.919653467150479
12.995306955336595 -14.051036497914058
2.9296685446081803 3.650132017473009
-13.789827010218135 -5.618387640925313
-4.882870623368637 7.968739610340307
2.789346728424473 -1.2495383112064093
-2.2502862167139117 7.092545135094426
1.1063003844176151 6.780359986391204
9.32480328864824 13.148098347673027
7.196919608899453 -1.713043113030956
7.556270083207927 -2.2973554403601852
5.430382280260108 4.434410435205234
4.762653670656217 -9.620345787712516
-14.608052396955202 11.582963046190194
-14.83456224894925 1.0224375246233812
2.8206751125591403 11.73934253989885
-2.2597643277643247 9.129548623863219
-0.6741654514266546 -0.5465762244634735
2.0397188813862357 2.496734673285971
5.046426609877237 -13.90052669084233
-6.6753146740419655 9.470846839652157
-10.41534381715654 13.685418708903182
5.73365618218488 9.57759453951665
14.886093659228852 10.131533765593407
-11.47165797080821 12.251536957984904
14.50092100626133 -9.216847874192833
-12.312813960782549 3.0225556858498557
-4.55814085929658 1.238876091124773
8.680797123493047 13.066303580514301
-13.621933053345332 -11.888437948350877
2.508772965362077 -12.507534763902514
-10.23228910784121 -13.055577474320296
1.6412573235171166 -12.412305179009966
-4.7921590685130795 13.048091874205547
11.997550853459327 12.946719861582242
-11.455273544577576 -10.833388662065031
7.369389769300849 -2.9062968741994695
1.8719280048817843 12.599294536519306
-7.658657402414732 13.959502737067567
0.5997414147357301 3.6199161477612414
-10.423611214410032 -9.138051013122512
-14.945082490248154 5.844857905000854
-13.699250205341162 -14.047046185629549
-1.6402776406368904 -9.298167019114235
-6.834551657241628 14.015500705076011
11.910815714945024 -10.805484754419087
-5.966760221268952 0.301217155821778
11.290868149276655 -0.9991995565253302
-14.92630558964968 -3.5279725437814733
6.97896465669258 3.302279592486891
1.4670638827423197 13.067782424994054
4.578835593345133 -0.01586052789447656
-13.186778076142495 -8.072136226728617
11.00522504157842 -4.294352179620379
1.1972271565826524 4.593858686062298
7.075468269492662 5.014185770086589
7.356182020596496 -9.443091379092769
-11.237393877639619 -0.2815722062371222
3.7163949061314625 3.902757706031533
-7.221261520023462 -3.871869382765208
1.7873419489589502 11.445913484700036
3.683518517991857 11.869767972926624
-8.336888429546622 11.89704468819274
-3.1586437481323024 2.4476050965515803
1.0524837364063977 6.378559745695103
1.5163322228533538 -11.018847063427415
8.59478793504741 -7.0422488319139305
-12.765443414423546 13.394406897627999
13.147269467758832 -9.50900639588971
12.84481926212224 12.842890873597977
5.967310646275411 -6.760428526848877
12.301978976123303 8.37090812555154
9.799104572505438 -14.679817023348194
13.842700696006457 14.561716374896932
12.488235012504788 -13.345609075678512
-2.9541212017233427 -0.4406986088580247
-3.2877548828591827 9.744479450212658
-2.476495133418556 -6.4150665194836805
-8.588230708566394 -2.8048531775584022
1.7066552471142344 5.922540609517906
-8.091588005892312 -9.826166327486707
-5.5808005050634275 -13.312992740188518
9.706555888563582 -6.718797443295161
-3.5812593674211293 7.83863213539831
-1.5239535110907028 2.875298522481433
-13.895288931534806 12.428256522950086
2.153052615462265 12.321777641296787
14.979521340522297 -12.276429950720672
13.679063632890212 -10.582218475214047
17.99328375266858 -0.26418940728401763
1.9580359668270226 13.72016278331856
2.726592901601773 -0.3502523084219238
-14.154585832727062 9.531946933326484
10.865974648598382 14.578999553172324
8.922285020182255 -10.061840643740815
3.291706581794422 8.458790334424247
8.444296503337139 -10.212714602948207
-6.652160799865133 -14.346234557480205
-0.3508463447398924 -13.720032030420766
7.330432899243725 13.439881767539735
14.202659410146357 -13.480634558541833
4.72593703342848 9.663831128892387
3.0647730472002372 13.742700151618976
-7.343880402178698 -8.863524591372935
-4.153445736137446 -14.294456581861223
5.110214555476638 -14.297987213048197
-0.15768165311588866 -9.758689777862102
11.57627089430715 5.370887922031223
4.0063627617821105 -4.315701886517651
-10.85049087396547 -0.5935667978431152
10.876279651630792 14.531257369822484
-9.161041239502659 -9.917573336830678
-10.599059778537056 -9.68052888272979
8.375541575478671 -2.5265799031333884
-3.7731019889722486 10.706033799237975
14.09292128197518 -6.907297040559392
8.591571358387668 -11.864318358424578
-1.6683599858519003 -6.423748275778358
3.21998479815986 11.669723327480089
7.223915936744156 -1.523558073274021
-4.499850970918855 9.908901491146064
8.809030620814852 13.148101186388523
9.45847902627872 13.461319345071125
-14.562971813471687 -10.987010632932254
-14.30857571793378 -9.065830837543258
16.24535660839387 1.0475959943161501
-3.391606754810205 -1.3188714895293767
2.832080707048064 14.138547642731258
-0.9264861242278162 9.952374087962692
-3.7658649579332266 -7.008443628443581
7.207601741355052 4.7248263923347755
-7.232848881549188 -2.874733957392876
0.21977459583369807 14.598726722595273
8.50917865217879 14.91355920475943
3.8145883319488334 -10.824091393903462
-1.98349688942543 4.288949974924144
13.374127213797202 -5.223104057394799
-0.0973173579855473 -7.1986817042431746
-6.226001458652906 -13.905440476492977
-14.627912596610079 0.6580901135667929
6.714325317733508 14.377744502985585
-1.245149524142441 -8.991786763553835
-14.585600502712987 -4.8825857468033025
-10.27717535255852 7.259805503572625
14.476770207045291 3.0836122726835553
-5.788354737707813 4.15174780616989
0.6362810779901125 4.270337376657714
-7.7179482469355225 -9.469046401149019
-4.822293482118782 -9.121821335785611
-3.7789131092079327 -13.54096430106576
8.811337519350381 -1.8223986866120292
-12.778971012005167 -8.09106981150002
-13.756586741344993 -13.764472603987482
-4.116002912034823 8.361356171917038
-8.71114471441011 -12.29445695670052
13.759811600800415 -10.26460675276579
11.336946283249848 -4.503165605338474
13.055985775557836 3.8383033860839166
5.239464552402481 8.237484738890242
-1.1043461125562768 -6.222728649820265
-0.049132782927218344 2.6187370284878604
12.765742912522786 13.28290322410938
-8.848970392286823 -9.153987777913493
-11.330726630682468 14.319966216172933
3.939592877272485 1.4701997882345204
9.284623757524656 -14.75845706454638
-2.1815761182545987 -14.896532140572019
4.178678295314775 12.862863355134447
-10.701855385970353 -9.562794822767765
11.245466839455936 10.306827102607802
2.9891716811181652 -12.346260925447957
11.842069365319366 6.311315376062805
-9.304401590872676 -6.891305144043271
-6.994714406093692 2.412913051551225
-4.309268388524579 9.855396545655175
-3.3512641772609975 7.83496294647615
8.407516381588621 2.57410263237805
-13.02397256610502 -1.0355977043848252
14.646357838641531 -11.201362216089278
11.63815532428557 -12.25754824643875
16.406916190089074 0.042498286842566735
-9.079190264741204 10.374805442312326
11.772569712190403 -13.680958185284336
-7.996240368436305 -3.4132238549522236
13.865517290662382 -6.30792703595673
-2.459650048391701 9.274034036185732
-6.157564021536588 -4.62210232306994
8.403125106833908 -7.949484188655946
-3.4421898998028375 13.675054075373136
4.511986129111669 2.139296940871102
7.078492728395716 -12.311145537588839
0.6704216307504431 -8.824272147123054
-10.425927843111776 0.5202850760928452
0.8868782302758156 11.693870415009986
8.688369222559093 13.59159251101832
1.4593235079265803 -1.857250570236305
4.521161218440994 -11.939630283094314
2.6525996974080925 -4.12705018387679
-14.862495685115976 12.999755884762553
3.2198326938252926 -13.007022453693743
12.053060003802141 -12.268647666459598
-2.2641328678305985 -8.966866957753297
-6.282716391424776 13.122373645965006
1.780607724863028 -7.272124020089427
-13.828785857936873 -1.2962143056682383
0.07693965182894758 2.5664251163839076
4.282109668811156 2.0118492402273986
-4.155115713241468 1.1136660679791248
6.409818545591438 -0.67293792870346
-7.231531665321595 -14.073328479233366
-4.725777099181862 10.971816007982877
3.1226002523750758 -8.914895031074991
-4.2059370230067366 -0.8569286800627829
3.25753101111901 -12.891757045455536
3.2312728273914715 -6.046775267268229
8.669749767282472 -5.806651468225025
-4.932558779711764 10.833058414751761
-0.806947186087065 -11.417608910349767
4.661224567539847 13.80775251992894
14.45477956022 -14.498854000569413
-12.087106748935689 -9.655428963963676
-10.472655873878034 -0.04759462380344459
6.015675229632656 -6.066834092668499
-8.115758762845996 13.090650404418238
9.88084085450371 -9.797944696641984
-4.513827914621546 -11.695295234235452
8.755007282839614 11.864391126687341
-1.7654565074828774 -7.485173283393709
-9.29555655372405 0.5773909182375974
-10.456264346574713 9.351284230265374
7.086740808781617 11.380396512128705
12.529004859519524 -3.01296800568565
-5.333366940001419 -12.529259567654247
11.905117751270257 -9.135011738400213
-7.589633243416081 11.595413183529022
-2.252006177341686 -13.96114552939449
7.083623038994023 -8.193144184208858
-9.906959186187922 12.407100131522963
-1.155532723158446 4.242728209072634
0.18429868293477725 -8.12423115098067
-0.477384395059687 1.2065970937911672
0.45978475732191804 -1.268073880502703
1.3892093327974173 11.80930846637748
-11.999863804480702 -13.255051196239316
-11.70983524381715 7.171130993244963
-4.248344120918189 1.0325478494231
-14.155160962232943 10.623372924791553
-2.9741181308416547 -2.682832491935205
-3.4079747917179386 2.3302727633548024
1.7310449450088363 -11.231251768968649
9.643529084144788 -3.18274607619996
14.6878089163177 14.87581918012506
-1.536495829300792 3.1457962968007678
-6.020657477375883 11.388972753063054
6.66526124244163 10.637053484483694
0.6198634295768848 -9.857793999312758
-14.176216155818596 7.898035654008993
-0.3615384657410097 4.5171255797037695
10.94924153978647 -7.215857392144057
8.214643033939502 0.3032100767738459
-5.4936362890500305 -11.516197021328853
4.459109938623357 0.11124848235296803
8.017517841870013 -5.533026622976184
-0.9667523810805676 -9.94543437934991
-6.019942489420032 11.88401299147409
-6.001217045831163 1.679441198400287
-2.032600319623354 14.680179835528634
-0.13068741181211863 10.405393727077051
-7.553389600160401 2.385786947260403
9.924642406550522 -8.456812652835445
-1.2026933793446055 -0.36083058189281303
-4.2106371680245545 11.810490706100826
6.584987483119217 -8.294830168997514
0.06508894992425596 -11.336564464252795
-2.026864497997442 -1.8929736220576885
10.123797289263305 -6.540872376295452
-3.419964239117288 -7.49339375250255
7.148016452654662 13.247627827853396
-10.876048363530348 12.014442559738999
-4.536667237647581 7.548151996675347
-11.28022309157435 6.375856242099768
-1.0960411976818243 4.17689475760049
9.124939638982081 -12.677789789390427
-13.609179506360489 2.1786912278484536
-10.210339572230517 -10.66792669240137
3.07223631329099 7.387988210383341
-4.037057481964796 -12.279385872830446
12.413728394290594 -7.8418905968986845
-13.044788629066343 -12.7266153293707
-2.156422600187387 -0.25731128708241613
2.795512122664249 -12.245879120818739
9.571202077675927 12.895660304674589
3.117524541659865 -9.962085669183633
0.6910682236234038 -1.0374779211616847
11.753181989444371 -14.067507645739374
-2.0526832267432056 12.127445068398337
7.107584994653717 3.78644214308952
-10.81981687814926 8.785705417031082
-12.54279473618478 2.4626226871211756
11.851463440486818 -14.303822410531003
-1.6205500568566844 3.0808073162715743
-5.910072429015173 -0.09407189525421789
-0.693790972848177 6.763726914608647
2.4417258611987265 -11.362844294228005
-0.12284826004186833 2.4419438918383634
11.802416518812269 11.863292523310129
11.612394065227658 12.128290322430832
8.736634566130338 -1.9065812937488218
-3.6652731082306076 5.213327849945159
9.844155560262479 -3.15546081055588
7.913025107505895 -14.62231419987624
2.216301708064833 -8.39729235181375
-13.10622974100718 -7.033397483275289
-11.692447793882152 2.0807763718472003
13.750757807028481 -8.971089702729921
-12.302203239883653 14.55465050079028
10.115267304573013 6.253527742959764
-13.501988919571208 -11.174446346945093
-7.160439930560401 1.2734127486367015
-7.095740822532623 -6.899140624175393
13.532465567368536 12.526222767184802
6.68605308226287 -7.4256999528170455
-0.6198442833840936 9.77450187684407
13.814193037700143 -7.751925722430268
8.386280288687278 7.644198688637749
-10.691717015202666 13.122305032658357
6.245010955538724 -11.173711587471223
2.6394425044582164 -10.573602882234523
3.872908195440065 -0.7063986725269995
-2.19578237917103 -7.8495790405797425
-14.1787953983526 -1.9819210546642694
-4.0641474007796 9.317727437411424
13.51552551248476 -11.770814514746693
3.4143223824846203 -5.500454734461606
-2.818081643910862 4.672224027830175
4.79594332922348 -5.4920894809032355
13.784213653868115 11.604670915511807
12.341477801654651 12.870677559073894
2.945692307177879 -14.459829008798994
-3.8801347347689905 -11.343137570819273
7.13997207025438 13.773344471584053
2.96764452483443 12.947917863274693
-1.5591994653284917 -5.312575485184045
-2.931672988055757 -1.3942343919515636
-2.7770357637460776 13.417357174998696
-14.22534636306679 5.7112070517699465
6.17676712159755 13.544395682968883
-5.9079657584676255 10.12740795315839
-12.92813079462339 -13.780068965019597
-11.589182188616622 -13.282938917954011
9.052213653338185 -6.497510333774077
8.166824986529335 -0.08726838840081363
0.2918818951176565 -11.249238420370556
-11.151574696385094 -14.24456835238474
-12.421140560148022 -9.163472296357149
11.869021088085049 -5.478248959018787
6.197572868829674 -5.134083880573794
7.745627625686098 4.441538051652334
7.775004160175534 10.982443852407023
7.493684345535424 -14.961328197594199
10.905542578961825 -4.1006899598644
6.913153266709266 0.17636922284158807
9.155627226787313 -14.806252782825975
9.510636241790841 6.926613202992318
-13.84764534821493 -4.512054702364031
4.873883658070039 -3.464752458859669
14.584662686872022 -0.3572649829395935
0.6655620328546092 8.554857130461684
-10.95936007254155 7.624810767765311
-14.29556776063291 6.0985247960161395
9.902058686319254 -6.263753439278506
4.325950776229288 -13.408200958885205
-4.675828915932355 6.598756081226217
5.899744046037865 2.8799003546426545
1.9519775139114266 -6.072432499186796
0.2877619343926643 3.788336768319823
-3.6679349603514826 9.922884143687178
-5.258462675335668 -9.012752730559367
5.520163355360143 -10.605668847230305
-7.301527239104737 13.312540272478113
-2.85244882467158 -3.9049880792287563
-7.703422735328057 -2.770921618492884
13.240381018024037 0.7456669533323483
8.095074659400325 -8.553083216848613
2.983741596856248 -5.522178025643619
-4.24250104837024 11.396330160315607
-0.7671811081029727 -11.354228013630092
3.227192407036494 4.0384959607353075
-6.953993562100257 14.244505870620173
10.20910341067222 -5.115251633084458
-12.554497530597157 1.4643200710846642
14.223824324209584 11.682453444475733
-13.812411971525547 4.594228832508378
5.104733477512841 11.55405907144808
7.269242681260018 4.3917117791558224
-14.4736897478125 -13.510930428597236
2.63030937037993 -7.793455512651163
3.631294979621714 -5.7887986329234025
6.44449237284649 9.378798836303051
2.3182462597832334 11.920024518450592
7.105089412741474 -1.5134315169077865
-1.9539316265334268 11.191602723701674
8.046040672044196 -7.380728706008638
-14.079491210419794 -11.441739554147421
4.391018434744943 14.774194121302962
-2.2090758542552926 3.854487084746033
2.1594174686259606 -2.1559950121243006
-13.194446887179497 -4.895153281505642
-0.22510412912832223 -11.616901570497744
12.810318296031692 -12.88899928566325
1.519982356300872 13.206768280289385
-8.83823711838859 12.029773020926946
-4.335823417505049 -12.239079369296881
14.231073867231286 7.475483775028028
2.9292850645655726 -6.076889430364439
9.289416165291357 -10.605477329990169
2.908652168835637 4.421652880558973
-10.666551066507504 -14.75102736342116
0.7585629925017816 7.513931761921846
7.412045135119136 -14.825960235805605
-1.1705135447946766 -9.74948623612068
6.230744495357548 -8.624103079990249
6.591708351230395 13.836090921848516
0.9813721208958661 10.836491701043801
7.134960530079251 -10.85819062077682
-2.3062586157786917 6.877509718357114
-13.775943934128426 9.980094124326374
-12.213645155769887 12.381703339651526
3.9955126421734732 -3.4110158677126883
1.6173065426461903 -3.5249460201569818
1.2055060545438394 10.738983205556174
-7.207684518813387 11.060141900140312
-11.711878229575811 12.207667277558258
-7.3203522339261795 12.885517517772929
1.2716673615382597 -9.928411038618261
1.1685169804557276 -11.116333563664597
4.026323378236874 -11.528238453102253
-0.04417988849858823 8.14353016278853
0.5018413816604212 12.441107406554444
13.65050347297619 1.0122027717137532
-4.635985413255494 1.7206506625186329
-7.188402855499443 -3.56193411411863
11.196731093925283 -9.961995178618036
0.006826831152091373 -4.623320669299009
-1.5605833228900963 -10.473632019332978
-7.0334004076276635 -3.6761540896228353
11.017004299743633 -6.229378878977656
-14.754604949173366 12.282793984342291
0.9131569327227762 -4.192196099209982
-5.4952348495314425 -12.689687928465155
6.410273376039825 -11.4509395666167
-7.447155249392584 1.4470325812014693
13.543837681788435 -13.183073847592684
11.95286145359952 6.277187687794246
5.194076738790205 -9.401054800172723
-3.5716835301223764 10.185189006410532
5.399694166871246 -8.34152500850495
13.207442344355666 13.376516494498507
-9.669404230254965 -14.629629088958534
-3.4340639653752056 5.560713790098557
-3.035837382415883 7.145116635798281
-4.446162032966415 4.426274072193209
-10.063703933351507 1.3219130598336726
-14.769700519173831 -11.722087927408985
-12.464838855175426 1.839643649743568
14.314385912635405 -14.129884126990495
6.600283183932259 4.790247367584753
-5.204132252358955 -14.29255125147716
-9.541074627588321 1.8231890808369684
-7.4201793243566625 -13.054152045013154
-11.734890247359282 -0.4581290137024183
5.3007385214337255 -2.941827769341055
-3.0794614844423442 0.520000528077114
-0.244053851912998 -7.254461233554876
3.9061344679105794 -14.460782008487385
-9.172504470598764 -11.186420098514056
-10.872712628798364 -11.241049293901028
-14.607126036330246 10.136399562227368
8.665199257862994 13.12123714932794
-4.060819868527064 9.50314537396028
2.879546121241262 0.6177150222783645
1.7162047952104977 0.572024413908629
4.118667700130075 -5.960424532007371
-11.418823090609102 1.8743371919331224
-1.9301275840489023 8.365883232456685
12.249415885563366 -10.825355501537196
10.47177175965576 -3.9695305136764745
3.875285770006613 -9.834056335086641
11.568582837799559 2.3012008606339385
-2.41808175742106 9.525539554036804
-13.645925742864252 -0.019838266227040435
-6.4714240188500725 3.4695539098925323
-13.01901002736891 12.995915759417443
8.098274427516003 11.608056508181633
-11.93012426504737 -0.09982800408254633
-0.3424578914524208 -2.1782888849412014
-1.5750177106243175 -13.131805847018903
0.7452774897304906 -14.342368294259666
0.9949173594272285 12.705028575055827
-12.014152340806461 0.6295717634252203
7.672079491654477 3.992407876783134
-13.141152202256293 -5.831104978489105
14.788329541779209 -3.831045808145447
-11.653651321283975 13.35731582214499
8.965844645223468 5.418864017831851
13.471177658055627 -8.274229541107825
11.622843421007758 -5.925594720365924
-11.931974116270931 -11.203815620800498
5.954719068756567 -3.5756673415529807
8.976696999876907 12.893746224225591
-9.03946102136468 14.476545645482084
-6.895495483786711 -14.196487870635998
-13.84630348812636 -12.596232975759886
-9.307070966483797 -9.121649473991512
3.519478975596396 -3.0662614606753493
-0.27902146153333973 11.576689116994796
-1.041956946429833 8.168225460399555
0.8224365151366904 -5.87255664655356
11.678390315832594 -12.316825648651271
12.730890377313024 -9.909754598960784
7.493810370571627 -12.178303654583722
-10.712618610582258 11.879381388839377
-13.718000251610198 -0.41342641192704654
10.903728551332932 -14.516778140736633
-14.235502511270067 7.847418041998406
-0.8344976562359214 14.824016130835517
4.841899714438533 -10.545620402837065
-3.95252788290332 -8.286963506338394
-7.557095177439107 -12.541428826349717
-7.377938454141571 -2.1861106335751805
9.12007712902999 -11.995538349038544
11.728217757149153 -4.807252685604475
-4.67609446010041 14.596595997470867
-3.036416606909288 -8.270549128856139
8.988080244413617 13.395693988749095
-6.9062578994032116 13.525632179949078
-6.719508303234722 2.1106185044818844
9.487971295903405 4.850711752715289
2.7724628443130364 3.1292768489833307
-1.1923580861060081 3.0993729344008685
-1.3667197488360543 2.074725021138928
-11.482141766016154 -12.942238469611075
-12.632768175186794 3.3059806488101087
-12.388055245623823 -3.8321692478923755
6.552234840101008 -7.049430286243172
-8.026000136487703 -11.86904131323758
-2.1278148784588584 6.758663445771088
-7.421324194194399 12.426565765517712
9.799766299444308 11.700663707904425
2.2906966924076144 -9.247574174959663
-2.3937563266641533 2.2381218038323105
4.3709936953764235 14.20774828606346
7.630410104828254 6.800744988063785
-4.935805838468443 -9.170456773314198
10.926393826763839 -8.440973723372778
-0.9064236161227903 -3.7463282297030815
-5.686490883649881 3.0062568528608047
-9.08846164977741 -2.315706158204
-12.793677173591904 -0.2920014743281847
-14.962661054491198 4.879474088261244
-11.781047369298708 -10.786208076727242
13.107304928118108 4.212910271032343
0.7357559678258045 -0.2973629154401536
-9.234389214243926 -11.619859322854417
-0.6595428243468255 -0.6431047065094457
8.761193783439499 -10.519811664754595
6.647887935620442 -14.372855858463346
8.36145010058835 0.10059319776871511
6.4756108135051775 -12.550677197148747
9.99388601735827 4.831840332347116
4.856298521403108 11.745457691401885
-14.562882310927394 -12.390633245047493
-14.100944756325664 -7.100209504913895
4.358727929832664 14.975558587944732
-7.041932998827024 -5.870764721955332
-12.299770606484921 -9.267249965689919
-0.26690660843778424 -3.3382541153709973
10.959667515820634 14.071505210985993
-12.79852341404836 -8.2357694988356
2.114438795719611 0.8885209673584988
-1.425760145251747 -8.32544890840709
9.447167793839427 12.929881280978186
-4.148220215668523 -9.97775824840705
15.9904121388526 2.807098824160023
13.686987603001946 1.4173112220208899
8.56002726454512 12.60683802892974
-8.356198445002509 0.3843734808301189
-3.757783919232926 1.1198026462435742
10.638545570993763 14.486290984737487
7.456926526655582 -10.217734166015777
10.644030789401876 6.011201141053709
-9.982949794904375 -9.845964579124235
8.364524497587869 13.627954672578003
-8.664574013699271 -11.693929624250353
5.453209196010459 -8.191988820234481
5.027640592299495 -10.81516606097452
-2.9807771012790543 3.615873916848294
-1.358541123717579 11.699255442151681
1.506211351517731 11.327821326627024
4.880658597386681 -8.33962165094431
7.681649191425102 11.986834113343534
1.3907123563310577 -2.7499554560648303
6.473571854360198 -0.7234069792678763
-7.9905701319540965 -8.410297944364125
4.556799968874536 -10.876794869021925
1.1641119686574903 -5.038965898603461
-4.476318509403738 11.350939874845537
7.021621871026472 14.069219298302787
8.885873731709793 -13.976080052901517
-2.062004625293911 9.89751492016212
8.969609068452446 3.727759815606
1.46813856023482 13.602919446480747
0.15083735753272975 11.845073912746372
3.7003795839594886 -14.279889702494474
11.266952303682423 -3.6827254245153824
8.344930953189184 8.068587876579413
-12.84977847035647 2.5255790707674954
0.9373692246838665 13.734346988562837
0.9406687928490545 -13.23376191604284
4.370513637330497 9.81159840337807
-3.943186786958572 12.377650134021788
11.612835131849902 -4.663240977302708
-6.104431765877365 11.850616958039332
10.733916223477095 11.48685279383313
-9.728694356094094 -2.755107540322138
1.1979711780160116 -2.2244981902345877
11.465785465380275 -9.331616010319838
11.765308081094197 -3.1802019295179136
-5.249648797507586 -12.687751121606647
-12.841573236025436 -0.31531949647575175
14.111138254897728 -13.106967972304947
5.863023175949714 9.810005261750181
11.710796313126377 -11.946436228418108
1.3815664847430433 6.686173211131205
-0.9974718505070292 -4.252625025648369
-4.119713298767294 12.968781411115575
-2.355787995736943 -10.22804802357193
-10.3877507757616 13.823544248205828
13.266830447344223 -12.884033036015383
10.694887869853087 -9.932731567823488
-14.771500108061112 -11.266893236576081
8.179910314003614 -10.2714295842726
6.738527847562555 -14.492671841882673
11.48213266349887 -12.3493715472176
13.400988910949852 11.048265016697236
11.918651480198065 0.03048816949420452
-11.2892368169062 11.958792812900544
-0.14474304218212808 -9.605814527004206
-1.6379875409966864 9.212604070031816
4.117119062320278 -8.908050120312549
-12.440736827444084 -5.813680382011308
-7.829874697012431 -9.860042024875153
-0.06751534725356656 -12.774995400670967
-12.93976645590287 -6.789741052112769
-8.87723406297788 -9.322477421525969
4.179823371031073 -4.419094242927208
-4.370899217238488 8.249749308587422
6.220742015946982 11.630668406955465
-1.6201024302400118 -8.255743979564535
-14.389449018053453 14.545200034060507
6.7160980005072695 14.748499784503093
6.717495731053756 -13.836199073926075
2.0809792138831895 9.38306189386816
6.607433391554885 9.64355056505903
13.649745254794801 -10.793007122423166
-0.6093409265953209 -5.930235696774135
1.2114509294714217 -1.6571499192183978
-2.18291733229616 -7.8481758679828415
-12.529846445262187 14.150674441479428
13.24514894487087 11.79924242722685
5.326150340081728 9.022241030177995
-14.717273069539049 -6.536305387085422
-4.167943584531601 10.557954502769402
-5.148708483606168 6.101852178441096
-4.165092391874049 4.718941502507263
-7.922055394218969 -3.4830537991140558
-3.9597074269969763 -13.783143686931554
14.296756786686549 1.1722743517900076
-3.80297630473504 10.405720357844778
-2.173654493325376 -6.929813942170732
-12.9751662237218 14.059150396372868
-11.51591406599356 0.4341023001012658
8.217972706490414 -3.51172443509674
-1.3781715351945039 14.314581498765126
0.018462838079104316 -1.294095737370288
-10.124125456188882 11.675446774565955
3.3250901283496646 14.648389267096622
-6.162066943039919 12.125552170345479
-13.955703246575496 14.972333429104982
5.815135888552991 -13.555494665327013
1.5052425215020087 13.787151094145283
2.2542386344910668 -0.4798192218230195
-8.672647099275764 -3.1426207066808804
17.441115906913826 0.5420190755366789
11.607632284373068 -12.856533225326483
5.14446698966076 -12.931731399542615
-4.513212192326822 3.016898632857007
-1.1720860650387426 -6.387316104694969
12.639557048512362 -8.921861019285716
-4.64611362669153 5.904772883553228
-5.095332355373081 12.443970875739474
4.590743487590785 -6.692169034476295
-10.044492295471564 0.5799308235792608
13.4819127630552 6.8251539015270275
-8.937279994108787 -2.9062823939472544
11.961211772941118 9.001947889400384
6.126497338438806 -1.7100287301561714
4.624251539033011 -6.445036904346891
7.385929981508159 1.794367065231942
2.0737749824930845 7.540757057049571
8.181283638150592 -3.657349261718453
-7.173623390443908 1.1487248395515302
-7.206211930099079 -11.432585572221099
6.6020566651263906 9.550530513113237
-1.1271366497014572 11.169710445734193
-7.957612046666057 7.414609967477359
-3.0446705899822852 6.212388204228052
9.128773697386094 14.851718137045111
-5.5523040745675 13.341583077834137
4.926826650664754 -11.159781594058778
0.46686928287853746 12.50140487225341
-12.98742465107723 12.996584083670289
10.876592464664139 14.519658758261485
-2.3747301135153904 1.852192033366162
2.292930879240032 -13.650141805721477
-3.1477668624748976 5.435008729010107
13.464093344674572 3.691685824041151
8.665711150493166 -8.452984436716147
15.218532203280141 3.6378697576507557
9.129984102244624 11.663637530190229
4.870353961654949 11.857080713730966
3.4351173898581244 -1.0403898819294337
-0.7904260034855177 -12.617518859838633
15.746589622377478 -0.4795239409261818
-6.172915556004924 0.9921960591263286
14.375233725534393 -10.497590858250469
10.782497317302527 7.404853650803636
2.3139273070004656 13.040002201936883
-13.632614202565861 -0.37667675128616906
10.778609093991806 5.470281319267692
5.320203686009091 9.382469263147044
-8.729368535085346 5.89593732886113
10.962206000863471 -8.72191658871831
-4.661969003793018 -14.48025903959148
6.312882328685724 11.0622013303125
12.533275929054675 1.6344990543596942
-9.749473675884051 -13.469023361135346
-9.230336396826823 -9.873736612758897
-7.296061832289292 0.8100116464122316
-3.1411033484030035 -5.915611383618929
3.005979753788502 3.986232650867219
-14.18877205461839 -13.635173861611804
-4.7531772965747585 -11.268577645525271
10.148586662499333 6.360654505527779
-3.476178726519235 10.423187965272469
1.1393150716156235 1.4531555977059192
6.475236791536499 -12.15667500892339
13.706840474908095 -5.169030854843141
1.7734473088246077 14.692143182081711
3.7173126564950962 10.935291991777863
-8.11035026209956 -10.097090243987816
11.089902631171263 13.497428956307488
0.8561094519592078 -0.6351477278217086
-7.696421554248137 -9.136223605728
2.6399034580417826 -14.073711835897079
14.111607574428312 -2.926883487389887
-0.670560776550289 2.9182301615236312
-13.677013133291567 -14.678917902251996
-4.354021800002144 -10.861879795403834
-1.6571142446659284 10.730529012756836
11.979073925149851 -10.47436695391061
-12.881758180173676 -13.157272871971324
12.64132046398596 -14.738594303528512
3.4255577499838097 12.456170989421594
-4.919384339768159 -5.4349100979956235
14.471411302807375 -6.888142789833239
-7.370511359777979 13.748748584892077
2.0283930859006034 4.555222023152609
-10.17014895079232 5.964933199808096
-9.414995147957326 4.9840031285081805
-14.71542128833637 -11.03413107460147
2.206084766738101 -4.748016333189547
-3.2512403530078586 6.164264031002876
6.513834891986157 -13.305073859113659
-1.4784873620617045 -8.086090512232488
8.51469509605019 -10.701843272980781
-0.38615665725198767 -8.20818423749424
9.130585163024705 -0.887275555833444
5.606444025832733 7.375083133476343
12.536172513983075 -5.948648417358655
1.973977986232594 7.422489286563369
12.323576780360092 -13.690004339237857
-0.5620614933474783 -13.519794644046627
3.846700634584611 -9.866068580775075
-14.392260036706372 -12.066574872897668
6.877041888291128 -9.885819721569026
3.4080273496083535 -2.8905823846545964
-11.234432995305246 13.625353219575846
6.8351203524747675 4.966550082441914
2.2796338408675396 7.538529154364873
-6.498524599513008 13.379157159162723
9.072428224709068 -10.59596101694196
4.99721802786749 -3.065518206856032
4.451702026857237 13.805221354399805
-7.346463714728661 -3.7150340327933367
9.882702021841801 -6.214005041288962
-3.3245260069097657 -5.384626657321061
-5.025568975243873 -7.919499065704972
-4.8692439799886795 -12.996077255058195
4.253493098471957 1.8342919949619692
7.584319903966726 -4.8775108142591215
2.8419916753760113 0.7347992462376123
-5.302288096219126 3.592345057766842
2.8211083453778834 10.17455447622347
-14.830870832659391 13.569577396974854
3.1465480249982214 -13.158001125339226
-0.3224398390389087 12.917068564768197
-6.872642477328657 -13.634886554671356
-14.387238430400695 -12.328206510782572
12.469244392523233 6.292630190156201
-2.5734209005176893 7.127253797188761
-10.45711432079993 5.064145057472336
7.273253312420085 14.113540035219813
-9.674596205105903 -11.575289723558306
-9.766523222882311 2.0173471513822463
-4.29837705871161 14.832838790446917
-2.48420006111907 8.014592372992166
-9.134490368496856 7.982428088938748
7.085772979724894 -3.3134551793875264
-0.951935197443678 -0.9831259698233605
-3.308515651808289 1.601949593027193
-12.424374980825252 -4.8655580063053865
6.824473602379264 -9.703256261827601
-6.403145206745313 -14.237157055697715
-3.6099405420081645 11.122445695190056
-6.625254162713656 -9.21945348089865
13.726634271943226 -11.305135907147447
8.160460506712589 10.489935530222489
7.336249927845927 -0.1326903601668441
-7.519367871021113 -13.174215566836319
-10.907492156497568 7.633836134807856
-0.8856699835853838 1.892436780352849
11.339196157195296 -4.338764668363238
13.430264258717472 -6.5585222187807695
-6.2828545371381885 13.285403865012242
-10.42942627245649 -7.645372942995603
12.733129816375897 -11.677583330929263
4.204704027199217 -5.04877637239913
-14.737305745747735 4.664034157575788
5.408182654114171 -8.903504846873222
-14.2150126712069 -5.993915052376931
-1.921409832310431 8.400544809950219
-11.935758488037628 2.2541397558786116
-6.388444729980508 -12.973294020944238
3.930387782856119 13.899797412069017
-8.57312534618115 -1.1986862864160033
10.578539490782656 -3.308606666670981
-2.0138178057855924 -14.66730355288541
0.814652821889787 -13.155228603085892
-1.7232612079311984 -2.0996509106319756
-8.791568925542345 14.33670698501335
-13.740480142403971 1.1727545876732535
5.900244396631777 -6.1563719155682275
-7.448589700492339 -7.679402861770574
-13.530726843998421 10.215182599433064
7.303588107697408 -11.98733594677556
5.266239623453323 -8.770785069410024
14.02317764236947 2.9726469386834093
1.8735275944433845 10.589395284052312
1.5283008618864535 -7.579012478678472
8.622152777840874 -11.485234371512375
-5.028329178122739 10.564382481879942
-14.904303425776991 11.312722149377034
1.9961799624019854 -1.9642570779050441
3.432823917499224 7.4900883420286135
12.525960163487657 -8.769442011738164
-0.8810999266506307 6.683209361237125
-13.03342728103146 -6.342974107241794
0.932858792258541 11.85068571877959
0.5235046329719282 6.129961985423101
-8.368021343050728 -6.00853150888801
-4.698279398030161 12.57790453090275
-14.066465247364617 -0.6814993835180623
3.292107553338422 -4.570210824011578
-9.641094321225168 -10.20809813527201
-4.25732242961354 3.5134688441268764
0.11249509307715932 -10.266551625739089
13.043884418911293 -4.207267993746873
-0.25899334055220535 4.828388423482458
-7.405207631616974 -9.824402173430855
-10.027606166030848 -7.931947654887955
3.0195988044287425 -14.053408671755424
-9.68580897686067 13.059190061150055
6.914936919827916 -14.312976465816137
6.867776003718596 -0.38524335594797066
-9.625643204136155 1.5713877310153066
-1.7062959295877924 11.035557408950481
-14.054464524315131 9.454536441967633
-2.0934152147158365 -2.259142737783165
-3.599875446953707 -8.97034882042158
5.668968736423615 -1.9234906136881236
-0.2917155155747082 -4.332609038229116
-3.4779067923071985 10.049472720779718
9.546795445364005 0.18952152910111408
11.003824804703367 -7.2235508767200844
3.6779860116118357 6.835471248885991
4.3163399888794665 -11.444719442776425
-2.1085959062974418 2.0879315511457968
-14.29150978809301 -5.416236017956651
1.8783198020458087 -3.5983457338200537
-11.243447170326588 -6.923709251309514
5.569124527647212 -11.358649642030562
-6.5190278322496304 -8.787762120144862
-0.5806234005889994 4.754828232404197
-9.006682004639597 -12.176013472037063
-11.45382633569833 -14.84210175568869
3.0306977996882978 -11.44518059089439
6.664066593011906 -5.558997649164851
-6.106713188102562 4.023503960117662
5.406708453487099 -4.225447542876523
7.340663612557268 12.277750129536948
-3.965939112114839 10.507233046554322
11.355128375917612 -1.931396854617125
-14.426942164835083 -5.384244893419499
0.862143227537489 0.3549346832760172
0.34320952542079297 -0.04042838457701059
-2.753818826748036 -1.2021052786769477
13.077772729669672 -12.049578167723286
-6.3056995096763675 12.136258684207423
1.882818169408612 -0.554218945919926
2.9944307200951066 -13.882220643307852
5.354455338573658 8.950911141844454
-11.68284706138311 5.4626020373026565
7.090094301242466 -6.42938067276441
-12.564244205499783 -5.539197504176382
6.841067807172088 -11.33340315279796
-5.089932797248222 -10.160386252546957
3.3639890905740657 -9.034622999746585
0.5400330857494104 -7.556514822660073
3.9652909418480355 -10.110854868315048
1.4144820224835186 -6.119174344601607
4.037877445140264 -4.431692670326218
1.806316265476699 7.6807144281280095
12.039466514509538 6.1136480876173
-9.030741558853531 0.4255439927476008
-4.683312233502111 3.498936976256566
-2.2257953985070458 -7.663562875202357
-2.8990792060836217 -5.940870735613867
-14.419740777319213 -7.445157031055928
-0.016380346766077025 -8.33330598344029
2.0796400561373325 3.0785922219410757
3.7357797884984834 -6.526834925451098
-3.948865704165069 -7.476581085981849
-14.513050353346046 -5.038507127914324
7.139638332369558 5.067591140872249
11.392406720492023 -7.646575856074862
-2.490653806591105 -10.601936059547269
-12.4638103031406 1.2167538407254739
-6.908128375931614 -12.197898302860676
1.2058423944934695 11.212724733284599
-7.008615030721959 1.410342158633135
-13.546765875273405 0.48926164364155866
-0.8265584285393164 10.31335826360165
13.767154272660186 -4.5609225282557375
2.4562822420240096 -7.830186197963322
13.813417971977046 -11.02293208674864
7.0890481030148855 -13.350703318217391
-2.883630564882088 2.502112564324797
5.695253350373942 12.394074621279643
5.8627401703877275 -1.0407092798025097
7.534048026342781 13.208204707440121
9.399093411879292 -13.634722636069254
-10.262501988168058 11.819513391073109
-10.013486254174678 -12.816310624992841
7.236635903023625 12.390711211080504
-12.585522491415706 -9.769167780334506
-14.486083361293948 8.784066527918856
-1.3810851341732384 -2.317972210723344
-4.873365395894112 1.5999024916334257
0.6249959421099511 -14.673789150951762
2.6030104015567836 5.2482671912277965
-13.221535172505302 -10.156527108797103
-14.815139380297698 -12.693886286149562
7.0345148481645765 -5.395389156256176
-10.235832981103535 12.488872055635227
-3.752218480601803 4.596935896161263
7.1534919835735025 6.273856273379856
-1.5672143092024147 13.902886650004763
1.9689979166829623 -13.4176103340006
10.823860278254841 4.36241864205814
-11.542663917383708 14.75245559705062
0.9902588911710062 -14.515746969478688
-9.09497196475571 -3.375469314333044
-11.108278186445459 -14.175295889829162
-6.200097384974281 -8.206167430794356
10.382428080316828 -9.516774455576034
4.455311795391751 -10.111443814535544
12.93732782242466 -10.062360132433568
0.49243272350870804 12.132088855799338
2.4239507504777507 10.881911800527398
3.194963582500506 -1.0546580825452345
-4.765458004046586 -12.561687661586014
3.5844359495566565 -8.761265698313679
6.154194650477358 12.419604055324992
7.930685833892049 -8.473979281195078
13.802035184590267 -7.106146640718288
14.513085076850714 10.723472534917555
9.747822513950815 -11.565887599065492
6.585925915208016 -6.19979415490509
1.2110945775756505 4.973956989492077
4.93443731458245 -9.13949108176481
1.2291789794312997 -14.145068280332419
4.236168093660893 11.027116600690192
-12.094018004966754 13.016494720846563
7.484256053071473 -13.832107739455289
5.050086941246061 1.401274935309317
6.410320571844721 -10.431107609028011
-12.578918895158514 3.2089900797720894
-13.093749719034204 13.29322022953987
-0.16878004536853553 6.558919985968345
13.272840905794894 5.4653379075043915
1.0619935187844582 12.957489281763333
8.062957975339089 -14.310558556975415
-5.783785228124058 -13.017420497046592
3.8268947178141204 -4.79554627290735
-2.560187822697099 -12.588565864106378
-2.744397385185815 -11.085373112426264
7.6382582380278805 -2.1761195697491544
-2.1683374899225285 -0.1520811533922668
-12.850300409819457 10.40006654301298
10.73453670410111 12.799610263762556
-10.412863917909352 -14.551729309897503
-2.372963326042793 -7.519398715708374
-4.904583515929739 -8.927740577730876
1.9314116873662712 7.265315838704414
-12.622770173841854 -14.089953817563428
1.2054434728863654 -13.159240657304943
-7.517155081354683 1.302157197752372
0.5970245961538438 -8.308866090075746
5.188015166978889 -5.46310473889614
13.862293790343326 -2.997253069575615
1.2001926820309308 9.09954826511482
12.51920700448525 -6.944171891775641
-1.3534386893388657 -5.167942540692865
-2.560855605775311 -12.331737253259446
4.032235473148543 -10.69228348575241
2.049758021068371 3.13800151115473
-6.770950035895273 -8.290523838707731
-8.99450502085069 1.5934712149567467
-0.045799596042659374 -0.6946051211261164
7.891682050585581 4.5143842471993025
-3.5458845836698654 -9.813417202618224
14.787409913899925 -10.990489686154394
-14.451905857143899 8.208628818368659
3.0678275746495736 -9.026158933806993
11.833069265823816 -8.49211759469358
9.440691464806608 -1.6581014965555383
-11.991311298301838 7.701057892188897
1.9921264875178828 -5.786088584895438
3.8531225401898794 7.4875945834731645
0.45182613150914896 -0.6340765214305826
-11.634991006370177 -7.247605356282483
-1.7597125102662634 9.677805723038762
0.8944147733703147 -14.183375679339553
-7.029079462447014 -8.969713289055512
-9.715628843466149 -8.134502284912163
2.3298780585321914 4.7958429843032455
-9.230157499649419 -8.866092398329997
14.865734793742295 10.938816307002778
-0.04394518606104825 -14.48763762164412
1.2186156437104643 8.997096971131768
-7.919469770075887 13.362099244982172
13.347423043319074 6.8521675005740725
-10.34217509166303 7.330025877529133
6.969860940499235 14.165099468420507
-0.4415284416869536 13.606525154560305
-2.9555095453331486 6.364643292979039
-14.200755686312547 -14.95008244827004
-3.022886145121536 14.342488936287072
12.957638268482267 -10.282121266103974
0.6141909908893091 9.699033374319605
9.307072387180412 -2.4224916000630596
-8.058178910167419 9.577880181837516
-12.824019670896622 1.9570156922580324
-2.0937710472562188 -11.541367737091319
-0.49113195759037076 -12.989304171705365
11.458307934129131 -10.88772777174281
-10.624568998335434 1.706406414859181
6.473748272772063 -14.391872056018387
-14.60976106679141 9.618947841026568
5.902063801772169 -12.237349924874088
-14.3234601413974 1.4652704609545708
-12.04170661195585 -8.815822802443623
-10.288724972756352 6.50723000173723
4.7560312894927534 -0.557413692434741
-7.875020522412674 2.8122781349502084
-13.221692412450155 1.2743458854404466
10.141465174135757 -1.263247730653319
-5.866063066698414 9.392307163598023
6.361555699976545 5.370505912571018
-3.411468825989777 -11.696014318162607
-2.1627265021583746 3.1037620590431985
-7.4256869428617085 -4.519650402256078
-0.09648747460679274 -4.990994831703659
-2.982779057688818 1.3555615675154975
-5.311037727665539 14.689538941686152
-5.199666958861126 6.114657491601388
2.8294205454034156 5.983408827875984
1.2167043731995797 -10.361691633923881
-14.511037593921703 12.875786614131094
12.077550302083157 7.596111972484659
-6.565666007625156 13.328025248373812
-12.363273021465915 0.6490460796202555
-9.851679749623301 12.291710107157424
-3.022489971750913 8.326349683281801
10.740729899314402 -2.7027803173514897
8.566546426903816 -5.323312669458783
11.378855581877243 -4.799778201278816
2.1475224699012543 -5.34996840910587
1.769262028434465 -6.25287464160397
3.777834391460633 -4.013145684098676
6.8198964133127085 -9.265557208926388
8.085785560072361 3.9127371298707767
-13.020130972098219 -3.343145691272378
-6.909147913285645 -8.803840899849073
-6.882095955025241 -8.917666723738462
-5.461953683064522 2.310289553539434
-3.434511658915424 -11.583091567951794
-11.862544002358883 -11.990612939709283
-13.269591142359793 -6.9860070847163005
-14.131060964044476 -11.559672303390755
0.49981482198255733 7.651625878670345
7.797192605402721 -11.803922837843634
10.8421363138336 5.880723312788323
-0.13344719444062036 10.934901089254112
9.88648362339741 -1.8138782197482008
9.79469584564595 -14.59763448551274
2.458326791039344 -9.393830057853506
-7.952386023905963 -4.569547610577906
7.042038636524243 -14.553389008778106
-1.5583896654537792 -4.983043076281788
-5.875019649988339 10.917344014296532
9.921176406781452 -7.710504341565887
6.620596740978787 4.603835217990038
-2.2864784368283164 10.84138598610998
-2.3452104852767857 4.178249060661948
-10.698378859628196 5.807154940800228
-4.824279403722667 9.229820613461865
4.036814698926239 9.880837220319645
10.826337983553735 -8.289161929598837
0.3363219507006594 -1.1879775004992368
2.032148401444971 4.9539372552581185
-6.292768846486673 13.822678310373771
-12.647531526407027 3.213304697796552
-8.561383831760459 -12.97707554297564
-4.694903093594057 4.767347502605084
8.499275901850911 -9.227928468104135
-0.6453212412399338 -4.272317008116817
-1.087010460115593 -0.20849680069886922
13.927280203038386 -8.894178635585906
8.956651154862598 -2.7386697002548424
-13.023647840414759 14.919437828527116
3.9110714021243034 7.690820998955761
4.143363931936644 9.412861409845753
9.161772302755976 5.137405795853562
0.16670206505479612 -8.61842263893741
12.423152110536423 -0.3512466629675486
6.116310200222724 12.883651287200102
8.404570774423032 -7.137987660967118
0.7348900968301706 13.527300656197394
7.665946224816146 11.831910922225848
3.256939420048589 7.528603907838864
-14.867662991730993 11.021831070934027
-2.914995064188469 -2.72227060390626
0.5435159619340677 -13.344735811875642
-1.0510601962717452 13.138324089809092
5.159308622492119 1.0562883606696118
-9.676706466966703 -6.247100766487785
10.06348783877828 -4.7321942851015155
-9.939360294938474 -13.321715991662733
7.6012323856353845 -0.3822237243504336
11.755846220810263 2.635972606251009
6.415517552883699 11.00632671390057
6.2661470143312314 -0.42519366462568264
-1.1413964801823528 13.664989652245058
-0.4880815508553855 -13.173834207630122
2.393919350321024 2.966841140946606
14.973538086476061 10.260841619212155
13.432566141541951 13.545050602530704
-0.2607353073361569 12.819159757080858
-11.032458196548399 8.03859693665529
6.724626158859049 -5.895241560477377
0.7686979389872093 13.323943114183066
0.10528549488167727 0.2987802770059709
10.842141194449482 -4.806505068487374
-11.692165324377576 13.98815198823527
-1.5482376656030308 1.9322107675959046
5.3161740157330435 10.784669858550444
-2.1806329902096184 -7.740780519360207
12.433664398484925 -8.270699376938811
11.19236781609203 -6.369127262030771
6.504600064740906 -3.5164192669245313
-10.300054898490803 7.883026489985506
7.770121318576393 -11.786099643297884
0.2504979340652831 -6.5760058663434435
13.609229870563755 -11.875368253303153
-13.150368074440108 -13.51403742422944
-3.850453511633436 9.630886338531429
1.7190607446766712 -14.283477540541277
14.25325957180079 -13.533916078367291
-2.9348049978774764 6.187530308238607
-14.817409651854112 14.007957865521153
0.8452095427921904 -14.436794355935271
-8.4129135868805 8.152194132562325
-11.76150913137846 -14.957338989792625
12.374518300701041 -2.594779471663349
-0.7599525896010899 8.361291476255907
13.626402478744485 -14.207284992769777
-0.4538478417662404 -13.884115376077881
-14.145761481785112 -12.936391113024914
8.2075278605808 10.934767659911564
7.777708080063984 -2.1109207639060372
7.483051601673509 5.505731185488101
4.70929728769519 11.944497764278406
-13.218138452336106 -7.646904618489011
2.2318054832676744 11.974825346959818
-14.748759986823162 9.550810329400985
-14.677225862622183 -11.977864468296982
-1.550476746278754 3.096311853783252
2.853802900124297 10.215963779405161
-5.263522061823254 13.218599677693184
3.907029157594806 -3.158103914572189
-4.140672573332617 -9.324559347696557
5.809238187382828 -9.136603846612738
-5.970553912659279 -9.53607126441765
-5.045095508311794 -2.910902203148445
-7.9418725884373815 -3.4706858406731618
-1.6328287271711712 11.400989158698842
10.617058897904286 -14.445024055971462
-8.751492767499148 -2.969814536527391
6.3589495387892505 -8.52206804830022
-2.1940519798629854 -8.324909644547478
-0.7526558781275696 -0.9035822559000248
-0.46395517248499196 -10.771263080788405
-12.266241069254853 -9.031296909375477
-3.688251075667134 -10.482263361316473
8.822545201211383 -13.073508390413316
3.6408894620389916 -3.07102537684864
5.017341973079887 -4.405528232024283
-0.3839108442594146 5.3504105665011785
-0.215676111994906 -0.7694933204854504
-4.423334026614365 1.9966411712982222
-0.7527992766232341 7.306148353375345
-2.22074805176862 -14.618984644968426
-14.18077452538564 -3.918769388064611
8.084128724411077 -8.864322357389918
-8.3670986308118 6.058770336469305
11.458193987615292 -2.1018660162219795
9.810341606934553 13.781337368285637
-0.7608757348196313 -5.574979238325849
-7.975560513128739 14.199973382818364
12.322904199578819 6.564841952380431
3.657040669848307 -3.1217902904392965
9.540468532164862 -10.186677838765045
2.7426305531637816 -4.3458299815992305
-8.37174301041626 -3.743453582623636
-0.32263447559265934 -11.042663042976752
7.585788391381239 11.53080606674181
5.089992591850578 8.672562913720938
-11.033925768950876 -9.330825233128756
-13.945687046163874 -1.2524965059656559
-6.891650541392156 -12.405408232035203
-12.823375020911499 1.9154765363784705
-13.997748397638752 -12.770137672680871
-5.995918210984046 -8.652723129821076
3.849673045319843 8.412766455514603
11.449776243897563 -4.868166577221476
14.121293974759094 -9.2563542569793
-14.771687234259744 -0.4595556167354431
-3.302614654204403 14.005329009925955
-14.4087828070011 -2.407484993987495
8.777307346610504 6.593624137233561
4.335784392300457 2.1165324086498636
-1.7514907450734487 -13.664722744564306
-4.912814446901216 11.084852436606102
1.0484234970376143 9.279760124845506
-11.167724578520685 -14.656298357766191
-11.194876587411667 14.230993890017544
-5.995890917934949 -10.72913631263078
8.376980461447161 -10.459054844964317
5.98649688317753 8.906694955717413
-5.211615251313894 2.336584961195836
6.4094192745948675 -7.413129469514113
-3.2132806408851966 5.0930832095920735
3.118837111940369 5.61056148875479
-11.2969504954841 -7.343125379895347
0.37108797862171095 14.143517257998642
-11.469148661967754 13.787060668053456
-0.7711315966754153 2.7238225683831736
2.91520163032553 -12.773864567800818
13.542878389177005 -4.506891997303933
-2.1478425778180394 -4.483722078972194
0.3018375957460542 1.8805649769225639
3.7138482163112627 3.007292383486355
14.7229567287426 0.9927700508886022
-5.696871924078117 4.624419008937348
9.041658483023948 -6.615057720390421
-11.376615628432777 2.405895771352771
13.329864436388696 -12.849260362847485
-1.1220376169568382 -11.550769877481033
-3.7437038955484763 -10.81037456558186
3.509711370439579 -9.230837780289491
6.718752805029281 2.3109168738465846
11.6480077956749 -7.536806468762251
10.368685554702477 5.157322365188845
-12.248745885287537 -1.497700980073466
-5.457386139980329 0.6553979691618821
-0.04796367109939048 9.267524905445462
-2.8959873880141878 7.06834663328776
-12.610381210255763 -3.4512402259241632
-11.11762742222298 -12.264060245377614
-9.953026923191043 6.634016807376481
8.079097303750409 -6.968051107429723
6.090427813424377 -10.762630296137878
-0.801484833244734 -1.8502656290320765
2.7723608867323364 -12.860905116057996
-10.282309744093961 0.13641560112887063
7.462569973320548 11.238936628894098
-13.922635403789073 -10.162958860507203
-7.768641965010517 -13.834043906682417
-8.269836198530163 8.882491183107502
5.788937925091535 -0.05458497042005028
-4.266831142944522 -13.375394039583195
-2.8793946464800353 10.498867642511769
-4.603639384840383 -8.78910051006871
3.06692819564606 -8.915822446814326
-13.156400762981217 -5.909166838089938
-12.35472749284918 -11.10333799976394
-9.11932237746875 -5.1992219289316335
-14.19788818959458 -12.659520129521537
5.661227045674448 -10.483027872941463
9.100734662249122 2.9584969881249954
-0.9643667516362804 -11.68117530581893
-3.777481321925789 -6.809221172296207
5.255234492832518 10.904061073543751
-10.457390957750915 8.512660941689996
-3.561452803536131 3.874323121610491
10.274954189578803 12.076537972505179
10.676018546013585 8.066558746388635
14.94847703438473 -10.174617989412836
4.830502273402843 -2.0752410694314616
9.06379727477428 -4.604126530505193
-3.409673589270323 0.5890215132244965
2.8252596478950984 -10.62453269055105
7.045497497033921 -11.771963274947023
-11.650139837245842 12.819590212394331
-6.308231587308198 -10.336861867886643
-10.90163896839941 -11.937955870335529
7.306748381959274 -8.71012054250562
2.0228595818456085 -11.694947269501187
-9.15440436989482 14.196175967851204
6.666011580708286 -8.156875318704403
-1.2376116020078847 5.46711689448691
-7.553862347858459 14.482994232203534
-5.552194318086727 -12.569023017162154
-4.178450207293311 13.824895276596223
0.6606646870550943 -5.755077797874389
-7.428717975634154 -12.006808252357786
0.9304788053706492 -11.623196924596282
-3.567310357079556 -12.950991874746276
-3.051302127274143 -13.760834480271507
-10.480883442755466 1.2027904273173107
-9.436752879779483 4.915592808021433
1.3395990750416154 7.502288253758909
10.966314716161833 -9.904585078406548
0.7466010051099108 -0.3402391513383911
4.689707087850749 -9.855911705004472
-11.186325447941293 11.46885000737565
11.574339964074193 1.3931041135896747
-2.442205002110171 -14.530213563415163
2.787659334289202 4.029561780804993
-14.845404344389728 -11.670081868213938
-3.974452561055479 6.2681745516921765
-5.842817777165211 14.979225871764843
-5.204892626654939 -12.904924388715001
2.227007368241029 13.479198326626062
14.786302150632057 -6.738629053728024
3.19712600135394 -5.274584161005567
-10.411244794380718 8.784426626341098
4.845565269554491 13.565718015248276
-1.296429436308614 8.532567547039235
-3.852371937319395 -9.30489895679986
-0.8417414397722425 3.840243643391158
9.97892599292447 -13.700686162755844
15.210155862547062 5.64145224141012
-1.3022133530664206 14.377167819630206
8.801630717619148 -5.2426263828849695
-1.4919682657804163 -1.1681838287546427
-1.785665901492493 -2.67225897922555
-13.807932634473573 -7.4899774894343265
-13.010711620725589 2.443278328467443
-9.100472406353312 0.9069551415284103
-8.930336721753513 2.317379250275401
-10.801275164575287 1.5336209065553739
13.827403970491922 -8.904622935003019
-5.2431557020710216 -10.059037637462694
6.896139029571302 12.069701045820686
10.73478199099338 -12.339583862741645
-4.957283002582349 -10.3626847304807
14.669198950068935 10.769843267857144
-0.0202759254499405 9.040035884604823
-14.45685964681814 -8.693874510014119
3.8645790380503726 12.601612691560316
-13.722820099477099 9.167271033034623
-2.022479054021961 1.7976241340525512
-6.6899321461280294 -7.807606432290368
12.838674443297318 -11.102289143457522
-4.86990334376314 1.1364516974142234
-1.7624754932685853 0.24288816328469132
1.125293414896401 -6.170024562602219
-5.1503279327797795 -12.695766416490756
-13.350742731928122 14.15590587605844
0.886928927718925 -10.940887671767484
-12.336078498841633 -4.1894316113721235
-3.727229058409433 9.547540479750285
6.217944901204913 14.72528601567707
1.9971314385060523 -14.194665285117825
0.47004653494059667 -12.783086429303488
-11.919433581803068 -11.365721271512927
-1.4125066333263732 4.854893410264182
3.6872131212234827 6.543779452434954
-9.180461935906951 -10.970263671693816
-10.724622811549525 -8.36900657593531
-2.0397066195040683 8.656148857620863
7.669351346925943 11.431683994417241
-1.6720722061410154 12.430515395063818
4.6075058660671075 13.678392656425128
8.488721303516943 -10.19964783833998
11.16232055744726 -5.62272783269105
-11.130359871836713 0.5972327425901582
-0.789781792134189 -1.6046741610556996
11.761704515016852 -7.637955214925595
-14.135569937760371 3.749794077132268
-13.178666183139416 -3.9799749051172792
14.079191853591237 -13.871337423668237
-11.82579902213472 -1.364172188688741
-9.534301057070666 11.63697290192281
11.15577142222071 -7.579971640749546
13.909474720602113 -11.609911914233432
13.217057784992072 -11.496197034944956
-5.267402945286619 2.140898267089746
2.47462591361975 1.624143971566184
1.2688503658789223 -11.972390297521901
-14.76219932629435 -0.9546004369739833
2.4041685574921026 10.923456897923458
13.621400632916679 -4.4298793276437305
-11.475959878330828 -11.403885491805802
4.270978649443311 -14.638010766637619
-0.9461795173302043 -14.977629983321725
8.314465196720295 -1.8837434974858205
9.650209136432359 -13.03316660458314
1.251999090651804 -12.996108344687999
-10.18320303355692 8.237578543786311
8.424853310374228 0.12301238418856109
0.4548613601119058 14.740185817419107
4.286081103199198 1.9484421448366902
8.665129681705611 12.737902958251478
6.5375562207574305 -8.543707813557354
-13.599489534159204 3.606414787101034
13.027318411253583 6.431676913966578
2.2907375083735957 3.507657094241928
16.001538796905315 4.063561544039006
2.731478645991359 2.8411485720307077
8.755951037353043 -10.043340847923275
-13.954329005170155 -9.405277979075521
3.183841594883564 9.149000904182405
13.839004284157419 11.472454395733344
7.592904688669574 -6.176039247006921
7.891519523296292 -5.843913525542607
2.988895387274116 -11.795146561205641
-7.243881047521401 12.724540708579802
-3.541934015570753 -14.110294192605062
0.7757607847282664 -2.0345899790571735
13.563142876956157 -9.6856208933143
-12.00530355928384 13.964667712776048
8.255484253606433 -3.2597585987521462
-13.422451358122805 -2.016766250127054
-0.049857045485202534 -0.873970414144619
1.6679909170317693 -7.30204477296242
-2.7074973378770597 -11.965369740627382
7.0000195076713645 9.923744964234787
1.0152671938635862 14.871072805707072
-0.6502193432771168 -13.449964607125889
-12.893018118498993 12.144633352745103
9.192379798593269 4.996616710043881
-2.887507641389883 1.660870057945985
-2.5218131770524526 -3.3780376631562685
4.357901259164432 -12.419203753647388
0.11305901823355846 1.3263739636780407
-4.420847537348726 6.161492208715625
-5.851331431998121 14.07758512530619
13.46641687873646 -3.9138025716556957
-8.230008774950068 -4.108045734066576
2.29947652274258 -10.82558836475042
-7.339839578329057 12.32821418896269
12.737592927265112 -3.6351646881875332
-11.609699300071323 1.901952605237831
4.264720768208758 -4.475073697560427
11.614935002000763 -4.985795721268763
-7.850359979332544 7.798162652452438
8.818466667123204 -3.987434532704267
12.67132556746672 -2.8277937977723226
11.40797017045151 -4.7447308690194525
2.0390860649004985 -7.798648906111851
0.9532460443426487 10.155193103737556
-0.029614608331211656 12.288652811578263
9.505220794757921 11.133126721850044
-12.151089203310276 12.915553838392135
-8.165038582900088 11.584786113653252
-10.958586174773096 14.224314091905683
-2.472096311493951 0.04423827430810867
12.46577051345006 -13.951490808516297
9.017863618215614 -13.899706076632397
-8.395944883073062 12.658563906972848
-6.398993441911909 11.85110714348756
-2.6402584497704 -6.650971323497641
11.367781742332046 12.423484232219831
12.37926887045868 -5.650238230266085
-5.154358883139745 5.691479529065312
-0.18905312830366583 0.263424165475195
1.5637652655271914 3.4154689557360527
11.192622019916971 14.744128141121024
-5.213201299899385 -10.22836527929617
-2.440689263209432 -11.994548198990561
-1.5259509208875137 -12.931519252434365
-3.061372001826669 13.212531875860577
3.1018796477000734 4.192852502742724
4.170164862743313 -14.457108125363716
-14.238362573486299 13.712444006924539
5.05985839835828 13.346865648889693
-13.039836196824213 -5.589455287325704
11.755762073356124 -8.927414245079122
-13.300615570097513 -10.44460928322393
-7.159159771728085 -10.12590502551931
13.175195624227024 4.149339800389285
3.3824823259623678 -12.621941253649348
-0.3992961172610947 11.970494873470699
9.66520973941843 -13.392711809820067
-0.01711176319742158 -10.080145058036958
-3.7817285110441397 -8.41655913789009
-3.3235021356504078 5.6990801578866765
-1.2511282193337365 -12.037067855429902
3.165623373534306 -9.013289029141092
13.255166400223837 1.5391473541332832
2.786687228256632 -4.127240238105191
-11.43165066009562 12.591729360445171
-4.023841192212183 10.1169900096608
-2.5072305795208436 2.5230620688737275
3.5320373011178603 -14.770976150000184
13.928270668532274 -10.2663284245407
-3.8328862573106033 -12.144559744242198
14.924773832297198 -14.063042221915344
7.302756289283824 -2.8288211689213085
11.57514331129547 14.18424759690583
14.849587779438128 12.72721052962267
-13.343922274845161 -1.4140203547687946
-14.428515439734863 -7.724128433281469
5.543347639165287 -10.362208908412281
-2.7133646427898768 9.143900253066501
-4.951295797405145 13.925102079250138
2.7550547347083487 0.6618064248341078
-11.447069701267273 -7.5500786908877
-9.856783213742302 12.52410911050897
-1.6340364860526861 -9.473713808573928
-0.39800677771729376 -9.607709388709262
-3.049858217652771 -12.02660876002684
13.369377423832493 -11.077321772730269
3.0318827648353732 1.71412456746123
-7.196529875761934 -9.773402168443063
-1.9476913384853205 5.701449725652456
3.0078397660497806 -10.765854848729806
7.747151806429645 2.210688470186496
0.5777136675522048 8.589917808633466
0.9982694792850708 -2.8064969631273264
-2.1971370071126994 -2.969808781745103
1.719632243354777 13.221517619422755
-9.442109483058303 7.003777555707697
-10.810929259301853 -10.046098939195446
9.84473821292223 -1.4850860203202192
3.178728197837394 9.609134853024752
-7.599619286449454 -10.46415780484711
-5.439971407643146 0.8039058584500189
13.683878493036385 -0.42409401807332303
-12.96674041970532 -7.333065650372763
6.8246209635569635 -7.42955398118003
-6.046623140415985 -10.095550459925436
-1.4766619675329764 0.6912210633460365
0.5395083451370954 -4.571616922818308
7.744368482745301 -2.2510185532800513
-14.541906593352596 13.494364611842865
-3.0890260710329027 9.937582774233984
-4.948804644268826 -8.683071714146472
1.7285838219339382 -8.985829567254903
-1.5792443535818546 3.915408853495716
10.235606346889067 -9.765224035911054
9.072189056721705 8.266922554801841
2.1202445344312544 12.426585437558977
-4.287177375162889 -12.33383666856706
8.620647908585838 -11.735509469956712
-0.24590817364693152 -5.144303055249836
9.912795706510018 11.770944904638473
-7.975228619206697 13.88884784345305
1.2039117133405561 -2.1633110348478493
-0.503397289936391 9.080151821138315
-2.128189696349814 -0.3725882184251912
12.16844178985814 3.429657278820734
7.182166429573066 14.12129456523332
10.691711285765116 12.420077960289898
-6.006095882945727 0.41171427064314337
9.66162626768337 -9.338486681598516
-0.5306132932358736 13.472964795237804
15.253589389214223 3.919009341995534
-5.2472773630785365 4.76071353393014
2.3576241518237424 11.073788051918353
2.1026690684330624 13.796366801275617
-8.8448211806562 -4.752282203906825
13.904565124556367 3.2886084264003728
11.4980039769078 12.389327886120412
14.397102512724643 3.130339151002331
4.512364224261638 -10.712324533929703
6.094039522941767 0.04017999874842104
8.778905836228496 -1.2845585162144886
-12.11482544652348 -0.9335173710134743
-11.2416659948871 -8.762886954661933
-1.43083894571145 5.066377760083078
4.645580828383871 -0.44278604054621695
-14.851520145816249 1.1434133321937772
-10.148050149965036 6.969369683611983
-6.122619143957591 14.870885043547332
1.7883616896210128 13.037714619435398
5.082856487300283 -0.718831502672213
8.539066466339843 -2.2455752944423804
5.849567404411292 -2.2942716177716385
0.703518039971053 8.071791218621826
14.686125905247359 -11.227059235197785
9.028059987268861 -5.643446896124235
6.017172835916256 -8.431223275512426
-12.614564198750543 8.549675645317084
3.6737250357570552 10.969551741810484
3.2551079081657193 -4.356077770819947
-4.577502707837649 11.576354897720606
1.8850494047697453 -7.053469467216461
10.105347586556299 -13.435026269497394
9.877577354581636 -11.601580525720205
3.147015289667145 3.8234441511158295
4.643568181214963 -12.976804551416462
7.828881062716022 -13.900376308021356
14.03348050334084 -11.22969624461217
-0.8887946606831694 10.318251306188934
-4.427090377742745 7.1880385894030425
3.1884196487730456 13.927183953797094
-4.996941565681661 9.286155621790819
-11.589242310978152 -12.129013946087492
-7.105179244671895 -6.891164635759342
-3.520225677195077 13.741635418035901
14.56723209456726 -3.6578511589438065
-3.160698978385316 -14.898865983209626
12.648251636860888 -6.840161070677954
1.3278490632855622 -13.63876290781411
3.742982405945952 1.7399077794067956
-3.026895147104307 13.82734852428062
-0.1477104894143384 -10.915847701931956
3.0559802439047665 6.568814432615213
11.265404637922964 6.053634128974062
-10.091413579995026 7.5183980503545875
8.610062852323527 -12.676395327113884
10.686487543543514 12.510172271119902
-4.921341883867283 14.082569593147724
0.7342564945489922 -2.1071032902044404
7.614884695095768 -8.404133413679315
7.905269319876194 -5.075272765267659
-11.986367986858468 -0.4747373701616677
5.392901685640343 14.938771119766844
-6.807637782784525 13.354141375167188
10.148722740333836 2.676343361625108
-3.1901536900735596 10.023497097006778
14.554050251230088 -7.634825348211857
-0.4387623785159054 -14.032057341441252
-13.08837805119142 -7.741171783424795
-6.160822723458082 -10.339403142273747
-10.252058580741668 6.281338701537218
-1.8125658222731023 12.798308089875434
12.151821130074104 -13.862619277605967
-0.25233352201252934 -10.021613680425695
14.335920289936574 3.628283264306872
16.214743227726807 2.9285046488178548
2.716448824245944 -5.7270008689920875
-2.2266493843447357 -3.757887636806373
-14.194008139421525 5.610100855725609
-1.5150206308192065 -3.4394470857957984
-7.216255743423114 -11.660945801228785
-1.6331925150483997 5.192662804284712
-5.952432615551704 -6.050993808255379
-0.3281276813017353 11.354897572796993
-13.50044748131748 -14.77010921350587
-1.9949666280224427 9.957852559801715
3.9113899620578927 -4.631497541176103
-2.457326798952584 -3.3326262171990546
-2.7788393308343213 -14.57305163956657
10.053821219907611 7.055736320884593
14.625872950229159 -8.706854398689325
0.3294711512471675 -0.40580466679462823
1.2449185782795027 -10.626598863622124
-1.0955115680137428 8.56571734549103
-3.3183775456517157 11.436476496026902
1.1495085972959913 12.649403140766506
7.882347877273812 -4.723341738755632
-14.597595960769961 5.547818692361407
14.358466127404322 4.386098772393089
1.2597257977508391 -12.940120757109913
6.9457914620144585 12.27798700046245
-1.9131330421466846 13.266633514777123
-14.335078103690961 1.7657184123182788
2.5752834982492736 -5.5981337700564655
-13.771416925658253 -10.97909443587039
-4.658063191894669 7.669797939645935
-12.484904318026487 14.095285915455786
11.020869640098347 5.5243284141169156
9.43564709456695 8.48707155555092
-12.862014365945065 -6.333216986113799
12.174206997745099 -3.31655127826396
-9.410346335002886 7.135477476048035
6.836746081238921 -2.024826214304799
-5.4015245457203935 0.5252019752931059
3.6548158934250985 -11.536188968956058
14.95066207411043 -13.861279364417454
-14.006363886592387 0.42900412631360396
7.895394263746958 -13.307455918825989
2.7040339482566083 14.247763232335636
2.2563138707803496 -6.0737284364547754
11.517985668337076 11.494225290185401
14.10924813388349 -11.503132797377573
-0.4281970847957357 -6.910291157060303
-8.671994364097358 8.450999584356547
0.07452038977892705 11.332143641281917
-11.754157789251822 -14.654031275941122
0.9804272103037519 8.143632678212938
4.330998600091682 -5.198859705975247
0.17586770722085632 8.925988003601535
-0.9696497699704096 -5.896300039389777
-8.10788313652558 -12.33210541418717
12.968372705950774 2.013313105503437
1.8036740252356225 -13.587431142829907
12.791899215305929 9.825354367080928
8.488418717116051 -1.0360862587903839
-12.15684438872922 10.923105213652843
14.49249737103646 -13.700596176621026
-2.4582124595656687 8.526568616092593
-8.503145363037493 -2.273475278884221
11.647911609113368 6.843712842310849
9.621378625327125 6.6539738570201665
2.0131399943299115 -14.56873440192467
1.8622732213395494 -0.010502791659662947
-8.933333470697358 14.416312480424082
7.209059484196704 13.487092394185225
-0.8828957434162596 3.3270123744105504
-0.7766841627469567 8.22121332872526
-13.862745735384292 13.48066984994594
-3.7004958844406914 -10.8546225793178
5.875600192288786 14.791201298536151
5.1967962241207815 -7.137048589716634
-7.334592453029737 14.849760768583241
7.293539232827122 -2.1944687451564544
-14.317116939099755 -4.391742493512856
-7.905443507272896 0.983184350669271
7.199293520163241 -8.083540925982708
10.00089305485001 -11.594198578678164
-13.330428869915682 -7.023139055812374
-9.330731556323578 1.7007687605130073
-14.826337674798197 -7.664597841812744
-5.639195735381012 0.30096945069483816
-13.030552494364732 -9.610841530198046
-10.15354410646215 -12.990271811296099
11.299276172846408 -4.802533259244159
14.043669947069573 1.8715356835994428
-7.2075249753542705 14.904794139800043
-0.2183585747974668 9.790381483727739
-13.375033542051945 -2.5264139774229672
16.080272356415065 1.5785928398772267
-14.657257673625189 -12.347445062470836
-1.6629798287722881 -5.374738690652771
-14.376421785895559 -5.0298667844887195
4.201508077335362 -12.929981137763269
-13.107212942580507 -12.499215867587841
5.429000907873636 14.949091078191419
10.376289016622362 -10.795305932842187
-3.9912935627110677 -9.806382555002887
-8.776543977322582 14.514396231979095
-10.77343967122842 12.695966716682225
1.8473285930022456 -9.614972757761565
13.82579515779417 0.29359268446462883
6.855500848186516 -11.374302305795197
-13.209036196737967 3.7304480830930586
-4.317246909012367 -9.92678656629122
0.6013124140063191 11.749041579953879
11.611307835562243 -2.907192712048033
13.04267049140157 13.470441891691806
-14.822161750309263 -9.879206687177161
6.555783445496136 -12.911262816307866
14.418403266270293 11.275471639253098
5.713668057333681 -11.510960569496586
6.317584434923887 -14.734116097731178
8.560361079516191 6.700159732161097
13.156234544340174 2.8011571127489723
10.63596165361729 4.245323455027301
8.512351380582231 -3.756170126721157
-12.405028950421721 5.140609543964855
2.219887192251228 7.2771604292226115
-1.907789645046174 12.438682386906024
13.249125057797407 -5.368372337386457
11.283470292101445 -7.731048633061053
13.411219310872635 6.372165257163618
6.248574905547841 9.890963557374757
9.378986751964092 -7.282368642018408
1.38314968683909 11.912178481401483
-0.5548849776321116 -0.8163317708404509
13.586572501358631 -4.337240446494338
-8.54219458784975 7.940517531214934
9.376095226246044 -4.683572195786542
-0.09384845712882495 0.4073546678845634
6.964487820092685 -3.156284356779441
7.860542160582578 2.750010786025737
-0.8874918480760172 3.5740787588020346
4.398385111023309 -13.777886885386643
-3.2683867492976706 7.6010686097173235
7.588919720907914 -5.257098851880892
-1.888743895402552 0.4070667956530869
3.855363755605712 13.456263921808823
-10.23668459452924 5.618564816132344
6.226200999502439 10.089003959612167
-5.290550675606795 -13.288746440666387
13.107639678030232 12.890241262221746
-3.3322348369102315 -1.117766983816768
2.084775736115091 -8.82769972582407
7.5892833188580795 -7.861198166093732
9.293821499573568 13.996157620190935
-0.5087366966726385 -13.180548995142154
10.956585178990945 14.692730009573935
-14.43768980732861 -3.625953650885368
8.131738930619512 11.226205192046155
-4.8814988989875605 10.534770894708721
12.168826496352715 -4.264969473222967
3.2775450845790637 -13.006573838351176
-14.879207246329841 2.430293708114032
-11.976633051752753 -6.077801826747075
-11.397689115894678 0.763500882810634
-1.7424522564313563 -10.366616309930475
-0.6023162757806553 -13.110320543346484
-5.2688917848417685 14.22575830778889
0.919131475386024 0.2677569287445962
-13.466438526525069 -1.9606859603001663
-0.2347812709107533 -13.567953315634165
-0.2340607617755257 4.98414824070807
-14.78207830523574 9.236712849913971
4.981735805657387 -3.4872610185223554
-7.32400350960043 12.610016538351196
-5.106878328237904 4.025277504206411
1.7707460791339038 10.10796811758956
-2.5164240435402814 -5.886342987584484
1.545646486109387 7.229273113838918
-14.325673731649937 -13.95311937621802
5.180546317912238 11.752593459006636
-14.513352523324109 -8.03409235388239
4.4290058492348265 -12.903521712455651
-11.278785053142766 1.7727274335995205
-13.185287808161068 0.506919036500749
5.379931881528606 1.0607110664633836
4.025247485338394 -5.683220016577749
9.018598969253535 -14.144093009810264
6.46621672373621 14.181026610190823
14.836760411888804 -9.451549702996331
2.181316485586404 -2.334720949325032
0.5957353882412004 -9.94477591032221
-5.811193895395013 -9.680268541522459
-9.302653779296463 6.788998363532047
10.014045073688493 4.439169553388462
-11.318523514573025 -11.596034384523858
8.76842871978275 -3.748356571491314
-11.66734850893319 12.80033310645361
4.585120946535387 -0.7751673782084847
-14.865447488591707 1.1024225883476824
5.809151860654744 -14.222607019615955
-13.316895866363518 -0.7979798267862854
-13.60242364752707 12.519504160358231
3.2793293611491983 10.80500559827631
0.5598428681237415 -14.226178909464139
-12.012227488206785 -7.095292445500637
14.435908825820182 -9.726655070395626
10.392549650270855 -13.026145235527792
3.621771531907857 -13.25512122606306
-3.2669388350085917 7.058475720228273
7.521936040862251 -8.363516875087448
4.275601829767314 11.8460926266163
-4.549440312101698 -10.161540877772287
-11.18974786898672 13.36608803915793
0.6714522512479331 -14.329834488315996
-5.934699599937382 10.981868376616397
8.955935345864603 14.971018038314561
-5.603663329945029 -13.987462973563298
6.515327767576103 14.668173848291929
-5.335285318069014 5.405837934574276
3.546941343184727 1.1929266342146079
-5.73948090467692 0.4178034214784372
9.671606570962354 -7.103538841111897
-4.922398982223347 4.81009065587158
3.9498990458171264 -6.115240030387671
-6.725811362884954 3.521841321921201
-5.861452656655287 -4.785391856314654
3.2198967336325275 10.424566871055802
0.8727592897855523 5.240463691544093
0.09351595568080562 4.674287375006045
3.2202321393210376 -9.592186296225792
5.476136475354135 -5.821497172381312
-14.763689110784362 2.9243779528167124
11.442961105823354 8.5105805207554
-4.336971906025369 13.054417224868441
4.083695100423281 10.66558688786381
13.882107723014816 -10.025681763074566
-6.576062662506082 -7.137510452247123
-11.163643048039715 8.614141958316011
8.142415448063488 -10.723089184610425
8.592608073513794 -8.015441565513497
-9.415603121108674 0.6760306897616513
2.6925902798829355 -12.490280119003899
0.4689679985779698 -0.4971173558733035
-12.366974002143726 7.974250229119676
3.5208925078157662 -7.315644531786962
15.368967124562198 -1.5071865228912138
-8.678791714172071 14.055349611653494
-13.448703923488443 -8.670870936748166
6.7369265016582816 -14.819524451915205
9.65534056353957 4.820870635304305
-1.5246450006442043 11.6717374717173
-14.398571785381899 -14.02644781686523
-14.567276253891011 5.336628894927024
-7.266309525534222 2.823109534221441
1.3759212509051082 3.0355989249384834
13.259844778696287 -7.58904894974978
4.031741413970234 7.313070054640814
-5.28571004511257 8.433643940625128
-14.760718774896787 7.633509729954103
12.517897620827908 2.9313535131279007
0.8955113403339627 -2.980996975403002
0.0200545699831558 6.244050543583196
14.123681952256966 -13.270060096177815
6.542805256628881 -7.907619001374206
2.4606201650340083 8.180438320007344
-2.7008145649106456 8.985626354977938
-2.6247127727824413 -5.96825414998907
3.680545893735907 7.97944308605874
5.723870319560646 0.9226857685354535
7.68074229175793 -10.42881247654969
-3.120605666932443 9.523296304076698
2.7553403909968885 -10.090918918979504
-9.325229734375695 -13.197288576989264
-5.328899822344301 -11.850308577634499
7.38843530728977 8.854459623276712
-14.400917641578593 -14.99454355533602
0.41861073324765563 -7.740977648100015
-14.392948775048254 -9.252355448493258
6.197443927710371 -9.453562640839793
1.2593804068542482 -4.236608126358789
1.6588589661636988 9.62401431973639
-10.128019077606123 12.89658852262124
8.10702090089611 4.280609372419065
12.442707088981695 -11.634786120772032
0.4531628265521839 -3.486997715888652
6.1028444113434155 0.7156836510638307
-12.866156618467475 -13.78620772511103
-3.163841610186486 6.425655929555354
0.7207574411073985 1.9527222581020354
3.6323963966008 7.137144306504524
10.366111987110266 12.700499502220417
-3.0325791670702156 -5.152943255072852
0.41619158594408745 4.107924505121446
4.669999218126925 13.458432165830551
1.0153037104512705 -0.681428655485588
13.185756526889975 7.907563147643026
1.3750777845933264 -4.851883379937295
6.647692512976157 -9.695163420101618
2.381425604822784 2.2260634500531538
3.2251931159760225 -6.854796646437482
-12.969588796240718 -9.356159348913124
14.191044222396098 0.4673294955095255
-13.01473923778747 -10.763281355249166
4.112809573332321 11.918225598838728
4.934320866453824 12.025317950554374
14.501208002314137 -10.426995737401267
0.9693872916891859 -3.1053643186186175
13.503521110589215 13.316718931726381
-14.063940546164721 -1.6627354818803148
-12.826545260480593 2.6197807481321504
-14.92658759072701 -11.954084763765156
-4.839157955099314 10.98044898365466
-8.196206272311969 -10.226291382962522
8.256429793568088 -9.378164904325512
-1.9681244404739147 -2.3090660846692863
5.525687750427043 -8.99814063159317
13.871291748589567 13.84208062271491
0.745037168223746 -5.431670819996432
2.9756483965675677 8.348834259843116
7.839208795564495 11.892646283738785
14.098059380191092 11.064303523155246
10.69066891720918 12.261291508836976
1.0984984645195226 -0.11898650106945396
-3.7640791140450744 -0.7175430379340302
10.673248450846485 6.863613411676581
5.404720817202559 -8.083114493617769
4.749668274114075 -9.778087205913875
-2.7863845397338114 10.453728382717856
4.444989754663943 0.6128425005123432
-13.471088842545969 -13.567320254731682
-12.035827298428394 1.2384986952620736
8.532525449596626 -7.18067140434877
6.6818851109778485 -14.116670562094033
6.733672155655132 -1.0813458556656244
-1.9997184786996716 -7.897314626188875
0.45806800159276584 -11.202294395360056
14.05535291306468 -14.203299430635068
10.467166087755263 -3.7447536282026572
1.5935623312026834 14.197089320364125
-14.171747658498337 -1.5412800533835345
-2.808734327215589 3.1402190105875007
-9.262766237749219 -14.966143976796571
-0.31497101641367387 -3.670448500747206
11.028319015560363 -2.7869886818342646
-5.966093106190835 -5.59718789479549
9.573314586835988 -0.3335727617001858
0.6217273178849307 4.112639877414129
-0.73149877398847 4.640868103098608
-12.80236579761158 -3.043615922308284
9.907642003922632 -1.3573091443612881
5.7206536149123615 -13.253051573046204
14.732774644356738 -3.735787470215005
1.0164745306639524 -3.2199199585574743
-8.739439936532754 12.900897905215501
-5.848800792901997 -9.5387103437257
-12.886460593661976 11.502501171453584
-1.7595280791119556 -2.2489691411261425
8.178430488190138 -9.483373234245693
-8.578073716693115 2.204846314518189
14.470312591059482 -10.70447034937817
13.89040936254116 -9.025807538991202
-13.865072262039117 0.1496864592938394
6.063972345706233 13.959318041428066
-13.670369973612303 -9.276983609143572
0.2747602911444442 -14.894912575499163
4.473717260481717 10.793430226620025
1.4600572588395941 -7.982560931631005
-4.197812002892004 -0.6277338690252527
-12.152407864795904 -11.532887530568678
4.487821060162517 7.699525330143409
-11.26061265025411 -6.896115248024474
-0.1620670537054938 -5.443204885847582
3.6977374284472226 -6.950248357956344
3.8394354644627136 -6.541659148741308
-13.943667929976302 -6.893812696749038
13.436082044513133 10.074474482534612
-1.4539801448812533 -8.820408593209375
2.4370875591342944 4.885207212053434
-3.8389013797104727 -7.276613507350447
4.229019416633015 -7.2880906574671
-0.22541272010045077 5.405857123791545
-3.2539410945423555 12.75857076662037
7.985618965831712 -5.875632536604064
-2.075905137834992 7.612444423753178
-3.8933266209034443 7.794190668016746
-7.004181571658047 -13.860735169314847
-2.237014756377331 -11.131843644793957
9.828545205659047 12.096499894268003
3.7498017781475994 2.123964182995877
-2.854414052218777 -4.938820466772697
-9.272758203707557 2.369130897382121
-12.030358635404161 1.2848930379462757
-7.444023547964634 12.427343107009602
6.535996549211472 -4.6605565360895636
-5.211982786967077 1.2405329049260523
2.720737553024648 -3.5678877428329088
10.205442713667466 -8.133462500283912
12.335292724540345 -9.374747770859905
-9.049760258469082 13.289209883582295
8.148614812892866 0.17802179496565174
11.789294960869238 11.509903448661689
2.3400996653158153 13.842053250249364
12.280520280771473 -10.121533093273529
-4.800181779287238 8.808848800466677
3.794672715514242 9.161569248908531
-2.4002264909209927 -10.926102688093284
5.780093501031676 -12.0531985761056
6.989689389375997 -6.787499648553762
2.2140101281486153 10.31933394660263
-0.26958440711888443 0.7374031008449897
2.2528421819719426 -11.459630329143238
-10.156136614810382 13.662449182744169
11.909340656847313 8.745418454048878
-5.146533226646184 7.988910444988296
9.464212746353358 -7.922989196144234
-9.750588548393596 12.0770969651334
-13.949998386472295 2.239156537731006
-7.61857105394681 12.256376399309005
14.398236412105874 -5.8116405052337505
-12.105271104729798 0.7955745783916246
14.27720432383439 -10.388001207968957
-2.910601394996741 11.911841187906415
-13.658853660904807 -10.61147773401187
6.057905518394822 -8.279638780013066
10.804049528439325 -1.58913407527238
10.841300105800027 13.61526161893087
11.213446037515386 14.53120059759074
-5.547859405050792 13.197048859692703
10.639343613108913 -2.629667760421505
5.003681879168383 13.038202123844187
11.288668608806063 -2.3767820584652686
-1.615450148733057 -0.4277046759820955
-9.092855353103143 14.013246900267188
-3.10224026769729 13.573420880128758
10.680538232261494 -4.138702124467903
6.43862588171131 0.6253813631145615
14.429886353087007 -11.931651538215
-13.773716332861254 11.627004194890525
9.503409301385318 -6.28907594532825
4.264246842664161 -7.330812396203924
5.048123800318297 -3.1934742036892665
9.02817062490568 5.0860254701971845
-14.438400567319853 12.946828204479843
2.3471320540664884 -9.498924484672102
11.411885420395215 13.662231580596725
7.865274070309717 13.507995112115477
-3.848766924348773 -0.8074353374851526
5.588742135302784 -13.366610293961255
-1.527237678458123 11.801748303848495
-10.721847852808239 -9.557232430978537
5.230534142979838 -9.391372361865326
-4.450671854990777 3.884918447041734
4.15443800192325 12.556466300574808
-7.157309004701398 -8.901704072707378
13.093348349078497 -3.3682530627480816
2.450609934876727 4.701748683694898
-8.461234994386434 -9.545558516801625
-9.89081958215774 12.477471464935569
-1.6329303287879036 12.244606131598509
-2.6795638399041177 2.7382881998019393
-11.27745971845996 -6.71752940077627
3.4729314050602547 9.255054040227986
-0.9127783450259646 -12.482476581531436
-2.987275165146553 -11.363605981691594
0.45669491076891156 3.706360322331932
-7.151717151779051 -6.5789772237150235
-9.799882335774496 13.22386965943669
13.898423697013502 -11.463635719560486
2.5245420300011574 13.20200464143722
-6.156935629471787 10.884825730233384
-6.085943298797023 -12.035362225266539
0.9888623826660989 2.5993458727198018
14.38161920907244 -8.483963317014986
10.886724101271891 -11.119975149761434
-10.419393277410252 13.915683671039357
-10.76052211221382 -10.501811182330613
16.134058534920996 1.464836974542763
-12.965265522128588 1.405598415874728
12.814986186813037 1.6257209782042186
4.5552885020814 -12.34334385109916
13.51388464020267 1.8831432572953908
9.068833213337243 -14.177421697311129
2.680690095380001 12.864301952950118
-5.596404135804278 -14.833912964041964
-13.798090146319225 -1.9162573846340507
-11.33814200225227 14.916989133732518
-8.573383260838813 -8.329753780377487
-1.1866844465941373 0.9305807450001335
-14.630320415076305 -5.01940444492155
-6.1257215169262835 12.520666668893455
-5.8667513483204345 4.408530167035508
-0.4858935801538049 -4.272116559045532
6.5796163254835704 10.510279632442188
-2.32795000563263 2.613578511358277
11.031052390443744 9.28195336557421
3.9437541263159623 12.790361685385275
7.765598859566683 12.57785236838405
4.755823518768558 -11.8010131405992
0.6619291139288705 -7.995105600610598
-6.638174946452233 -11.095709845254664
5.518810255829628 0.06432681545219054
-3.766046620139054 -7.250539327210159
9.367820456452208 11.797956617649543
-10.434619024039295 11.769073879756824
-13.663341959405466 0.2704255292814075
-9.199706916749166 8.537672218266524
11.88936529229763 -9.561948771481948
1.744804427089818 -4.258801291799696
-8.585676024243984 12.121993287376
8.474117117471394 14.018436262467471
-6.4799711169814564 12.244075366778397
-8.619393334593143 1.5309090627218076
-13.3686324765841 -6.705493315147736
7.81553455337902 9.792463681800616
14.776559749249948 -10.847843346209109
-9.859572669110655 1.3362069823702178
2.575562230323616 7.444689924435679
-12.178992345510945 13.316600240438348
-6.431177666814968 13.97069612064714
9.966946360382654 -4.485382606255527
-2.5070736719083175 5.347969008952891
-13.127176677141186 -14.414518217481527
9.098997799729492 0.9965024668259167
5.575027454762136 12.235434177994815
-9.703181773670543 -14.46458192042125
-0.7876917509254415 12.985132579897044
-11.30923120223124 0.6324874125128446
-5.314511936317203 -10.927716624379542
12.444254229159533 -7.117813383183832
10.734361706041152 -5.437306541566018
1.570261631438381 7.073583189518196
2.4059633822846784 9.162993666679192
-7.728623689834732 1.5242338438217082
-4.486149627916575 -0.24953138582634438
-9.731198905453606 12.283964584305249
8.783129836947015 -14.4740591685173
-4.91025045810513 4.545366325004181
-4.691498887865039 0.9446702242566136
5.320171843040537 -9.029625495685535
0.599532282550717 13.380177685733816
-9.318646031273596 -9.084712553361374
