2500 2 5
10.78909192378441 9.719780209880545
11.53162545980744 5.432584894888495
5.893591710482358 4.648618929597964
8.797154168366486 6.284748016445542
12.47176119185995 6.851929586038731
10.380688973174749 4.065527484459022
14.385652838502773 1.2904259453417486
0.6710511071409488 6.821928368392573
-10.926232631976088 5.9425472200651255
9.7206640822769 6.607495158212609
9.135294090785793 5.935035184968852
6.786660334470833 2.850937693642522
-7.665465142657802 -3.415925116125604
14.455737560777028 0.74697512301409
10.304157452581933 5.151975311710084
10.219811595948366 6.268562873067485
-8.402490854916142 5.784963594200291
-8.701397504646877 7.857789283123882
13.799316046976541 2.983968955453876
-8.672647099275764 -3.1426207066808804
12.157451247925826 0.7345239449920684
8.23213882587867 2.3778699214201637
12.088559880598309 6.693099032513932
10.360566111984989 6.332572214998177
13.013159060514411 3.070010812275524
-10.714355965703538 10.343805232408114
-7.75148235634154 7.864072358677743
-8.49026183295041 8.30872198012506
13.299301591312743 9.210698041501368
-6.283461417416076 11.114767034576218
12.913430192637621 -0.8259763447969268
-7.3320484420657115 -5.515676820109437
-8.224730738239723 -2.353205630627076
-11.496414263779089 4.307930336852143
-11.906763911984978 8.39117517012771
7.358332587736322 4.832573211130941
-7.748868075061089 4.837018317027507
-5.861452656655287 -4.785391856314654
10.277106388506228 6.940255033215115
-14.84523518503295 -10.121576966647266
-11.0536692698248 7.126187341410013
-7.276159249357024 -5.895663414870598
10.039615442005356 6.204158500655993
12.199107490383593 7.515247759780219
12.570386494360202 5.816355419579692
-8.35190241906933 -1.5813509062142224
-5.910072429015173 -0.09407189525421789
6.267867396771675 4.664726714575031
7.78851477639846 4.5503439077552805
10.837969114870617 5.664005893069605
-11.917663901853182 6.368173609057203
-13.174577793766145 6.0829895725241485
6.2691671081062355 6.186557936801547
-5.560896293053787 -4.034397241566587
13.672679220087804 5.057689522982809
12.701628066034889 12.712569331355283
5.199123905340453 -8.579346618240262
15.83331973753816 0.11386536682728376
7.751574434457974 6.454232414323501
16.146536733627766 1.3223038304474346
9.771707275690039 4.578689579146125
-9.213427347161735 5.255796501766843
-7.303273584458002 -3.8758889876710816
-7.247316609967962 -7.011543983592881
10.789530660312137 8.578977518822875
12.01534243885157 0.9468640893467446
7.797670867464401 3.8440762809488
10.286946233610344 8.537682185157424
-10.04938623958148 9.22676480773896
-6.896122023942293 -5.0812920514707365
-5.400066066127692 -3.2375744779695674
11.768739121173098 7.105153224944518
-8.286717025272317 -4.985023753271159
-10.422636710297411 9.855216112888984
11.04382989377 4.5957814336460645
8.019656082964303 3.97368142187477
13.772657026312842 0.9179196608492213
2.368519141126253 -0.35098937014735654
14.71516165037133 2.2429393720643924
-8.419793115178246 -1.5177804355711642
10.81799753949949 6.795125747251114
-6.251992130937655 -3.8049203870996378
13.163667222356349 2.268457299072516
-8.75814609774102 -5.022609723987216
16.143965583254694 1.736172009778611
-6.355094850603897 -1.8824386640844182
-10.490210849453 7.844333728810014
-9.544011162782809 -5.417064506076122
12.902416338815318 2.209158116951106
9.94655092165596 6.03112252358564
-9.636027817742127 -4.056651952284457
-9.426501614653404 7.821773858228216
10.507190486316166 3.8803134263608237
-5.815695440803527 -4.108836582661681
-10.05682729964908 -1.0639406039813957
-7.021618511327303 -4.635300269527745
12.027714822811852 7.960083945072424
8.966387581630523 2.0103251218522393
-0.8008656200504003 -1.504990527001489
13.002472969896793 7.360451704955554
-8.479801110886578 -7.014684801844794
14.005546954505546 -0.9274274947169268
-9.747989858145196 5.9580891599528085
9.67607024330591 5.138493942016044
13.3532276871886 2.451850107229145
14.615393755754917 1.7889302260994429
13.32071781847142 3.533183894253856
9.334287495197032 3.4870015260749363
-12.114828062787844 5.584265094498099
11.134294314887638 7.880756193919287
-7.448589700492339 -7.679402861770574
14.877833268833129 3.3355062228562646
12.301004893462837 3.682839212094892
-8.790262822902076 -3.7948660969901473
-10.31010717948187 2.503672186427057
-8.463215446783476 5.1107467315476285
-8.8448211806562 -4.752282203906825
-7.607439247392952 -5.197258368089914
11.65605429699198 9.048409762985406
-8.79170959898079 -5.695856760848833
7.439466421736423 6.353837685762058
7.799059270562725 6.646189866275661
13.421436284102422 0.6517495525757451
11.937833346944362 0.47280416741484244
9.246251503926544 6.629336317789305
9.346087268112834 8.866056626441347
12.125777173655532 3.6796785442548074
-7.347792660443632 -4.2163073677583816
-6.486967374341646 7.8068228386607235
10.660649326066125 -7.309908835347474
-8.208865974228335 -1.779083415805787
11.398828331508406 6.4382078629254025
12.92888443427216 5.527274772321022
-9.882004001393584 6.455544224330223
12.744757451726596 -0.19166789124676775
14.930126402006081 1.7180743227448814
7.474227368720731 5.6947812254684615
12.292882888870666 1.1367178381657463
13.681665605775235 7.316048195174099
-10.483567526748367 7.635059312149211
9.2879884432519 3.999788027670605
-8.431163882711319 7.085575939996902
10.976493073477506 7.663994792817859
6.51532449898853 8.128805676684513
10.67239973943153 6.323436553390638
12.262805592900618 2.379309029323183
6.997158460775729 5.816096663726754
-7.625046753263389 5.986996228070575
10.04246931179393 9.75970823833984
6.410787066285547 -2.217551663177984
-6.983041001291458 6.926019278535291
-8.379457338352807 5.8775561429301
13.65060251850503 4.738844325222344
8.405596853988486 5.428078893598725
14.730547480765551 2.5026843068303837
-12.428100243566861 -4.73418823977759
-7.525799932080025 -3.9495729042578387
11.80956638366562 11.245887638996056
-11.156489992501712 6.816395534324872
11.876114400012138 0.7658541963104555
-10.00913988007923 7.85758554979639
-9.779515202213451 8.769689077783257
-6.995654469896554 -2.897238454440031
10.282493124872383 9.733598449941576
14.528430588390012 0.7937950364336395
13.902957374788091 1.646550109194716
8.054514989953448 4.638844951819224
10.365705344828735 5.431921453583749
-9.534192889046826 -5.444855290147601
11.656351123062876 4.495011556111257
9.16246946116836 8.150300237590102
12.05561221438392 1.2776210666839327
14.041309402993392 1.0775223967588103
13.251691568260288 -13.306786565467652
-13.346066694094345 7.90307720010279
-8.013213403093683 -3.8475474493081165
6.051853062580124 5.881906763718424
-7.232848881549188 -2.874733957392876
8.463963979535508 7.346654790299764
13.920753891169822 -1.229320382743217
-8.903846298576399 9.631406386939641
11.529777735827611 6.925106233264208
13.567695686405463 6.338423489013052
13.513442350684658 4.041051333693619
9.049908368596633 4.11986833347554
10.026655544267392 8.353822622853546
17.00697168028381 4.080479219683447
7.54574955236088 4.412581689950136
11.217466931917036 2.5741965966861455
-9.84110815500565 9.258406624544547
-5.881000925119278 -4.454887828174082
-8.12010346670864 -4.3675138154244015
-7.840110440294409 -4.313379484582618
9.540949866900778 4.2986551308397605
10.136638872078949 5.689917625962224
8.942201893796447 5.963138418411199
-6.49753660766984 -3.4426662849926233
-7.328647985112287 6.0697859963459795
8.320705566774665 4.255719637119487
9.097695133544855 6.498110125551422
10.263475785166332 7.756234845894179
7.0048879980942775 3.3631508508684176
13.392371870617826 3.7547545774237503
11.277039307319574 6.480340884141599
13.786230686372779 1.2984720375158219
9.649547068127898 7.520081670461604
10.63592678555565 4.504907812065964
9.42763024824787 3.919749640029318
15.836811326834578 0.9482605346817627
14.475575741640041 2.712625481777599
14.431001224122367 1.19439154867551
8.837005490698553 5.2678852054069205
-6.116420121066932 -1.0612103750597313
11.206335678671126 6.2463697095074835
9.074726105292207 1.3705489994238707
14.016588460072711 2.1788269998849854
-7.580939202493659 -4.009530991045215
-8.294040022684447 -2.8533708745685136
8.38813039121391 5.684351550750582
-9.141387192974047 -4.50381030127901
9.266629963683782 4.527243822786775
-10.318384714871836 7.56297669512867
-11.114100252869482 5.978157859402181
9.993290358782762 3.6536121180677514
9.557478248784081 6.699285213625739
16.394916117194988 0.9893122686250495
11.865874773107752 1.129906315322816
13.368432785099793 0.40750750511722145
-9.515570816455172 -1.6297326518448392
12.921778362310526 1.3389690194278487
12.297979086159335 6.453403436018091
10.500888951963445 9.286776850970288
7.210910540429719 5.046105675456208
8.866044674291908 6.284723131508969
13.237345240399518 3.762813882352088
-6.490676797502109 -3.3603848282375988
7.93432449836553 5.712293423324251
9.790774019965788 8.79418288987304
-10.06478818665137 7.53485253382675
6.184037514626013 2.8041016921559025
12.7861813740617 9.442510302111211
-7.895926688369022 6.7102535899393105
-10.797682964296898 -7.094076662397349
5.692556284529395 5.021209687483007
-9.471295245786319 7.3226550066194624
11.572508677537638 6.936021010342001
9.65782266236494 8.913255533061479
12.783746875298458 2.532335432105875
0.9696771174860839 1.2230092840720914
10.440433195808678 5.811093041473286
6.938172445146643 5.302632167468113
-8.820524173941248 -3.2548557756134673
-7.521510243842118 -3.1765560213614448
8.139123023264684 8.550203852085573
-5.411208537070378 -1.9302153980456342
-8.685196489259642 6.390312823517032
13.776440945708664 9.208545295144592
7.360027652598209 4.772524319920897
-7.522400599375063 -2.102223741992385
7.985031182215349 5.412259138726391
13.333081274797848 8.568792674549872
-10.404427524698159 8.936091333003844
-9.667601682856178 8.519267189366907
8.471366084067885 8.298862412238513
-9.014900575567406 -3.9563312683130434
8.291843384499632 6.587529198053662
14.862978946646443 -0.02207715422676504
12.205618951322585 0.7969975971129619
-8.699147190542012 12.13017491324348
8.33911958645187 7.188652979049103
13.207209410215572 1.2751468380038529
12.953676403475939 0.24263163794611353
12.311776469879067 9.228504039714196
9.816099152479524 5.527681120295118
7.6067090566842825 4.499696942469489
8.800553145363915 6.7913067103226386
7.322204923761222 7.491523360605651
9.423054239143488 4.518552651436185
-6.363663045503003 -4.290071667535366
13.154860864119344 6.915627804131733
14.166844041474418 2.166202126759146
-10.470432259565456 8.990195849155999
12.30942560666282 -0.7217872275061139
12.345569759167109 0.9936167495949726
5.339154561980674 13.089033055908306
12.20671194369265 6.60906303957532
10.86438796717195 7.058184618862892
14.863911270704481 2.0740488586174957
14.553919075553424 4.756313972771956
10.004164409851652 6.634581408197782
-6.937410690308881 -3.207459350866584
13.23758236465963 8.356786127924869
13.540573074572254 4.040338345779135
5.798783727986739 3.4941881693238557
11.85611573074073 -1.4432815648005413
7.973651020194023 4.027247823885206
-6.509698433716375 -4.349459692303581
15.433834840544808 2.0088423838633633
-10.692910386805268 8.123256648393836
8.483170279307375 5.991115302141155
12.424749400796184 5.259805786450487
6.108544645751376 4.217411499983737
-8.712111856483316 -4.104969728399289
13.172842259392462 6.967751525750646
-3.698163473825799 -5.24511250073054
-8.383557730976577 7.383273211536616
9.824296072841056 5.479826711107068
12.44093140476277 7.903021893319781
10.512919333206202 5.856627934143107
10.811399414162167 6.8505888780484225
-5.42640657331766 -4.0614108406136324
-11.267251024215557 10.974289535930366
-11.860258813394086 4.3184401347634385
11.579725894511565 6.0426500409788755
-7.984046345682788 -3.684027699232943
-3.476246088865265 -13.696703573163994
9.969067893731868 6.461975080221574
-11.052743328842944 7.9389954930393465
14.94315563509683 0.954586364505072
7.4221916097409135 4.08626802086982
-9.095274496599709 8.105128749399588
13.80828381696069 6.8183547884147
9.74565518748569 6.639799905157698
7.164125694736349 9.222830941351319
-7.705044998381867 -4.1869377699493935
11.699706699331893 1.8210339110824496
-13.054747690388771 -10.315089267537541
-4.993592339050775 12.37091921586298
13.015758604249877 0.6809705790605165
-6.942435356424331 -6.087955689543101
-8.455001354726473 9.83274514350985
6.886083690032169 6.157509778865057
10.685031995325733 7.847361889613473
14.071941270440071 1.800650578138263
-9.423112722810005 9.710831269318156
13.401337291199223 3.231491615913055
14.0784340643374 11.058593037182195
14.05726682182645 3.4048151530621227
8.80493191598262 7.888927355741532
12.892513649985275 6.350797719635458
14.577174691528217 0.44714915096631347
8.37342260922825 8.02090994100377
11.399880106003415 1.6589743613146626
13.955474669268108 2.393015150319934
8.023460247796862 3.371494695408925
-10.438427017021557 -4.386141087456998
13.431675955864423 8.582727309893787
11.387145700915312 7.484714248249411
-9.45548577575792 3.625118459771655
12.105470401734902 8.024505320011938
6.982726274737786 5.808957094161068
-8.626134171208385 7.567350193410974
6.682482810777275 2.8820172493809526
11.473325594673417 3.627180475966771
8.57497105652469 3.3309781434464543
-11.148407327981886 6.158954957787404
-11.060606742440925 10.67132852975647
0.7868407868771374 11.030253478436585
-11.469268629285594 7.004546094729897
15.721392637263138 0.32159743533052065
14.288906308577998 3.018854316406765
14.578845995123398 2.3094748335069277
-10.077261710334007 7.46670455586664
13.015184052752952 6.984856505421106
8.750408224247824 2.96742368963511
-8.896835362779235 6.772431993071563
-7.640692867359573 8.568369652629674
14.981138931535881 6.525233513653542
7.589795515143754 6.637676565219769
9.486311448474686 5.315495424604431
-8.232300790359275 -2.820005995752025
6.206952491013929 -1.9244945835805858
11.778346764070992 6.811741411105251
10.954270211211812 8.949508169364341
-6.82602244561185 -1.94743390535449
15.60824514919222 1.0695968942020022
11.781738270120577 8.435175994590441
-7.1469166659388215 -1.363278581838689
6.369390602962465 9.028825619542662
-8.470076459692779 6.47291412730684
9.1944183794384 3.640341491657422
-5.696546357409704 6.499222296684459
7.33769900396611 5.399563412760475
12.023822755333846 8.440960061491772
-6.562800169776622 -3.0684930794815513
11.558234108857206 -5.139358891779425
13.285273901935387 0.8295730082412662
10.963244596832343 3.6136255100762176
11.766976262574932 1.9242167147483666
12.300483892152146 6.37632176996825
11.249441342974977 5.479889484262253
13.778994631370125 1.4773738884102832
-8.777166448894699 7.19449530633154
-8.309541050528871 6.883158430481064
-10.294927660291657 6.558982617301342
14.998531479027676 4.12558476378143
12.688906733694719 9.57569458999735
-9.72083962231082 7.626643368986649
15.567508604505107 2.136017121262703
13.175082738417982 6.869893570158621
13.389350802697379 3.543047534159176
16.147219617339093 1.861109291256971
-8.561452655064684 9.131006855778342
-6.686789293251726 -5.954869258259531
11.694457047267273 8.071024328112822
-9.608446563098289 -5.700202537109303
9.557741295708468 6.545227861317474
11.546835131399911 6.215884019321644
-5.952432615551704 -6.050993808255379
14.888014249324193 2.6090283923750786
3.0993701623187206 -3.7000729937210526
13.112039629255193 1.3533659323669744
7.346245865634521 6.203468142793177
10.102312453629118 -7.493898784014178
-11.643746463118896 6.312417272766596
6.312981694163868 4.9031481584784204
-7.525240532171444 6.107550940710876
-9.922759097994621 7.082005244668988
-6.348063445784335 -6.335931883374542
6.84276988124701 6.903642213944813
8.492029071807307 6.040594514013668
-9.146978287365457 -6.498134993230151
11.648600741545797 6.917281423670158
10.713600745165074 7.904426843537012
-8.318278422199628 -5.815521485906443
7.540722688560857 4.490898021935751
-10.606021674382495 6.869834306403336
-5.607539710491426 -2.766525948386904
9.417217443907896 5.802027191993562
9.01018942622733 4.449131394542734
9.984978521974819 5.728369533287271
6.289083090551393 5.393262663366406
-11.623904229861013 7.631420457489739
6.012493094624298 4.971637540501269
9.286804478772762 2.514799238278759
9.524360625600755 2.8969102464874648
-9.676706466966703 -6.247100766487785
8.504382891512428 6.262766711781939
-8.559542961027894 -5.072511602578551
15.788605311680804 3.705275020403066
-8.503145363037493 -2.273475278884221
-10.896178580585744 7.1572116916811686
-9.02008394431123 6.031488156357946
-10.549151803334437 -2.307470054950174
9.175337918150607 7.279729373947508
14.228272492132099 1.6137557092502097
-6.465968876814356 -5.740030689652537
16.176090139731016 2.0927452457561895
-10.974412469466825 8.00520973946165
11.541254765777865 6.82510698293523
-7.318595177565066 -2.733926434938838
14.937822420161654 3.7416921419318343
2.7815675335226224 2.070339229859009
-9.686445460603757 -6.88475053694922
9.69989878738557 7.333176954216585
-5.229769438777448 -4.563728412049435
13.608381138788678 4.21887584204695
10.5014323076308 5.725785996998573
-10.006851465673378 5.944754100996377
-6.533158465497056 -2.428666959022231
-11.02437831410694 6.887295827114641
-7.456534220968808 -1.9755009083373074
-8.937279994108787 -2.9062823939472544
-8.713780453319254 9.240950476339007
-9.539068561218802 8.46626325497161
16.44856179036706 2.4806281401043466
-10.029300657736092 14.225721444791642
-4.933570339905224 -3.0715678260779553
-10.64995242603269 5.511684295518849
-11.99169009496682 5.9254551134376054
5.550325089126927 4.692248845047315
-11.01342288913362 -2.620911018117087
-10.9841842771169 10.21705001348213
8.012977696587948 1.9422662092268452
8.938729209469727 6.820488741296707
-8.304726412962946 -6.1331694047229
11.089202418414093 6.203787135854334
-5.220680310101221 -4.3771358481861915
-9.072144382834233 -3.6852102357185923
11.655025903334051 2.4640223578845237
-6.488052255892246 6.189152869867993
14.08013320567091 1.3466811170776003
12.785640288436596 4.808840257766636
10.491492247926683 6.48625992453637
-10.969286059171976 4.734449586866576
8.348580430668836 9.189161090760171
10.674423551125306 6.324579743974924
11.005486462250913 9.194098747605596
15.815106145223348 1.577488882482405
-11.549796376254593 4.955863849858249
-11.854679219771722 8.810160960799081
9.84159468295458 6.569788233402753
12.304468973031948 -1.1876063689688117
11.912808398767499 6.669473753089428
10.701709634590099 -8.16729388367321
-9.608361684143961 6.569084203982953
-8.165604035273912 7.041314374781441
12.55776087118185 0.17978031659023852
8.533885931574183 3.958227431546162
15.325760481846636 3.641011620369766
-9.435222818798872 8.001881115744093
-7.27110229313297 -3.4758367929094636
-7.095740822532623 -6.899140624175393
11.857331530116504 2.1095328776183773
-7.488558344233285 5.320056248668199
14.94512135714815 3.0744510828867515
8.881097878989038 7.622729699744845
-10.63160001599214 3.789705326202408
13.020973964633955 5.247376582390897
-8.30782931140983 7.0379212827959945
-6.626690925761678 -5.482849238591529
11.203041930173542 7.804640124201073
13.625445542045084 1.4585861603282777
12.432690945344465 3.5867379370216366
-9.927657821310675 6.54047264604849
-9.538257127988725 7.922077175257518
7.74319163918036 3.719180445713465
12.254542077457423 6.471085824321451
-6.793542035673032 -0.5421293122748958
7.44936203658188 4.333653995663057
-2.716843457867208 -9.730600721796577
-6.830769034289704 -3.2904527696560013
15.934390192184148 -0.21743111176138097
-5.698084108666555 -4.796487162853977
-8.08445905811802 -6.52414610008252
14.692927432257665 3.4182485777790115
-8.764096131353018 7.652405053996141
9.136754164808158 5.497657676729628
15.407278849518265 -1.2389676640982858
13.19450179048491 4.67560146488579
10.159255498555487 6.317001155484768
9.770994402381278 4.417533558141254
6.24658193308645 -13.51078178518535
-8.546469304783805 5.359849342326278
11.257150688375164 6.526781004649024
9.588126079945429 5.052379793889884
11.730861863010333 0.003779325853243698
11.57697921640139 5.613042551813403
13.120472679407223 8.217048531437916
12.826722868025866 2.897016691126977
14.96874177646051 -0.06406865353705182
-7.636904696745212 -2.8113110810983546
8.49922434557029 3.6648480201837703
13.952159369549834 1.9830357009530317
15.074502191147264 0.3835114611493704
-8.356198445002509 0.3843734808301189
5.636394417621199 2.7937979504844392
13.594051711292233 2.2226025942337593
15.749108338859756 3.3921397901702726
-8.602823808545843 5.579348858441556
-10.423572982401039 7.5295468801693275
-8.928459168488121 5.098686243358657
-8.433785053888418 7.479434051506536
12.26884168725011 6.7188644250596035
-6.801363911283526 -2.973116533510752
11.029092501101823 3.2735027343693384
-10.880916879177473 13.757996233254282
11.655512227417232 7.928461206471111
10.854240063426898 4.974108029132399
8.454340176607783 7.496888201602573
11.346452197498474 6.434917763919396
7.924177698237309 6.8523761546312
12.096551663975886 8.225663332566942
-9.203011198920946 9.238758154693462
9.439056635125121 7.9627961869650115
-10.46521007125825 6.7618907221048214
13.522711630111758 10.012541813763555
9.020693132087507 3.894836562587752
11.277593346632925 7.043548898259793
9.149148039293891 6.416631367407405
14.185265897493403 2.3868730338177
-10.856860840016683 8.699845266946085
-10.916691968930838 5.894034827866358
11.080754221504456 -0.779173660796622
12.711412440651548 7.344435108129212
-10.457026233287943 -1.371997717278366
15.356062873521505 0.36887213479883796
10.155221919927186 8.365537744514016
-7.887449696274514 -5.362236328023744
-9.434213436541802 6.428604189903295
13.386074617150676 2.3249739807210417
-7.465358230549507 -2.375984221385259
14.901106974265543 -0.7165667044154356
8.32333513551059 3.943078129626997
8.4953724804504 5.457065272013331
13.039701184859274 3.636204548053197
-9.061057940282915 6.710367864573469
-6.274077688280197 -2.7274724108164525
10.916861950940772 7.631041837503291
12.102838212560691 6.527728204237364
10.198522237067365 6.839248667690967
9.410426354179315 6.4744466513727135
15.266302158433435 2.3569618819362934
9.955732817228592 7.505191031901769
13.437000526350218 2.362130242233491
-7.469613116537871 -1.2090693717443277
-7.038082261059044 -3.941060559704437
11.02432512947931 1.235682877718017
11.344691873815599 -1.9904388520626028
-9.958515205496795 -3.429489845969569
15.059833350300917 -0.15997699964732992
-8.888825189995705 6.837787211711543
11.882446646989864 3.15999578840338
-9.696038936135794 6.346736318200264
-1.0528341136162673 1.807017112839624
-8.230008774950068 -4.108045734066576
12.63278541650974 8.895987734312726
11.832834732428047 7.6600258630667994
-7.483428096226782 -3.8591550230040643
-8.692152688648761 -5.783619418005933
-8.85449811646525 -3.8308284212560664
-6.792595886338667 9.092434797480918
-8.034787102774654 -4.006264134778112
8.743789884462261 5.579891034819862
-8.063004698621782 -2.0390048825623563
-9.069374077022685 7.300545471967739
9.426016694406679 10.068344368259424
-7.561258982151771 -7.7802190824544795
14.045319928566737 3.7265310773459803
-7.662852496916924 -0.579737639532858
-8.59490112136504 5.360229021053052
6.991786086472184 6.340688667163582
13.968909006502756 2.638537577667649
11.347107474821584 6.925817148710363
11.901698588503923 7.349657803769955
-10.43534881213463 -4.374641431871502
11.916051394837888 6.7635618491466705
-7.479424311343094 -5.4255265857162005
8.374554437857288 6.130413301617933
12.491981168547886 1.0818018945388328
-8.816038633562888 8.887956160540163
8.400985662650724 6.556101176173435
11.81125135397382 0.10705183151268671
-9.481110622721742 7.060050958487088
-7.81419102459074 -4.245649736002298
8.439556344497074 6.133754826714886
14.760483509450928 -7.275394520519875
11.36760940023142 7.209842698932711
9.365984228278808 1.2334851972531524
-11.047954260534532 6.975430717924706
-11.119047124162424 7.343080625307162
12.606986377276236 5.862455307006099
9.26481477506951 6.742334397825046
12.425048326056437 3.2623830963242026
13.097579157940244 5.290562577619006
14.62796574411673 2.0689681569288174
12.286199570212307 8.97228716863196
-9.392106481644216 8.209960897977563
8.590438753439113 5.617991411156466
-7.964598845476747 -4.267898127682996
5.779694461749958 -6.2220853528245215
12.728045926628315 7.360670824300572
9.129844155463655 8.055436699184321
11.979143546354171 7.755205401344643
10.130304543748295 3.2714989070160034
12.889422230469808 1.9798879081380811
-6.663695091587949 8.366798493827602
12.090764727967695 6.103497126873963
-8.19365160074026 -4.816643990293602
-5.056330111094187 -4.494493911179951
7.748577890586166 3.8207219552240694
-6.89988644717127 -3.390187849244885
13.64037107316096 2.892499222231697
6.862265763864444 5.45185404872408
-10.522039047685583 -3.2423660535029115
-7.0215798341007725 -3.742840199651686
11.325714574900456 2.7580782526010026
-8.397618432724647 3.2463188759438735
13.761193718436227 1.868489863624706
11.805716302509529 6.658618513948071
13.270655616391325 5.507000789823363
12.278931617481769 -0.9577676511575195
9.504750685488288 4.758711848862737
10.245862992069853 6.217477523212367
-6.316239304562741 6.640093618511321
-8.097569608115295 8.06639142263905
13.081898828165262 2.9964201133320647
7.706774867351196 5.210791138674557
-9.27512352656395 6.481919700591032
10.09249441600558 3.907477734627105
-8.159842697569042 -4.098629920519178
7.828445214872973 3.75461702527255
-5.722562809482886 -2.979001594497633
14.097557770044897 7.66176571087602
-6.172297293498112 -3.56486320088097
11.182111157095246 3.5258265201954764
9.7657041613599 13.818045774980078
10.898985090901382 9.347159580485268
-11.326170977754678 7.939777548999583
-7.952577681394723 -3.361268493024191
-8.590059743620953 -3.0429328102210866
10.7511014453147 5.9815272071151435
12.467303605760677 9.22590643424144
8.134325889926863 6.75713737942994
7.835723572758281 2.7797916439100807
11.807360885016742 1.689054232255336
5.605534191913631 5.5879375117607815
13.181027378897102 0.11721446207396946
10.07540059004448 6.529111945559784
-7.1145173185054595 -6.890592850425037
-8.705901777085735 5.981393399638583
5.041250908625056 -10.262883856872486
13.883388354552086 2.232401051258233
-4.085982136382528 -5.188671631066828
9.467929185937468 3.604810320410184
9.728559005124811 7.033565198213765
-9.244843844822238 -2.3469501211327084
10.919082541475055 6.10157493600293
-7.9418725884373815 -3.4706858406731618
-8.062977340349127 -6.4404293578561616
13.411249547024903 2.9418254193912903
8.246064422959059 6.029443766624185
12.46777268868465 9.165064755247
8.553985822313672 6.517404850127438
-9.067344448573094 7.166423890633137
11.632401763200868 4.618284138016952
8.529992636529991 4.880725383027293
-10.682343802602112 -2.9364693362783196
14.922210050011547 1.526861248066365
-8.864719444328243 5.680739603487319
-8.069045620079683 -3.314084032654212
-8.680980979548957 -2.0939611263476965
10.588970739913506 8.384623288979434
8.34954313851663 7.219692037067895
-8.305757442509531 -4.472592421473507
8.07851210239897 3.776157054714675
14.267875306735993 2.352581708391143
-8.883294314595979 -6.310604257093411
13.503200315977713 2.058100569391735
14.437437799874798 3.858624630987005
-5.281741434902486 -4.683094712287357
-12.008224489333285 6.651677673615846
-5.0933525958760075 -4.994489479843306
13.667754818324177 6.745974182167853
10.496356648426412 6.126907183660252
-8.161218999890501 -2.9966400533932727
-11.224937973409487 6.254363927056513
-7.876594570320164 -4.718487934889755
-8.993822114241677 -4.096191652243813
10.274653330424913 4.646468484854758
8.94010556069091 7.3006867887227545
-8.318555059150613 -2.367005601688783
9.05268442814639 6.323603564227733
-6.892277339544 4.255574597311298
-6.27485909364286 -4.689590738174672
11.760659180223401 6.723095640897795
14.82687841771667 -0.32876741358955286
13.885852863057849 8.077866201904655
12.411540819924326 8.002562130980444
12.763366637476608 1.2439169680224054
-7.879543902272655 -1.8117831429494826
11.290479629094838 5.339057400798905
-10.12804407750803 8.35300220240204
11.095288315469265 7.831689278233637
17.03190024571723 0.7811945503874802
13.00591051130311 7.142079032565134
13.558644973236438 9.45765022301674
5.395082177748151 4.0603943862367
10.570403336708896 9.688483128088436
12.088695877202117 10.033358531347446
12.413415421130576 7.639114163087945
-5.330182399429962 -13.590654308680243
7.430621105401409 3.7683988804084945
12.221534797935803 6.4730123125898675
9.30456214948481 7.560963841200603
6.931092522316003 4.283109222904403
11.513991739489521 4.462629567705262
14.315821106607004 1.9595877402501083
-8.60941575444813 -3.09621135966306
11.549157245194568 9.077825188333094
10.98853842334915 5.805778488963424
-4.239563682023967 -7.218524516340436
-12.603018338678162 8.223377577195613
12.35629973727827 4.120390183571835
15.050446407549572 2.8967983514673903
7.694638292398532 8.294681305089217
-8.309726621281257 5.725406670679339
6.2220497662700005 4.5343280109710244
-0.4162524367336147 -5.329417574130499
15.328978218633337 -0.3676443922585877
-8.901082585071325 -3.806246125232066
14.84310735307704 1.6490087950978956
-5.818776148065755 -3.46505657590142
15.026453280970024 2.7235364906260218
-9.99502248194541 7.720738340290175
-11.002988822327262 5.695779963065217
15.220675076244994 2.4737555576086527
10.1177709946047 4.7978490191340555
-9.983231900363476 6.611425683754569
13.852647446643074 1.4368177260037707
-8.790244620985666 -2.6627530837474565
8.037125405769839 3.766064327339475
-11.000827264632973 8.001739838632087
9.078055174217607 3.8882044008951935
-8.203339193062728 -3.5496406658496458
12.770312732858818 7.913137146702349
13.503603107318929 0.44609288728377194
-8.403360665984474 -4.536965734001651
8.057765480804955 3.7231516604300015
9.918385803263643 5.035164448633959
-8.369490823198488 9.12797969917058
-8.04338766216213 -4.696619098454083
6.604942682513793 6.565410571433823
6.244436896917569 4.58521960395959
8.503764056844785 5.580922981122006
15.28537706036073 2.5405024168183132
-3.3614890713805927 3.1854160311353112
11.905058328214158 7.222467514225379
17.821950763785267 0.5274982976292815
6.789061262786388 4.031222882296057
6.7955145878727565 3.8455358585789834
-0.13398910070211123 11.98284264726724
9.698182080385283 3.9994496302556977
-7.364546289217247 -12.740130394215107
-6.932151646922617 -2.2122970549943983
8.092129220837153 3.255835723378545
12.53393619072622 6.0612376084054045
-9.53261659467827 5.545634042276079
-9.852475399701536 -3.178608651189882
-8.286562453527672 -6.411452214359281
-11.5320744741778 6.561655887640743
-7.393456780521725 -1.9008055330944296
11.16807276641871 3.981456392854518
13.50116056727314 0.045680632996789594
10.406841566823651 10.481843775771175
7.527796106545082 4.560419364068343
5.903943685382947 2.5827934914739035
9.064466622978102 7.130144684363772
8.427903575218796 6.631443883539067
-7.434556669292579 6.628378646664798
-7.569648417604634 -4.894541492168548
11.542957612290802 2.5056059200901872
10.033365813234916 4.035512073205205
-7.900686495050735 7.705567550036686
-10.572924210374067 7.007444143116107
10.147177697324704 5.527084389804876
15.826651571622918 2.292139780419582
-7.609423011446876 9.242054257742778
-11.749462782049887 7.421610043889809
-13.709706360464669 4.851681719066996
10.47630443665923 6.445348982268138
6.903107236169992 4.901987267679346
9.684312663756394 6.986791068495442
8.336362528153968 7.115420523351736
12.056561763632471 6.373264385987795
10.669148170981686 7.5984788749495324
12.822093295172104 5.768264958203572
-10.103165178696113 7.98891213091982
-6.085952932767301 -3.054544892718096
-7.591120430830179 8.506537516441798
-10.668378224366752 3.1251186456456077
-5.536685904443754 -2.923591882443484
14.343917185091945 3.0470582062399467
12.305733737159397 6.563931661335267
-8.317428447974411 -1.5283823131134042
12.403082490227916 4.711686494665179
-7.757629145187015 6.387506328430594
11.383810759306893 8.649895887531704
-8.114660961616506 -3.205692649340859
-8.781019903777356 6.6373396988560405
13.144685615309545 2.3229291680337165
-10.372847712039214 5.388437126455619
12.092970706065076 9.775140645510461
15.511984705230066 2.3595485260310993
13.752551940222215 0.6194003161829871
-8.20190561708845 -2.8486241110657806
12.10710239498301 6.685818347256411
9.92905236096303 6.864561806992031
-9.902032282190298 4.1970974961149645
8.064753586260213 3.574152798729154
12.050253154392545 4.353105278581213
-9.077214628883139 6.145119448294595
12.706207664644158 5.411748894475221
11.035172923086803 7.024697131383869
10.509751154199469 5.92378948344572
9.291448072515198 5.897827044345288
-7.351397824429927 -4.806657631250215
13.904837000723601 2.591739232541671
-7.646039763715287 7.718556475170633
-6.57270286666253 5.837619282467781
2.3221205422604 2.5821712615825447
-6.948073332276518 -3.9492239971066714
-8.68790536156897 9.43454365152014
-7.199862403684457 6.840838364764902
-7.877266945929117 -1.6046113765664498
8.944919997747228 7.422402704860097
-8.264288546970985 -4.875363601086951
16.162738054296106 -0.07290108716448973
-9.868004396243283 -2.830379218401287
12.337160124473318 7.907303800530188
7.374541451565417 7.3364088125337705
8.382390872110179 5.376273762260405
5.173582441209524 1.669334573858197
12.546108363989163 0.681287865696921
13.518900101714513 2.7108481680957404
13.474387763460529 2.7952117376114742
8.328171052139455 6.452255365944492
7.7415976807679865 5.307569680490888
5.356955612647038 -1.2381753647170974
11.085917786535198 6.086064390788477
7.747669377456075 2.1803564383036926
-9.663478199639767 7.292684496662233
7.754352222839065 4.015539266215422
7.966315878861513 4.894128540029597
8.807723097367614 4.836327558954498
-8.211632687674308 -7.21008728385807
-6.157564021536588 -4.62210232306994
10.605875072104828 3.7471850149697845
10.741643222026262 1.0976821574985032
-6.060225441844551 -5.595779089961011
14.097798268369 2.339975928997233
8.345092568523 5.672172771816325
-8.238673305002736 6.401617286035047
7.916861140750858 5.603625460131564
-7.966588727344721 -3.251274704022382
-7.178337339890325 -2.835359848416033
1.1678865358203012 -13.245916455327357
-8.411787487469878 7.392765666589645
-11.03503286073374 5.910875385932963
-9.274236233354877 -5.135475735748881
-8.981680755775571 1.5536929837986762
13.428469798133191 3.192349811233176
-8.32178523971559 0.95131625353625
13.928504217569216 1.0718687434238103
8.781395055070726 3.9758744623139233
13.732143239464408 1.4797115551033755
11.800930048856614 8.525613926091424
9.563131085985576 4.759166595795665
13.501526547791507 2.0008689122816596
-9.781954102902017 3.2197304966563167
11.128204260815108 6.386551037448571
-3.8593779162792483 -3.9245511257636885
-8.828166014511877 -4.604713529660321
12.081670804375687 3.7543943056200195
12.438702393544888 1.5924625495416396
-10.061020657593302 5.247969374576168
17.140465831550348 3.1761975134008633
-14.667763790803312 1.5712255503390828
11.001642164591134 6.4302135645552525
-9.068950736705457 -3.1622259639640733
-8.026445420522673 8.142331185273907
-11.265547136029063 7.785730340940439
7.622375891395128 7.766598988147422
9.685940965105841 6.597555228919577
-9.104131629849098 7.851008255469904
15.287265314929805 5.246441338294437
-9.510039171475183 -3.4939112094342613
9.267241742639676 5.036469301632535
9.979122965389344 4.029915030049092
15.061513627029559 -0.12271087759287136
-12.460630921488143 -9.655704754801597
7.699130177413359 5.1562481809054015
-9.936345187054972 5.742359651095605
6.372216086961654 12.065896156188376
-6.2349993516550715 -2.602517801922504
9.209657251892933 4.196519190601452
-6.158130918734155 -7.237877229494721
-8.382679490721229 -3.3033206815886342
-10.856889230634788 5.721198762680263
8.002274632852417 5.049303555608947
-9.4788061980455 8.60917827996655
-9.490962016159724 -3.029357534903526
7.79444158216666 4.26912492815737
15.129362120495363 1.245841023417423
8.509125622522825 8.90380789056633
-8.795752321774524 7.828941957028657
10.956731650522869 5.877030332199441
-7.705163752660335 -2.6616440073802616
8.327836527505573 2.136132806368884
-6.537046239803656 -0.4701830986855944
15.093017179537256 2.5972790225088582
-7.459411517961639 -6.335057676547811
8.782405416955253 4.780584366900942
11.654798218531504 -3.5762849734389253
12.87369945775481 2.8940935552355014
7.857972982289622 6.316998082794973
-8.39793022987055 -2.9197831753308474
10.221530382246836 5.703038248902752
12.663651809206584 8.407190933500821
8.379818530937118 5.69428216382091
13.897519852434817 0.08513570487031896
6.448774135140823 4.640050935065372
12.873222578494484 1.8772142262339417
10.832294214685467 9.004969449576624
15.987433372490694 0.8082165297941211
8.406579974590706 7.131100167423895
13.522576044292903 0.65838330028941
-5.302305069933886 -3.7272415871119606
9.662297804580675 3.3139391663340487
11.194025512771013 5.29660236357123
-12.408935895616779 7.620368935541478
9.603874343645018 6.91000682787874
-11.163980660538314 -7.368263462615975
10.435073521825673 6.072065846755607
13.757999668397568 2.882978800685778
-9.266281780333415 -3.7418201384121317
8.791120812464436 5.24528409888972
9.886800155276912 7.622865838498987
-8.335852792798509 5.276805771845471
9.377088767958282 5.221781213243759
11.65913004788796 4.529883679577907
12.684779346261255 7.697642640408479
9.284466053643001 5.788732081732821
9.09661293494705 5.157730944078439
-9.304401590872676 -6.891305144043271
-6.287535878671051 -2.8686813409809657
12.194676971567551 5.324661305010236
-7.050327836251062 -2.647078433919952
-10.138463637522912 5.680638597514895
-9.18724764983467 9.074436641858812
-7.0334004076276635 -3.6761540896228353
9.334435683119827 6.196496309234426
13.196792485713734 1.717778176931955
-8.45143103218936 -4.147648752639408
-7.943198778707568 6.336621357589736
5.536595878641975 -13.28755900738146
12.131157848590439 5.791229028443462
-9.98476030120872 5.271726452612246
8.695384339113383 2.7675470329784995
-10.239071445297482 10.08531233273224
9.233790803322275 2.4453003359455834
-5.49704553769226 -3.651729501887891
-9.334437823754838 8.271639001388753
12.723332163073383 1.5110690600777794
-8.809775937425496 7.712841117812002
11.070062718362927 5.317549655245036
-9.928541757436745 9.099446667635007
16.416358224035353 0.9975593234003055
-10.792181337273714 6.4429794551331145
10.454487181212142 4.762506034267648
-8.097848695928938 -5.261101727246435
15.108452958048888 1.205118957503664
12.406362607973081 5.33209190603743
-8.031313052192019 -4.914733343570683
-8.371996756283956 -4.886101555995545
5.985825236231986 7.220895538203733
10.474912309066656 4.63984874855331
13.350045448538474 1.8147141192026293
10.809812059598485 7.680331861947577
12.823198918096676 2.4545106769311813
15.339486434078411 2.441077630135972
9.675939703293361 3.815550080953045
6.977292796349019 10.767723750948281
-8.745195817079574 6.924622804995631
-6.406339070134885 -6.186484279815494
-10.51031528860944 7.555386466482815
-7.996240368436305 -3.4132238549522236
12.636802287046919 14.297618143178205
-9.441646337411012 7.3540803395320555
-9.347114469795324 6.351877143998771
-7.8394470682396165 6.976970532824726
11.8173120871218 9.396875916240665
13.48553102886095 2.5703967868382454
9.42790271720751 9.631690773636816
12.811645949254611 7.277613843256652
7.288897173210937 5.171835586070169
2.7046446455926407 -14.712550894491397
-7.761375303555573 -4.962803956065473
15.276737954589393 1.1013334913353805
-7.1156550465140995 -4.3244704123134605
15.613028503554187 3.970488097731457
-8.38064049693574 5.665994387954934
16.394799917887465 2.672054240504684
14.54291566258582 3.5539031235973866
9.691570005590924 5.960096233348757
11.00559267796659 5.853870883304101
-8.092031091985355 8.387205939789396
12.102347275245874 6.465911512294118
5.130139382608924 -3.9526309405482856
14.148837235718409 -0.4764124355796735
-9.608753971333126 7.654540409644606
10.51507545735757 7.454585983574861
9.08892642554358 5.2338445725726235
-8.288756949089361 8.856722658041216
-10.169551361961757 8.546895787072476
10.327139658522215 6.495752716206752
7.613901090835672 3.331448194146735
-8.03535294606995 -2.272497671368946
13.057690373976461 3.0277269014436206
-11.756267012474959 6.76204011347644
10.458011747533027 6.508355498246095
12.484651283410212 -0.9648475833374541
-10.840695041017584 7.667597345848172
13.499971524787423 7.07007333792971
8.693072117221575 7.18264760586014
13.749599060045542 1.6686871859097585
14.892465019960806 2.681505516692069
13.402261089940753 2.830467025478284
-8.118579285965092 -6.59836339689024
-9.822484358415654 7.639064079675684
13.582688259570002 3.4605833875089833
13.011886635735642 1.2613778526772421
-5.919343011567116 -1.301786361541263
-8.59920602107178 7.367751534120521
9.298340918675652 6.615155614758585
11.482952089300388 5.076254344739211
12.832948133747964 3.8981505112060164
-8.481857998151806 6.484691697985111
14.770721637835472 0.03228404757827086
-5.3930395083753595 -4.265853732060744
-6.7568626394118105 -2.8493768492884586
10.333646176866255 5.895991808023331
-6.739877546514722 -7.456907463319926
8.438085658309568 6.207418844316306
9.980401762155163 3.5968036159739545
-7.294004392775617 7.436907217632234
-7.758710191498628 -4.528442494657671
-11.419482240368165 6.171233828575381
-10.117659231425014 7.807932374491657
8.296518602619457 3.8954506629005317
14.266339518455293 1.145999010157519
6.48855216156236 4.9821715699913005
-5.124986026032861 6.539586435970698
-7.078224514246485 -4.626034144096888
15.18072290237233 4.105068449777032
14.981169515413624 2.1067160257686495
14.909240061343802 2.6182441656512756
10.926134967398514 9.054110368455355
-10.266272534108804 6.118272594775736
-7.038908686399143 -4.158063569646067
13.97111271961911 3.8853119501343323
-9.1502838966902 7.898646281257634
-10.661145017033368 5.787163937026527
13.009189929391813 2.786512878105512
14.343839042936512 0.20156565657081393
14.801691848807152 -0.38424055546612657
8.514903822366241 6.817855746503249
10.327133458480837 8.668709608730152
8.199793682423136 2.9800386706034727
13.256375262324664 2.8057533741957563
7.914357553684806 7.29731137577656
-7.8544239151476365 8.389855461631852
13.190061419450053 4.141168570596637
-11.349118768359373 7.379218207650471
-9.303965444539667 6.882758101437826
-7.758322124960646 9.057210185361715
9.41429477728713 2.1945602963252178
-8.553072745825421 -4.3228511986812705
15.29940492590949 0.00015624273823200419
8.873337148856411 6.809378578764866
10.949329702734959 4.894356066310392
13.477245274837756 6.569024692580538
13.94844184202404 2.245373754369107
-9.965987046356872 -5.929151512434082
14.335060730425143 1.0139390599162108
8.959501918753269 5.3376961283340165
8.3220775427575 3.8343663019327754
9.552321093773418 6.519880572473137
-2.9067805394675457 -6.823003198101654
-8.072377358342298 -1.4689113785248313
12.181096001356167 8.030078587952588
-8.477295785104968 0.045407756199975946
9.139634191382344 7.795015217420997
11.827731649453392 9.464674837608804
6.764109694585674 7.483169410834583
11.365010070280773 -0.6004726692237714
-9.309307857334586 7.43385465734134
-9.009200422468446 -2.7993371934756066
-7.824859833500091 -3.1920532643938726
-5.446825686881289 -4.1520978667262805
-9.493160463896482 7.7841038628477035
11.245408976141208 5.99943376455446
10.474651461661967 7.0138708198347794
14.462188074086844 1.594075703886195
14.636665785476435 1.7773362775650063
10.535601132670479 5.646674900610456
-8.886766435702157 -5.506772274589845
8.245449688012249 5.647915570179698
6.054478491720791 7.13044324679288
-7.577795303652871 6.6523391492775605
8.192399393825333 5.7796963863897854
-6.273508654082131 -1.8116813646079732
-9.827447378625644 6.418612838443256
-8.605427295296845 -3.934309460185113
-11.679377038757938 6.785889107852248
11.314981265230745 4.168473475547973
-9.43270414770784 5.500351417235484
8.072210760451501 -0.042166244648866424
-3.5338142906277703 -5.994880113887525
-8.257462355982337 -5.116660570624054
-9.906483402717233 4.983813241338175
3.614392050657383 -8.681379876821468
8.08019215949203 4.4333645958652985
-7.133206917923274 -2.5908074097348996
-9.406501248969874 -13.656768989452374
8.338083126543134 5.117572959645153
-7.974049041809156 -4.294667619877433
14.206166425238646 -1.6055831065752884
14.007567916520344 2.8580406513070242
11.568043825150497 2.2351447388034837
14.167494405704382 5.541627242513521
12.573883099727144 3.1692978415994206
7.625534889684725 1.8055256012909293
6.817425612635532 5.611727327802968
13.744031503809387 0.9347724995374687
8.539629875176658 2.969271027507042
7.804986349828623 3.683026939134907
14.466021205506026 -1.8960177402911613
13.555268935206925 8.510378585573942
-6.792671199989779 -4.197775908054291
17.21854212047152 2.6464571715207477
-8.759889047486023 4.95840566947677
6.391445468610541 5.09163662574775
-5.780508420918876 -6.210214647529689
8.80529745027186 5.483705150749646
6.605662045904841 6.340510538033864
17.240079974399308 3.036516973379169
-10.340757909472389 8.038648837181672
-9.589143126261412 6.637517959579505
8.96933648336555 7.2837023315339655
-9.951617173660264 4.2394383934582685
11.861388708467095 5.009683570664668
-7.989740619680056 8.650855351319873
11.0820208987594 7.279722468522937
-6.504888517273079 -2.7703040914027595
-10.574320536529433 7.300844654667584
11.744661421497145 2.5005668891239363
-8.542013521177553 -6.08453000879476
10.39215925177303 1.4171469286475395
-8.923891440738341 -5.879773264501993
10.093218168846901 4.328600378220125
13.637009068750816 1.5871256670807714
11.420924918149108 7.451952033041823
10.27650724658945 8.23071079059398
12.684748699415879 0.6347942274821079
11.966477759244178 6.214651734600951
-6.2282627322114985 -4.820896206909474
9.76923761810826 3.071288605298358
-8.759732673873527 -4.525910236612881
9.133824872420298 6.780952061696992
11.132998415216148 6.0520081249661555
7.455940524806385 3.70071159410933
-8.003507150772673 6.261542014174857
8.076856701345186 3.088007412081375
15.718747674832137 2.785898820579556
-8.005188931812159 -6.059041081050999
11.40570017857018 4.876282872669572
-9.24513435141595 -4.205216649086698
7.713839757874626 5.3662870114933545
9.73055255229601 3.707446689735919
9.915692413210754 4.2149703119020225
11.615595794135174 5.996920154137774
10.237330983971693 8.611038407876608
-8.97406884854345 -2.2818718012523957
-5.104095727510925 1.0341463953372951
-8.37086349895618 -2.929533593854535
12.18345438692994 5.6118170573212005
12.746942644011185 6.885718053461797
-11.083501238614854 6.597260919843332
-9.552109476998739 5.509892174617578
6.708545258625478 5.535399151223626
-9.866977704561176 6.494751189893569
12.830022227293874 3.2287310114063
-7.704004311773734 6.508524571763116
-7.912897254049345 6.182324401355659
-9.912278897113367 6.068757543827769
7.063731164617732 7.529323259744558
-8.813327570168296 9.072612475487226
-7.058897537664671 9.51215097940689
-5.1201818532072805 -5.688192419760941
5.92850073176715 4.447850813773655
17.791602226331282 2.7811577932072167
8.885999549724616 6.660873330341699
10.228350239124264 4.470782349049459
1.007795796139355 10.246627134994693
-7.12999553057171 -2.6003515556011765
12.238705405577557 2.4844866639361247
-7.066249971053494 -4.575249366077855
11.44772010709993 6.167805549222976
-6.308565840016212 -2.0928209489527516
-11.082804461020217 7.7156550664488615
7.4945044530943745 9.656643892819895
8.901424921239995 4.664275371383117
8.421012397766921 8.355403067791622
10.712268127798035 6.9208711905018605
12.685316123328215 6.147060084639389
12.55621626880856 10.062226510123512
13.970522563176916 4.711645890187322
14.071695970472062 2.5536954712802733
-9.146941255297708 -5.296383851844034
11.930250254360564 5.0946933415379245
-6.796910332598234 4.542019310943971
12.082155657326238 9.180138557386137
17.435162016087634 0.7008945265181201
-6.710062000767983 -4.210843612621237
10.437903230062311 5.0637115175244665
-10.092170677511927 5.676431283957284
-9.072995070264561 8.026193108268192
-6.210390528855168 -3.9881812317724306
11.202708394560076 10.45009943094494
-8.388623664160974 -3.7915607728085057
11.360484732246855 2.319329860779973
10.01879833225778 5.277741646235463
5.391562097227519 4.291435579679701
-7.04540441127016 -5.321894844154452
11.626798926429165 9.365035440945295
-6.146479405734556 5.269886059912977
15.284355752547688 1.55812175193764
1.680198934521437 5.266092212128316
10.38232524177538 5.421386712477029
11.673720435653678 1.505478285786836
12.910372310451555 7.169407760734404
-10.323352979384325 7.978124132369347
-5.412691495268671 -1.581453570744645
-9.482522575663488 7.456955566360435
8.838627650049947 7.185129927937748
-9.03061073991997 -3.842501784634821
-13.899562373734359 8.008840553113775
-9.570999345216848 -3.7085355501338158
-9.366174764425352 5.9434412882376115
-7.624988595033617 -5.701895369280082
-8.865711584723373 1.1146930971580513
-11.398194589142914 5.059568220141339
9.02977070939648 7.7791354401265
10.674925598411058 6.4482466226653035
8.766181760784486 5.384402864739695
-8.235320987566483 -2.0083068790129506
-7.4754642902983575 -2.310761124563926
-6.446197999436604 -5.4285485349844596
-8.411409434520085 3.8313664140267853
11.024927987505071 6.585263323028713
9.479780637764494 8.461675789658273
-9.61189735606811 -2.844998951948679
-8.204859907089347 4.936299017574355
-8.06618302253926 -5.005841429352337
-9.012277412342044 6.990563490894229
-8.922389470537176 6.483619869412239
10.812192932850834 0.673963887608235
7.1450734671502545 3.6700092856572413
-7.8296938773112705 6.938398543833997
12.396475385580578 5.911493823259144
11.92121920932244 4.8652314552014095
-9.852106293511643 -3.28542206304595
-4.919384339768159 -5.4349100979956235
15.240397843623793 8.107474036586524
4.998610313633129 7.080775208327335
-8.757870694093304 7.624560659591669
-9.242724993527416 6.718643726904547
-8.966749097243758 8.318446653157013
8.698180545067189 3.7954694923047505
-9.024801047582697 6.549257890940089
13.08373196016653 -0.5359595474734915
-9.769911459816793 8.493788318278078
-11.406551617643736 6.645278218328125
-11.185066501053335 4.741078515236611
14.380314634606416 -1.2686036249647472
6.9219268705678205 4.099843725304777
14.57187678628033 -0.5664103178347206
7.233997215613016 4.626992631999636
-8.88690988761779 5.918808432797113
10.394572725002545 6.719747495004913
11.259000437717965 0.09425312580352951
10.690724335588008 4.415412964481074
10.9905486128708 5.212272095946344
7.765553517662894 4.593749365707448
14.414325258358115 0.7559875819617847
7.863522908408457 3.3162595751326545
7.93892280573699 0.39530912203463586
10.95428679770792 7.6366854163426
12.25607605195711 3.167265105206151
14.138657845849632 3.3071820659779467
12.850300567680444 5.796668182951059
15.927979726736398 1.4601224171143135
9.61704738201858 5.074854204303663
-5.497100025500226 -4.514399484977042
-7.221261520023462 -3.871869382765208
-9.11932237746875 -5.1992219289316335
-6.39407923315583 -4.618473812473646
8.547027981267547 6.486444583667234
11.788747153616358 6.941293155043911
-7.1672122481345095 -3.5876918708983414
12.465723882308723 8.749444375977324
13.360073685668148 -14.227770484130389
-9.71830253938741 7.386892839365359
16.908439410091713 -2.0046515482309215
-5.966093106190835 -5.59718789479549
16.20333919042954 0.7593514592642936
-9.071611333380783 5.847193052269162
8.112877513259164 4.278387161575681
7.665162940310832 5.668031519071182
-7.588404896221223 8.009300964388814
12.401368915477446 2.1214179585476
11.190356304263675 5.984841256731148
15.590813617184084 0.9375356213368338
11.376657972683056 7.604429256535891
-6.585415136794041 -4.321722789760229
11.690807731077259 4.78132259107384
-0.46305382372202786 -13.455393973856516
11.096861647183337 4.944296844642427
16.68628835206281 2.7135362459888905
8.234548253621123 3.5417811832419073
13.189017837397042 1.4801648554927476
5.445254567214244 3.7970003526491416
13.210630495003654 4.785486264714151
-8.123421128281445 6.593060444407357
13.114834162679921 2.9243381571014853
9.947403042929992 1.7973343361440284
-7.663992709559355 -4.472095849679955
13.272389492584246 10.335235512825543
-7.970323092070486 7.046709291542239
11.767043824199535 6.75884442441408
13.805091914029688 0.7347099745849741
-11.53982123994478 8.366239975844596
8.656240732669962 4.4969778605389195
-8.59926041953157 8.929457784360897
-8.751492767499148 -2.969814536527391
-8.487278684363806 4.573062247901084
14.783299539557843 5.126000075178196
4.235942671273378 3.6051014976202596
-9.682743260755483 9.338953231851027
6.975479377678299 4.233916918949094
10.464768869956838 9.96675295220189
9.918851531899282 6.2152000391229825
8.672035273857565 4.834467265329032
8.373490169227681 5.468231410717366
-6.2165713395572455 -3.7497570475028703
13.503083098742788 0.9196793063966655
12.80146905529287 2.5142591105425014
15.833947060361371 7.687822860595691
-6.492595027999654 7.324120349535209
-9.935657423770145 14.797303402038235
14.823125473270126 2.071822249617612
-11.083320613657865 14.652953223092844
11.299109960532139 7.9025392678911555
15.477470063584546 2.8935678317738285
9.402321359079671 6.510791354853882
10.737397976463896 8.00648528584246
-8.277958576852999 -6.747475881344319
-10.460517976346015 7.4979433673390385
-9.725597469045365 7.072266849034751
-8.478551209427122 4.097958512536377
9.964314099646614 5.472701824005734
1.8020806788435983 -7.762085592443161
16.026578933315136 2.3478639332451703
11.844543373353805 0.3427889729101894
11.006210451676253 2.866405891757484
-8.129710242381055 -5.416283422872968
-8.057817190719014 5.362227162980497
5.563603605717859 9.277473492301471
9.523991335277955 6.145157171504549
15.483333456565596 2.9639731625189296
-11.106684183971602 7.072412868685675
11.493414130196511 8.660604069875896
7.993553205352397 3.7946084352610465
-11.958690962115707 8.783128119110048
-10.542944854307667 7.09440668651745
11.637435657254938 7.457991148845732
12.662394711330965 2.378018081652038
8.19851563518156 1.3723334729559094
10.783889235155106 7.556163531221547
12.677958336070324 0.5690665279919442
8.802972154432426 4.383066791599209
-9.158444546970214 7.050194229964125
-6.863004415316736 -4.834147465172332
12.926534367834094 6.903287342094414
-9.261443408060055 4.648928212174811
-8.125822019070334 -3.4817110913370244
14.45571987247785 -0.7575117633944042
10.689393795350034 4.088231628486127
11.044387060019922 6.2788119693545115
-5.9554661477644935 -2.2014812893815625
-12.130345526226268 7.403766496737282
-12.613240871631472 6.023819137742893
-7.356371929221173 -2.5378434827399765
14.781840341227388 0.26053208470374534
8.146638060892952 4.852692689612423
13.158649516899974 -7.746478411677749
9.537380158511095 5.38063146516211
-7.664953873630121 4.5006752485665285
-6.764996430145616 -5.8505548789517405
10.692491835029912 8.854316303522051
-12.172259263427478 6.921020680348613
10.728747014908347 7.54902861470274
-10.236229894019699 -6.729890263128837
11.85222129335585 0.7690598281846803
-4.536478775441664 -1.4088197037266221
-9.887394495791508 9.008451044312022
-7.188402855499443 -3.56193411411863
9.635038427388467 5.260387582702968
6.015711204834275 3.7738018391007286
6.143307786742633 4.994176198012234
11.177236468406528 4.048972678064784
14.767575618714442 2.4993740249051513
13.739458518391828 2.756325273137066
13.286653669794962 1.3392170227596596
-5.401392067355726 6.226331525394556
6.035299922557986 4.058076470361752
-12.68211833687042 -0.7975607825284934
-9.000064327654467 7.598601762250469
-11.100364967869512 5.98640975303495
-11.466447181452704 6.4680043443788335
11.010609990688815 6.964685822389539
-9.093810639139383 7.597107409469929
-7.953406675960364 4.815717228305409
-11.261184119628929 7.47803812208307
9.969032848533276 2.8340875308559648
-7.993869543047685 -5.4999312973402334
13.817668484661342 0.8420195592429975
12.203979383003581 5.88915493938134
12.49783754848439 7.669874904207693
14.038986367691294 1.9089929787228554
14.123955606301902 1.773783533863474
-7.220940278331907 -3.365474675945415
9.672813591670606 5.267546858624762
-5.344521076162772 12.094134483490691
-10.725646632128528 7.459170725103626
7.864144375444123 5.203269212590973
14.222714511160424 3.863738245087671
-9.12901232585144 6.895968509283201
10.850194220282253 5.604503062062682
-2.0069165997025564 3.6072007542487157
5.633591577276622 -12.59865750575415
13.445081847184955 5.625474849321648
16.04506832004834 2.7670408566389755
-9.284266324526826 5.586380098101172
-10.7180475709269 7.166964903454443
1.6666290736291316 1.5253913065872702
14.328305739161785 0.8049164823819182
13.856671690322862 -0.07251794490006458
-6.868852821863323 -4.77291665452336
8.145049597294772 4.130887306888635
14.890103192754308 -1.5558232882233627
13.288327189304495 6.534455629292508
11.829595895101372 4.716979011965549
6.868304322910887 5.632337561568967
-9.856792710768582 7.773314742388247
-10.861997767176517 6.398644086965404
13.90101447439732 1.2656328740756702
10.516351600317464 6.677131443081246
9.629407373607142 7.524960841044039
8.780723426706988 3.339080795787953
12.293476646781494 6.568154073221567
-9.718856676526155 6.348408857993353
-8.893622297948097 -2.8410696067234884
11.040259216857788 6.549862269287357
-7.768320941711591 7.734338107680468
-8.009214251364734 -3.9102968597667953
14.471562842409854 3.456852367690949
-10.686758030363567 -2.736594206053102
9.50093310514008 2.9438104157233598
10.296005849791385 5.5033693117034
6.65133310277144 2.7346126100179866
14.350267548020204 7.6385250244526635
-8.588230708566394 -2.8048531775584022
6.372456914889517 3.3442868338592358
-8.768656257897266 -3.245830408570923
-10.814590365362967 8.03571304857238
-9.517220483489384 8.453860298404093
-7.219437588961653 -4.906145979432539
11.904252652707187 5.136507102807801
13.390569608174971 1.9653847708451833
14.631700582588866 0.8198984444118775
1.370291556463485 3.2822054424105893
-4.592992149191801 -6.3009251612388955
12.018217392046333 -0.9836845015958344
11.16279524450577 5.602725106655193
12.985045285947056 5.965800662871672
-7.46883332182025 -4.158092095390524
9.969322139835882 7.236529579166355
-9.265447908462479 -4.018804499491983
7.659550626485695 4.750373375890247
9.03773105932459 8.08578217428056
-4.458242951779668 -3.3438205633327938
8.808818586746124 5.3731164724933915
12.811322404870939 3.0523659450464984
14.34208128312796 1.6704182827917327
-10.661092827726872 -5.133354219003579
7.991408839998186 4.4120404486307905
13.833126518591227 -0.9005558105145832
-9.864106045509782 6.866397395707254
10.619513745937246 6.594741648138164
13.639107909460508 2.0165462481613363
13.155409081837675 2.889006330193572
14.485685037254955 0.6552545478218221
14.447056000279845 1.67099499646122
-9.732081522991642 7.755284969045296
17.260570577330892 2.310657857447676
-7.3443009722488775 7.9541997168763245
6.151272157907374 5.312479833097237
-10.044645639994677 6.36705129334385
-5.886856190429783 -4.924089103057892
8.960067685894579 3.48468907811272
-10.138223245922521 -1.9106039998853839
9.888700194749374 2.2593938103315936
10.873006726588798 6.602240172971614
13.798400972316434 3.333608000403522
11.716445898014578 7.820989277484746
5.983835989763147 5.305043101444787
7.034069070399397 5.189951255331761
10.052974454391675 3.7491825986343104
8.0629724242931 -10.581432599468128
-4.6183311393011515 -7.605693945031583
-8.323329245773229 4.067710447619283
7.529509707187224 2.761976237410043
-9.637754829984488 6.507765098568949
14.505782325623706 2.1315887729174143
-7.67036354532817 -6.059537090778191
-8.189606669349047 -4.7338991824691945
10.240375494763091 3.4210525024210945
7.083761396011679 7.540154405667124
8.1567286362557 -6.284743018288832
16.08049844411606 2.5697568212552113
-8.436361975574089 -4.960762120835864
-8.750930323156261 -2.3973471003041733
11.21793553328287 5.365367357748797
-6.60595215524201 -7.788073774610244
-11.193807483098391 7.095982214725003
7.144341394411762 4.548102856998663
9.954417799785789 6.576428974017457
13.63306834324345 2.867193213800242
-11.608216203555571 6.454571675738196
14.914949934471629 3.3503308828404585
8.784997179518141 5.075007138224445
-6.703958789638761 -3.6716460712231744
10.62420241693678 9.083996525296028
11.186993289756744 6.07139634768842
12.698700662460569 2.891657104268509
13.120382129632803 7.782474596797359
14.22908934495933 -0.23152200180796179
9.47904984532315 5.636708919943074
-9.805630798114287 7.46879497072951
3.5328922403045127 -14.363325666470521
8.256033262639935 3.9133036524319365
-7.661098059523919 8.201768636512202
10.407664221302504 6.300248146210527
9.15959377046989 -4.1630410245024265
11.90374843392796 8.613409065372046
13.62910236809386 -0.15171837417822065
11.805511486900109 5.801305886805888
10.25726992484605 5.3186443900377185
13.049669888892346 2.550675484942161
-7.305370012878546 -2.1088921349156386
-8.138339453958219 -3.6198610398061537
7.6918542920382045 7.451556108919158
13.000963880866571 3.330447688045103
11.832049463290893 5.76929264208507
9.998928523077192 5.1081652412556
13.919842860087364 4.191888370987726
16.511017406105026 0.3457036021793751
8.390748051092633 4.9358227567186
6.9500058292145255 4.309388400830696
-9.619908270602313 4.577033097301898
12.684071446060521 7.2148906989298975
12.670768109862198 0.8780767034757225
-10.352209392118285 5.1506102686582995
9.626992857745282 4.046350498454806
0.562732339002725 13.910452757746615
10.41980892724464 6.933602060971626
-12.528105141270094 6.3028622947733055
-8.726772888709718 6.518173639313108
13.797855880975034 0.18169071700580464
5.9717497431092745 6.39034504170152
-9.9488564177993 6.686272614544996
10.461992840620209 4.531454939024957
-6.628246389890492 -4.005846850773121
11.971165266490994 7.273750002180607
9.626889911813617 7.526143131907423
11.147204979755365 5.166194071885646
-10.645781147805042 5.097926668145765
10.274586144256524 7.666056432781714
13.679513981724273 3.2064452155235217
14.173125491378041 5.994504794628226
-5.969128936022084 -3.587820349486229
9.382801515048556 3.8103908847370564
13.442483013465706 1.5891503771018258
10.783677969362426 7.006619575523391
-10.26619305182142 -5.739056999413924
-7.360161236730506 -4.151473788887079
-5.711524080732242 -3.0815038909263404
-8.825430829891278 -2.3417033636767934
-10.23896129762828 7.862445898126348
10.088073315855993 6.641230161531702
-9.715628843466149 -8.134502284912163
7.138329232259119 5.767926222513739
11.871678451837422 6.756761313427043
12.782583898619588 5.247567397574817
7.363478029483584 5.318306994353646
-10.300363583781524 5.148410502463676
7.387414462633513 5.574982744578824
13.83519609282904 1.4462704506187887
12.28531440003456 7.164789562443482
-8.856559036150987 7.000529303902492
12.293333289089947 6.823526007805251
-9.254011926024575 7.470675733962289
-10.494474034368894 7.686601433290166
-8.375402066048903 5.739531115162331
-7.555686567753033 -6.919668537677197
-5.851686018706244 -4.369882313688274
8.712321302177969 6.966659004134626
11.057828186416243 6.289435186380691
11.788549365578929 9.898974609198165
-9.420348040469456 -6.035852989425371
15.564639227283479 4.5658810256881655
-9.504175392418192 -3.4385459545057175
7.781030837936011 4.396267287007524
8.850569875472313 6.459460176772709
-7.503920400926883 -2.758043767920098
-8.085080299792159 4.670288477707755
-7.060871018148864 -2.3419943251122546
7.009536913365595 5.714677952282539
9.778585577480944 9.61627256243909
9.405332588247974 5.913549135889267
11.725826513185183 7.4170750164726105
-8.077253405508538 -4.606792832992662
-6.606340360249558 -2.5156566165891183
8.314475661644389 4.7707258109060335
-10.78016629938867 6.659683171463847
-9.179185638118156 7.029821000129175
-8.566575444173187 4.852220668649851
7.451891912861685 4.56898850469799
11.750390107853747 -0.10297257191872244
12.180960197163193 2.8943457640971095
9.193747803997612 8.321432659156454
-11.587286543006531 -6.6582134439651615
9.538326865541611 3.354930274836545
8.553698918231094 3.0807514439700574
-7.384422805295675 -4.7301588097571665
-6.770950035895273 -8.290523838707731
16.02901274130763 2.0098447365270036
10.334588900906754 8.21825540336874
14.161904441033005 3.7241967497605817
16.444733793439706 1.1840269889921928
5.676574016071444 5.052586101450323
11.615705021861604 1.2503514581719433
12.597426206438069 2.168983677702256
16.728765097907377 1.2581273235079486
13.201575410245056 3.3916282903018677
10.57470932424131 7.549748470693942
14.0725969995512 2.3889377625636357
13.761660804972475 7.83184705587629
14.98033898799815 3.599456373136917
-6.403358689249448 -2.9391490121638446
16.143374874249385 2.2836594598419406
-11.580303139876253 -6.53639277758014
14.279798171747593 -5.742515027004588
13.413439078301957 4.644006500540421
-8.596488411134718 -4.4173400879209135
10.507464484273893 5.4481086947259065
9.39524534489802 3.27992968331509
16.89236756959635 2.5111260313282577
15.689489237976195 2.5404290209542055
14.495253632688566 -0.598551550236416
5.941359872909141 5.686398830525665
16.002152445592188 2.9834282114682775
10.616171786503617 7.271181264082927
12.16961658120242 5.78081486699636
6.439216284066584 5.597824027504747
-11.32177513198285 6.9419488911153735
-11.385130151505848 8.022153535582119
15.911542813429266 0.24122030971845043
-4.3197140683370545 -2.508575752898114
10.371394808785938 5.96733016873396
-9.95275807922216 -4.337586593013833
-7.437347783110572 -5.1671006068636665
15.222359910624347 3.751259413335531
10.672842557318244 2.5794732781875145
14.605797681061961 0.4759069444744115
7.670678173422141 3.1721851785324513
-1.511905641672156 -14.445231494190582
-10.625760215804727 6.516616861354951
-7.896827293866712 -0.5649479261587333
-6.668767967939694 -3.7286563003146123
-8.391153590064564 6.5738464397826615
8.434010600438834 5.327172000000735
13.900484571519875 -4.6865332541908575
-7.1011890950043 -3.7280381323923706
-9.707067580020016 8.04720521023445
12.87222437129066 8.880192930623535
-8.347952006865482 6.308825018266703
13.722020671015992 3.4328916344426204
7.285793782486276 2.609929312605822
10.383659363710294 8.960978100137378
-9.472672241805911 -2.3994931865897406
-10.426993425456637 7.95221842084162
11.153055184041971 5.571159553116834
11.756736062887839 8.160565620276397
-8.838866292349664 -6.23207064218451
-12.047572604065973 5.601281549954845
-10.969011128876565 5.846991462576056
13.861676003998257 8.651248761345324
-6.244352467067612 -2.1550780100565694
12.10416045637249 7.143826000505582
8.578791117196854 4.900894291106162
9.867468583309321 4.876212617028564
-7.133021400427108 -6.749188065913744
-11.602720434705713 8.276239176202072
13.640034880086688 -0.3251825817017808
-11.50012689142517 5.750977648795815
15.100253238918981 2.802618254333375
-9.0359327114838 5.8481511008129825
10.854957947714926 8.365201006140836
13.942774535833498 -0.17438851292608026
12.104919978383885 0.23799425368915328
9.260180200513265 3.9820976706792983
-5.635478430577968 -5.421226834636268
13.172924628812382 -1.5172630455087517
-7.622532918739988 -2.4420822802031346
-12.83089192879842 7.179998574196949
14.66394196682282 3.60002122057708
11.635898566988926 4.234969515357463
-3.2817114889998837 -5.610463819807659
-7.843633142146959 -2.201746086682523
8.013489086692983 2.771631851927615
7.635170436301114 5.071226692686093
10.677685060723192 8.800407051422063
-8.712239108821235 -2.5351955936968804
11.757531899907853 6.242572139489545
11.396725369338704 8.841509377276035
-10.58431789838566 8.159238731757531
15.443147988505835 0.23874835636415215
15.029208120092957 2.413234350766808
-7.53375992651285 -3.745921824202092
10.039905411031526 4.302327642506169
-9.692474991433588 10.136886107200263
7.158314511955173 4.9886198245993265
-9.223654660524739 6.817418403323083
-7.230721840889677 -4.320285749594287
7.092098920368448 5.398798722452776
15.330731806422026 1.2125961797952778
-6.4390749438496275 -4.593934551984459
-8.14988907415605 -4.372436541641549
-12.892890903829691 7.019148737452816
10.536901895662616 2.7463905128311223
-7.922055394218969 -3.4830537991140558
13.035145738921809 3.0256476669989114
17.695025770918026 1.923730608930837
10.438607031987562 4.706469382759276
-8.929209536317789 -3.765169786714982
7.473097404568557 3.0313875870868916
11.372428417810557 7.6378228266687564
10.8087003606242 8.430213000313172
11.766290185069913 0.970719224209224
15.319482601371769 1.4229916095215676
-8.768714084531807 8.74562220630451
9.774809151797493 4.523388980298919
-8.736367994934875 7.123106341071796
6.801534911465811 6.419325448452517
15.76687503496474 2.252377754127606
10.544974322856643 8.402846751701512
-14.016194154863248 -0.08001503007168509
13.673671134801323 1.5603405382345676
9.687718863323749 7.312647685787667
16.142675350801895 0.8187360132411453
-9.147990082519643 5.648821788073827
11.321188097595668 7.376704913026606
13.911664890558793 2.577612310392598
-9.08846164977741 -2.315706158204
8.62624670848283 1.8889681993206047
12.242715162318888 6.807248652055941
-7.952386023905963 -4.569547610577906
-8.520961611657572 4.685853530973677
-9.215746915143173 3.740467127655455
11.55844744039873 7.456372532546645
8.485829871292458 6.77340929287778
14.106432582944366 1.5997096464505893
-9.103945932759931 -6.081937369571056
6.364860348401393 -0.5778999256720923
15.144447797519216 1.0805718476640211
-8.396616396147405 5.933087663570261
-9.66995586562745 5.039427473135041
12.805533158265037 4.647966739795869
-10.259287066562004 -1.433968733600393
10.83747871431224 9.043081361228731
-8.045046873732378 -6.414513305748505
-8.512168246591735 6.158021739854156
-6.863771811339834 8.997223249083586
-10.839401310229366 3.906957275441732
15.7047163851151 3.539936850095984
-7.642914698449896 -4.832930613166598
6.606166811352793 3.247222185436094
13.611755843139628 1.4583083916505624
-8.726092760025178 -3.7414607262044868
14.32448263008349 0.3729054868180788
9.11670183498739 8.326567225642208
7.610383235225986 5.368837500569645
16.294593380700192 1.16445985196988
-10.406659144917148 7.204253799647823
14.638610175303683 1.2785731911116984
-10.554153796930034 7.542945325959812
-12.015663348295316 7.9692276788806815
-12.06026119976907 6.454247391953859
-11.659486443146388 5.275908282912596
-10.563388383183678 -2.8179768655612474
-8.024569900840527 -5.990952454800848
-8.851832176063581 -4.051302334626597
14.638199093889696 4.496945898241633
-8.471112267738517 -1.8923873205195907
13.306801997145923 4.0482933927667
6.267797633456136 4.022422782869112
9.37739979489725 6.682115112229918
13.904056574926646 1.8458146048104977
-6.686845892786148 -2.4794080493313935
13.234476871954135 3.048978237081626
-9.938306306612272 9.021287130745572
10.13384076973464 8.211069918080096
12.849620982129803 1.9347135591846119
9.745653784715127 7.336117902346788
13.437642859923551 6.114249834778008
10.740403338445548 1.270930635578574
7.514591538951631 7.7442055548851805
11.160656425867169 8.638518523085704
9.784524380425434 2.8000369366720865
-9.827707711694263 -1.970555806915673
9.440419816846212 2.1168118402245697
9.447241065637424 9.201772894401811
7.714985918764413 2.8996524527698457
-11.256280207121975 8.174236827173445
-10.340362132469549 6.696409741597221
-7.377938454141571 -2.1861106335751805
-10.12214488246489 9.187244709677568
8.483118240877932 4.6809650951274495
-12.3582331378547 6.978719580304522
-4.677245469141575 -3.411080967112632
6.503881950056748 6.393408556332737
-9.950706261503502 8.142739008790633
8.567637091909344 4.536771328386173
11.605468293809944 4.067350110055384
-8.847429198818235 -3.604768546708038
10.75899054920126 6.360583391256098
14.939297444174107 -1.4471464435381618
12.783844560672232 7.77828464205761
-11.557442470989681 6.445972868981137
8.137129528608105 3.5122462214182213
-8.881044969172557 6.440788457982688
-10.325405693042526 7.452147220457987
8.5629024701663 5.1709470873261045
7.895827854739137 3.761872969113989
-7.720432615445592 6.326913133952726
11.46195497295753 0.8678575383285139
-8.658129351039685 -4.08422547474196
-8.155077521258676 7.454698264898349
13.934197675576385 2.2698328529339635
5.048888306794794 -5.041708259290944
7.6542434719110775 5.459623122915626
-9.024807149439413 -2.2655245850627668
11.52963605181606 8.8142651551532
12.081577962788256 5.132972192364642
12.494813293537625 1.4982884402872496
11.591298062236252 -0.6481808030565968
7.496095233905985 4.029300429086695
-8.272408895780416 -2.0952399170376816
-9.124123803465466 9.309774218024604
13.072532660781562 1.0335452050687262
13.802604537478475 2.6427119548520723
7.352164684633893 4.779471799981316
13.058332132838455 0.6641976205594218
14.838026969346384 13.086831268610549
12.316276159398596 7.017680966022137
-0.8890987648001776 -12.030075893823334
8.439513250785582 5.012317247306463
-11.315931904863918 7.833262830353806
12.373955176273684 5.410935529842252
-10.131011989762357 -4.292940604907099
-9.373769805378814 6.35669918536596
-9.771251822486091 -3.094718100352498
7.546024493111067 2.9291904159517386
7.793423583061938 7.070594507747959
15.951551616792718 4.416702896420684
9.934075783663403 9.512989765417958
13.847686446565035 1.8464141626524069
12.069847753346098 9.021168334027362
6.431618568523554 6.817892474520892
-8.37174301041626 -3.743453582623636
14.340427086546823 0.8927119179332765
-9.587708010481899 -3.280118875247324
6.075406209900837 4.188850199292982
6.21580824586875 5.46479789998867
9.34683365716435 7.565853667064366
4.8287998437698505 10.107319443305649
-9.048820056621539 5.973945789278393
9.967853104625036 6.132282003164981
14.637282719118424 4.274605728906458
-8.644189788543729 -1.9573909862790053
8.34368117876063 12.026183328846106
10.206905457489617 7.165359254300741
-8.271931643072516 -4.191543352470224
13.341561981580831 4.283068039541815
-9.288087722472575 7.085264765113875
-12.09651686900016 4.084146133655598
-8.088547861345136 7.501434424794561
14.489540691005288 6.071733507515589
-1.7213297872639508 14.565045405538285
13.712184740403606 7.920836758810858
15.353541103255045 1.4673428205128918
-7.110529249728812 -2.959321886582696
7.840266922935641 6.634344330276146
-10.477119103716236 4.1702071265458525
-0.15695270869462163 -0.34057591445064794
12.652911730638682 7.170316458480308
-8.368021343050728 -6.00853150888801
-8.412433417279905 -2.4986894652573306
9.044354274092232 6.4630199960138945
11.435737934753103 8.723671815101433
-5.361777938885561 -4.31569024578976
10.879697934047908 6.902084684036876
9.926542828133027 4.961754531342436
9.749175580970945 7.509720142258931
-8.113222682141366 -4.59832784184156
-8.712527376685266 7.173101129916474
14.23128859794956 2.185145143275035
8.501554037377534 3.5648159981723606
-11.98622432954561 8.140310474120657
10.588322969037385 7.40937108987125
-8.52475229441316 6.674916571287728
-11.054757514427568 8.093035255520668
10.972546854197608 8.32310682913237
-7.890164130303329 -4.341809829766238
11.530888867772678 5.071542563389167
9.133345703941297 5.300432778191596
-10.493932276586492 -7.57368589456867
15.297155551074965 5.663906074214456
12.061471984428032 2.4801824834731927
-7.230341256609805 -4.5584163548135
7.054409770666219 8.665302356943704
-9.988895666695177 8.935847422974321
10.268497583884853 6.6241512318550475
-7.1911777533597805 -2.1024074422966352
14.222758487631223 4.269615860252432
-6.792670414009487 5.509450195791943
12.859244812863729 1.7388438776646455
-6.520880834891148 -8.406641694581014
-9.438155110995455 6.017213055218206
-10.449631899451042 7.242625506886409
9.25945430019525 6.553631890940752
4.617212373482183 8.08309163626043
13.921051666013122 1.5906516921045672
-10.364373985680288 7.151852948559704
11.756630591661944 5.382328604136449
-9.945029489672182 -5.131126928041269
7.221270399997225 9.996457630129925
6.130333975468091 4.352104203359301
7.9371548133986884 5.906705983078335
-9.215545516663072 5.090840596238773
-10.352709161023796 4.023627334604432
-5.8741378888051745 -3.8890347505543224
10.877136290955384 3.5624572205716287
0.9712917504190095 -1.40602682107437
-10.005320391899708 7.864706007344063
-9.508231445453086 9.575130576964417
-6.67335129380147 -3.8124351570328545
10.255494676649977 5.082287175740586
-7.346463714728661 -3.7150340327933367
9.711287098374935 9.05736695502523
8.055787188002263 4.768956490916143
14.125652900758597 3.521839636791027
8.910546458185667 9.261698852758649
-7.260407727259492 -4.042851899829811
-5.717008352060901 -6.132708505451628
-9.115347763151144 -5.557195450817186
7.404141373911982 4.469770408644618
-5.811952763743935 14.86236244445778
-6.947107563431743 -1.884616852740277
9.841059035139756 5.061591534293561
6.147939525531232 5.3309343105565254
-7.703422735328057 -2.770921618492884
-6.374643365157811 -5.305043855167801
-10.188787956335268 4.3245807542967665
9.76124082907422 9.835029926905566
-7.508833613632824 7.645223773173128
-5.881887984427523 -1.5664605205701205
-6.55277369132065 -4.4739316288452695
14.554303459003595 0.5002668188811135
-9.322593935711192 -5.563009139012928
14.667860034580297 0.7859960070050369
8.258886198709149 7.870816808863035
7.918246314815642 5.623622243667851
-9.598682628543957 -5.087815121055554
-7.041932998827024 -5.870764721955332
10.029830877658329 6.905995422972516
10.675303259907468 8.270433297249314
-8.604351077733076 10.40157083285744
-6.721575851313434 -4.293491826004138
17.50848976684938 3.7793916778082273
-10.872989188855492 9.740897718814175
12.798987843932249 0.41982634458246393
10.295381157445414 3.397031456132623
-7.27791008180249 -3.7581581394420267
-7.458214710806116 -6.234949234698686
7.4312829629375265 2.044275525537913
-12.403921112389334 7.001193887224053
12.734741594855475 1.8718435804888316
8.505868757571156 4.80301517274967
13.019166041348225 0.6607964942485482
9.401060486987152 5.286305635364977
8.27631415247435 5.283225132828206
9.795880783074056 6.630989055065557
9.53334904957021 9.764980881893134
7.875625635360073 3.425872741138943
15.650963337010502 1.8266228222647762
-10.179660827595315 8.82517061050034
-13.516589360943156 2.2080403186931044
-9.239381121456725 6.545430532483772
12.359153550098892 7.818726742320306
15.293873802327367 1.9517516312723788
-1.4101859438189095 -12.272011523608185
-6.676531944819512 -4.716995547143366
15.051845608015736 2.926232698304249
7.570876876968071 8.252645333441277
12.004167926422271 3.2709882715877097
16.707275929839092 1.412158868294712
8.826689363931152 5.520473284183452
-8.00788140493505 -5.525178923176334
-11.644242181411302 7.353630044975451
10.188664233407055 8.522919946815747
16.62551668187301 -0.47435399589367355
-11.089418551682096 9.26049590623284
-8.511511216072202 7.195516942735599
-6.705885080690428 -4.138487441484462
6.250389407043937 4.16931330178815
-11.09716147544297 -12.617880869772772
13.125863832694096 1.0134230850882224
-12.276776613098438 6.914384729757814
-8.033087142426087 4.7892645999975505
-6.864449571405355 -4.271487143265356
13.745371811088138 4.170622688446013
-9.413260054476249 4.869401223308252
-8.038354566023866 -2.383694358041294
-6.802202967044561 7.192591781310601
14.371556780960232 3.3249504635161187
9.718103076226932 8.58314078888232
-11.02342266136571 6.4846636418310535
-11.430144918071537 4.941858698728163
-7.5578778099119175 -2.6057921782289384
11.904604954841616 1.5141221970171497
-8.164730362661365 4.1112015483764
11.467012428205079 6.814751298154063
-7.271510436402584 -3.7441890673307436
-10.838337725635956 7.166806176949587
13.419628457707121 1.3370035618550387
-8.156027872493235 4.391491815216538
-11.651077684411689 5.073915602141305
13.053967640431441 5.646966812448174
-9.843921877285382 8.23561993954612
14.586084313995642 2.377045931609291
7.8927285974824795 4.913983660170174
16.338852139832355 -1.7560650660740498
-9.521050227154866 3.8188776344362836
-11.356049100970829 6.487142638235871
13.662647695547031 1.217450681204905
-10.312162587094006 8.695948083387654
10.991817853268662 2.5566072978041436
7.161400374326525 6.016981735222438
-10.318838277329803 5.43084694461413
7.144474951142559 11.819964992403868
14.07881963217929 2.325564001798545
6.502422990285567 11.098458690108359
15.08941669421496 0.961862806783097
-10.517958590973516 7.494217318573408
10.855579528858819 0.4729790446090387
10.138932828885146 7.117449582322738
-7.86518164639963 -1.9941829274060985
13.835980141808701 2.863540039075567
12.144946151318253 3.721356883274832
8.684072749252596 6.882877588254002
12.147477681821913 6.483460510889003
13.592973991076391 1.7610113899156887
7.600444335296793 6.744312946992704
11.393376323605409 6.784434886214198
8.68477010284245 5.928704107162068
9.45362682110641 5.559667739665895
12.173794487268683 5.137309764369107
5.924807375668085 9.322469446377614
-11.002443824407713 4.722431786569228
-8.08863368808156 6.677346819123493
10.361790423748406 9.117124082248196
6.338827264750034 4.64113764539181
-10.10279167708768 7.241083190057757
11.095348513564826 10.198893652462084
-7.151717151779051 -6.5789772237150235
-7.779945532322377 -4.896314737205959
-8.24332973107014 5.870809967249029
-9.977660831505105 6.042363339972141
-8.59790846175449 8.067395310806674
-10.586094672972335 -2.1401731121359724
13.856148672287112 2.8244834889959276
-6.974922953051756 7.528622874203366
-7.105179244671895 -6.891164635759342
13.026781220028832 4.368106728210234
14.278886141062904 -0.4184706457811562
8.96620980318777 6.191234949357279
-8.754589663179928 4.599180076993983
10.390795024860994 7.192242876157015
-11.595353424002528 6.133050968967689
10.439724970556425 11.829479757502153
14.535815683583506 6.158880934641969
-10.908468687642165 6.9115253223689495
13.930725763482014 2.6851903064712497
-5.61750581121092 -5.826847507182993
-9.09497196475571 -3.375469314333044
5.212535772658203 3.5816319721287955
2.8600731940904005 9.606929230070492
-7.563450607085941 -5.66145165555903
-8.395010588130118 -4.166488512058787
-8.84128738452694 7.124664859474482
8.088330104062516 4.21948851087539
7.89989355858172 4.586254419940003
-7.982375955294481 -3.858345881486938
12.316102693229801 5.7231201669883776
-10.895266967679207 4.334166219249084
16.788874294470208 1.0432349450684844
11.46168677296294 6.798970332698422
-7.765799335656422 -1.2920404119038444
11.994858999150386 6.478758808185387
-5.045095508311794 -2.910902203148445
12.761252343170339 6.576494890133614
-9.895808435542877 6.452239070187148
-12.709859447106867 8.16058456315416
-9.947582276083722 5.999311699000362
8.387334305334516 9.703839047064168
11.623985192530348 1.8393335259835832
11.01268975970451 6.920681682120637
9.675914302121186 6.106491575070935
7.557682436768221 4.560014533461687
-10.308757717893027 8.412340590916052
-5.595122272729582 -3.8021612540016028
3.7749280857641416 12.995665507525146
14.370378800131757 -0.432626129690699
-8.558725337345578 -3.7173776011000705
-9.937648207434416 8.204771059840807
16.14779437050217 1.9043462009160823
10.060809073311637 5.610648910848341
9.371051702475764 6.355085207178414
-7.16381788069616 -4.090668179846731
-7.151034480357472 -3.5498524919098102
-8.197140609990301 -1.3955660390932212
5.490842915183201 -10.591891572574161
8.596568459346592 7.322037232676603
-7.336053820900256 -5.263361211093982
9.564084676000588 5.284362814259807
8.005919905931368 1.9114904582742684
-6.804141314553753 -4.737920655714905
-8.169833683683436 -2.5104033545137536
12.785470423173184 10.362843632616027
11.236156826978293 -0.30163075845633225
15.05494140779171 2.8556265272772374
-8.135257011452941 -4.382536077152036
-7.701302885502183 -5.437098022138878
7.40098354394346 5.119065859084128
-8.533023564799116 5.611865218831732
11.491233376214463 -0.5565822396054392
3.1618169652858725 -1.7773800730463556
14.111175894513796 8.314103270509648
-7.297916981179181 -5.964073735357346
13.222523187589683 0.5232710537744736
6.232493138794908 5.5742721945362055
-9.227248451705917 6.203446560082931
6.462096779020506 4.923117709214301
13.361628432237325 7.338998047701329
-4.391816295031266 -14.853862422975233
7.733906773581128 5.8969995042178995
5.292349685826409 -3.8328833361550565
7.853739568446914 5.471981610977415
-6.837560467489058 -3.723026396879551
13.928476128401861 -0.1264508642008766
12.613656401864244 8.626587256261157
11.0681341361658 7.975908836430375
-8.811818055610633 5.801652581499354
5.459641700698769 4.6529283795377925
13.108055002100238 4.63320669519656
5.231973647676774 5.711070655320723
16.121923593127825 1.5340422605618904
-10.569195200458283 7.1040446041074246
13.883396918440562 1.6050044630061897
12.997841488529076 5.69718801061099
8.223020317202549 6.947012898721145
6.792206237211739 3.3803542194109997
-7.251266824281016 -5.177148100799096
15.716369463627256 2.310722616773979
-9.751672373814396 8.420418705610007
11.82052873907346 6.87288788514881
-8.029626232612209 3.668459798778003
-13.245159099040329 7.923236586634717
11.089688689486808 3.0798015026349845
13.42202528231137 -4.911817031680654
12.49727364204665 -0.05699517408090493
-12.034047474456461 -4.921806990145851
6.766719035242058 5.59935258460684
-8.978675821343188 -2.620857906046219
-5.12848673661709 -4.392540000199786
-9.728694356094094 -2.755107540322138
-7.10326363406426 -10.722822130151915
13.053695146046254 2.100086767350804
12.951056524750719 6.726244354565697
10.127128998469717 8.402517796077229
8.909210841519156 5.232281590374438
-8.299208321000348 -2.8554766172258894
14.247736639998081 9.031868708519877
-8.304719268756783 -3.8519508177073867
-4.2664627860394795 -10.380203607745592
11.058950089823918 9.939094897019022
-8.11233423459243 -5.287336490048637
12.714755228620172 2.8897068851836614
9.073322842126508 3.7391018166727923
-10.10418869541467 5.9609900147560655
-5.732313573993072 -5.216440079145029
-6.590532636485045 -4.983729214517648
-10.450652217091156 5.211896595432124
5.875707544102123 5.056533075760432
9.853817388111954 5.121581747391312
12.731768472285694 7.632057048742794
15.617748363753718 2.4013256500412967
10.672528062307558 6.159600158668425
16.127921128774666 4.668086983592572
11.134321924265187 7.027820109863915
10.289532843807411 8.113105906470071
-6.7456462556985635 8.5510714197478
8.379887953731954 5.3103741898921095
12.610213426153363 9.177564256868443
9.512770929021134 4.969242417118398
-5.541083647479703 7.660310592313596
14.274993301158364 8.184895910107759
-7.719935568244925 -5.8664562098275495
-8.729905236564434 -3.115036016438087
-10.47572830015024 -2.329990898061695
-9.35186053104955 8.62651888744713
6.755014273916485 4.926572919196989
-8.57312534618115 -1.1986862864160033
-8.905711424405272 7.826481316839286
14.066257231008235 1.854389232236058
-1.3614369869314462 7.289634913200228
13.282904396704726 9.571551017038491
-6.169493279882341 -4.773578318369886
8.92660435578198 7.781956017489366
7.331032314789319 8.201738874804875
-6.703970639542587 -3.2413177206836608
8.083406232507174 5.310977359005867
11.479649025028902 6.9099441499072505
14.57586892515138 2.7003231682410833
9.891491139051345 4.249523198089356
12.719961904087464 2.4357680830785124
12.453794390127607 3.01574999593334
12.107520678054769 2.21457214260765
-10.745455164969815 7.277095854761145
12.790138526868132 9.131761302015642
10.544768881390308 5.862738551228114
-9.824715085735892 5.739611712135735
15.818032253264391 3.9820033991244297
7.587011944286651 6.518442222896984
12.673341188600636 2.493182403357915
12.23095684309243 7.0931355881245395
-8.044367134956618 -2.6420879995924675
-7.825265143451973 -1.0556769147981298
15.083724527094697 1.5329395451507255
-9.874161891703423 5.318728765615173
-10.228138103543424 -2.905416314259103
10.698794677476082 8.64424357210534
14.624048108184505 8.266423917955654
-6.688032683585021 -2.951342793851343
12.844438726171349 9.749986444978738
-9.605372199935097 6.472961051969324
10.046818973576308 6.061232183486751
-8.235070885526376 -4.022951330464079
11.087323684182207 3.225228988095666
-5.750463787821724 -2.555524124116972
8.708351887827476 5.058696817861973
-5.689278538993653 -4.661187652572931
-10.84113353662872 4.137974504138471
-9.60739054812918 6.922476890034809
11.065132552238856 1.4260757107953206
13.169898289168062 3.936290667411921
-11.243376962489235 7.18546526850911
8.077338173943378 6.023772503146086
8.80704484758066 2.2150767073767352
-8.52787872510406 6.771724995198269
12.535139956425228 7.268217139421478
7.145905556315045 6.244918289986632
-7.0224667224220045 -7.951458805971653
9.558017739719936 6.436004031893015
14.352319210732984 1.7139438049603688
-9.382593948550717 6.525125597946242
9.010705271923932 4.99323179038911
8.062826828081114 4.8385972794736505
-8.585745969878857 7.353488869853847
13.126553192009816 8.078236748447617
11.676439865129495 -0.25556249567207345
-8.914201476086975 -5.999581419233525
17.32569994345358 2.652845450327316
-6.576062662506082 -7.137510452247123
-6.188953758627431 -1.2917609377592214
-2.6054319663110235 2.8881134234226806
9.74279510939937 6.240252546270023
5.511146226979979 5.069624897327463
5.9671030955365065 2.1151059148703
-9.821775488610015 8.296044800188591
-12.572747443942053 6.653434301892129
6.453856354880169 4.8119855835230965
-9.384512327199525 4.813133521205021
-6.940354366140901 -0.5048611010664539
7.338319302092156 4.436689460600046
14.032481072634907 3.3113763547706894
-10.373405341541668 9.438534488199771
-7.2884223828881325 6.8640524524619915
-9.689023152369725 7.6731996511551275
12.328869223190951 2.247837874695672
-9.914031294021768 8.956599101082952
9.419979850232014 3.8613123258275612
7.429576172265745 4.4119745164390505
-10.725381709242743 9.343197205147044
-6.555524833769859 -2.626244518337017
12.525916156686131 1.0238246254598145
13.691000734557036 6.2033172179887615
-1.0562511374945132 -11.11784682160718
4.399202003578409 6.379572030111229
8.247983926409894 3.2043363887291227
11.272628119331937 3.0309890789179734
6.608154834545875 5.092128286721056
12.874001294557301 2.559388883041661
13.835890883563147 0.89058022274391
14.527337280504803 2.1006561424678516
5.767466168762626 6.5703185434658575
-8.072436756777616 -2.3962809980560005
-8.307748845746946 5.101648433123137
-0.7481127046566414 -7.251509923217498
-9.509852386063352 5.927158050674694
12.011111819462496 0.3953106397318178
-9.666329357546015 14.938231693084443
13.400419860682039 1.6026208085636826
14.782812018883801 -0.486333184151142
-7.263646658279181 -4.5023016193936884
9.10197068358895 6.973850580704323
-10.582183009553896 6.356118853868399
-7.4256869428617085 -4.519650402256078
-7.8432195502599695 -6.15478472467683
13.904975682405318 7.193253580982957
-10.461593600750879 6.710982255151105
-7.60606290553074 7.166893733823793
11.368508208250182 7.87140505991477
12.050332018106413 8.253265093225524
-10.60214266491014 6.361916241830224
11.119771198127264 10.625708341853379
8.376559211579666 3.774873873340286
-9.783331882085749 7.067336718872703
-12.396802953179506 13.849839752299072
-8.914433319014591 -6.054724409793544
14.591193239841907 4.605118211614748
-8.817477448494524 7.815188234943696
-5.312354815569548 -2.8021860577856526
-7.168631915892032 -1.3445919342104187
8.392077071216589 3.921834769128945
13.081871644496875 2.2316379221751714
-6.998978679525549 -2.141146288091783
-9.958300806504479 12.486590285721281
-13.164903498710075 7.303187448453316
-12.123610288701851 7.989679980896057
5.832587439617203 5.449488073742565
8.40720106013889 7.844145123045605
11.417786678325417 7.393240845589773
-10.182872751944721 8.67202421509026
-10.84314720445549 9.378665269861907
14.760625632666533 2.4332880311660237
-6.6899321461280294 -7.807606432290368
-9.46488534424116 6.0061446370315155
10.654507398182012 4.3362468326512476
12.196202087083645 2.610197361332004
17.550956767061994 0.2943763514541935
-6.590092615107462 -4.215739523496048
9.544589331745735 9.30759635891047
6.152575495377633 5.800817655583968
6.915935235401336 7.517071568047201
-10.430937070589685 7.53648267020008
2.579210328088429 5.129778837291088
-11.213591360971584 12.39152834998572
-8.068774069441083 7.249220131555814
10.126865425129026 2.73995987130294
12.995263635900702 0.7812260672656148
-9.404317543905698 7.757276504862407
11.958303132661934 4.133168612818947
8.090386291378387 2.015129510069145
-9.325414340360727 -9.782695413460672
11.846980855899881 3.0056422478802167
-9.864768412937824 7.318329362741837
-10.262414949249385 -3.2743128415755485
15.54043730908384 2.9503984869292177
12.695407165728264 4.363489304436322
-6.131000299929861 -1.9971753602712763
11.040265867897421 5.953156495091486
11.409633847736735 4.994039394220367
9.139646528104922 7.447823943083135
11.267270523874434 9.273251314759468
-6.9554578827733415 -4.609377054346414
-9.477573148571668 -3.3057232913909615
-10.265002178060566 4.471643552852828
-1.2712617335559777 -5.465347275299454
10.046468115989729 6.455943658178797
-9.970747826415419 -5.602283987149006
-5.472237291859727 -0.8120902596060473
9.330362061736547 5.251387772323752
-6.381104971520192 -4.012923143064041
14.012181673185083 0.5002158967752413
7.042733350004698 4.637999177068184
-5.574626930163541 -3.5948596847908654
-5.8676282072032 4.462627475560879
-8.135837052059806 4.520975837625663
-6.188074661482595 -3.4511019731892767
14.850101054265561 -4.734946125051728
-4.774935511634164 11.690805853139203
2.0507580402841192 10.737097724172521
9.568419022518823 3.53086000958744
-6.539483972915196 -4.782418370213845
13.848955345822322 2.819436145389665
