2500 2 5
4.029147042407555 12.959389019202728
1.9843152921240588 -6.171791910578609
8.900435361145941 5.780393579167861
-8.713003108570355 13.20640759509773
-8.787536247306338 -14.002551795111962
-11.882581950201065 -7.686667254304769
14.85833007535666 2.002034406288895
7.48619567712764 -2.000839637263093
-10.551818670912361 -7.893116679514663
10.584192005827685 -2.7376020703983954
10.57595888939753 -12.595444195277382
-3.600965429943292 -10.872288029086523
-9.715628843466149 -8.134502284912163
14.051633752997997 3.419929582039581
-2.145621596722645 13.352324046260978
-1.490747477774562 2.4908211235248245
-1.9375109811071294 -5.752566675095403
13.289526089786147 6.394404527192475
6.396902780349457 -2.745586297847023
-8.286717025272317 -4.985023753271159
-10.851075007421537 8.344470949681899
-8.097848695928938 -5.261101727246435
-11.004547483323675 11.99435964053683
15.952471113132813 2.135831021812642
13.348372466592494 -8.831452356139742
10.795985101780431 5.599228252092023
-10.374156886166785 8.871359664365828
-5.5847488889296475 -14.375506625499785
1.0178976740476458 1.9513398455619821
-8.585970159340054 -11.915240047400673
-10.26619305182142 -5.739056999413924
-2.4958388383149543 -14.456534452150649
2.1638480002999856 -1.135571265719408
9.761345068092343 -1.054332243354283
1.893785310699542 -3.9344458712896397
2.6909947196709645 -2.726515045843877
1.0547554583552632 0.30086984527991945
4.426488908263611 -9.090965522741847
7.030154521528214 5.934595063159607
4.754758767812405 13.819157044017718
0.9143373086503672 2.7399248837687864
4.546818370880093 10.433440587211326
8.5718628432872 3.429736740933441
-13.224943301268826 -8.511488769964156
-5.717132746056906 0.8646467236912745
8.090535696973271 6.88598442478091
2.022043029350641 14.413966555323306
9.838962955721128 4.9706996984793985
7.166379376909813 12.771987376336227
3.7148076549338462 10.806209248154882
8.98448304668381 3.960873480055903
12.147218545006307 -12.626770525632796
1.3320912367222952 13.192663104842126
5.909308477588382 -3.665863503527685
13.105652386022033 -8.594143248163787
-2.0281548815210755 -9.601901743800665
7.719686612523631 -11.199419339413776
12.463483343515335 5.589695916011554
6.68563642053131 -7.48405523225275
14.354763931489543 -14.967966148317998
7.696451530671315 -14.794236139073847
13.94196614669594 -14.407158799629055
6.11014262375404 12.357726655821708
0.8019989703605184 -12.509219533301803
-7.703422735328057 -2.770921618492884
-8.503145363037493 -2.273475278884221
1.4418095840622804 -10.198064138283772
-10.257415184565394 4.281303146488539
14.063243605070063 -12.401164732638396
9.400215913261963 8.330956156555397
12.765336051653744 14.01322278358294
10.276619266485195 -0.8225986877499274
-7.944471665183109 -14.927098531002695
1.3714424274301535 -4.436801603637306
2.013923405707729 6.39716060050517
9.629164924946139 3.6689164388602875
-0.9582480768071413 -4.865675031976762
8.055617792833281 -5.967523806797658
11.260448742730905 -9.202095952380844
15.292098691641282 3.128172904681003
-7.350561620480532 14.945944501045371
5.1964392186315465 -8.17947832896654
4.774396458745528 -9.822285366873722
-4.778229014926632 -11.110426644793598
5.912078149941156 -7.772023608772697
-2.3393346047532866 8.678248074772679
-2.330194382250802 -9.291450099907644
-12.573802392286293 -1.8694194480692747
-11.50595646087876 2.5785114139693697
-10.156461401373278 14.99227991875781
2.097308404583462 9.780554216421312
-12.737734219093912 -1.5036704991481606
-1.0373297755876667 -13.089683482929287
-10.205018921139562 5.873825114026442
7.365368530429414 -1.7869688107729154
-5.471243906883753 -14.402916398579432
-13.006142619521736 -0.8011906071604464
8.752138344968312 11.968306431549294
-8.013213403093683 -3.8475474493081165
-8.988312985667942 1.7662898329707915
-0.683322942593172 12.559706780291329
10.92594338107838 7.028218860653722
-12.851430438607768 -2.177418376559727
-10.049928748287249 -10.257910210571783
5.499434915363672 -14.230577799131625
3.8161291993266673 3.266855976732071
8.598748124040462 -9.515874716811211
14.19730389642664 -3.107481109906635
7.754390694595223 -3.5950295608152665
-13.682943461768389 -8.700133883208078
-0.21588447713587122 -2.741727355816522
0.21773648393395817 -14.76630620529222
11.156490199339405 -8.762471162421653
13.663658524660864 -9.506387068591048
-6.22481803498283 5.69099491231195
-12.400240982503655 12.691652315880653
0.1014347889101046 4.46945971231715
8.307719222749338 -13.796007474237372
1.5613084265206112 -9.670425122889345
10.102752999410708 -13.608819183910075
-11.67332022957946 14.164436898707827
-2.6631287546277065 2.733188457558729
6.09621459134425 13.323888083424396
3.982849994187575 -8.95820939830067
-4.318036248893357 12.450370362995436
-9.582341892358478 -10.813661886083725
6.423751313583594 -3.25250101194548
5.487989510310086 -2.9156823230784408
-10.026285594874816 5.517430215355034
-3.526317139402847 -9.56055745533305
0.2935262028332346 7.64879735146847
-9.470884340666013 5.363989723269341
2.6766128109830447 -10.718304251206733
4.686362998831349 10.80056000265984
-1.706666755899434 -10.587048834614432
-0.9322828398920606 -9.996761521692488
8.322224663400526 8.746391630004688
-11.078613705579588 0.41279677753680666
13.101532782733589 -10.045593362239366
-12.945826061110104 -4.118175505519341
3.5786222195151005 -8.680934093168364
13.644950091561874 11.938969810799783
-13.262442242896205 -2.6828627255216997
4.446885411600288 -4.101478162277951
-2.3069043057123793 -12.048334405053517
5.070781064170646 1.099456574802268
-11.319042541693992 -11.371202500192714
8.907943352797599 -4.369499346302192
15.006217208405205 -2.6759509879775063
-5.005614168367469 -11.87604238110854
-2.678895937524711 -6.002899888184981
13.454720684954056 4.261779328078676
-12.936341359642457 -0.947721606133392
14.536153052415774 11.273014030183585
9.53741432666018 -2.1466989729598556
-0.18174253318519185 13.329657309167352
11.775297935945753 4.137376676226916
-2.5542027243805716 0.4338761641148956
-1.5904448759827439 -9.055585733500648
8.252894617180644 6.349804029307965
11.685385160081807 -7.012597247333473
5.111676087165348 4.948534061150773
9.208814669220516 5.758327280726614
4.600836199400334 -9.090065251847697
-11.025602334302459 5.372894268788934
-1.8793540717422417 6.126836078275073
-7.060871018148864 -2.3419943251122546
14.840308750044628 -0.2241785516560233
-6.816081367741877 7.468585576266147
6.764581189998381 -1.0928492062866866
-10.258939365308942 6.512152727954377
3.3712720864065275 -0.8330817838492006
-8.169272904967926 12.843575583288601
-14.929419100538102 7.153456536681276
-0.9842991075378791 -3.93581080275834
13.743989730335166 -4.206483073861175
11.780621318283984 -7.5749172695831675
-7.188402855499443 -3.56193411411863
3.8243915304143634 -1.4685591963667157
7.462231911810569 -6.643115749092532
5.101303997909827 13.518864519749915
3.997627758521851 -6.05120422847342
11.018155206069531 6.5447549123744215
9.412032015997298 14.542370269550506
-14.900245860384961 -9.107781228307458
-11.09077100549277 -0.21460989209245263
0.4959870671769533 -14.889520726902813
3.1490561026982142 -2.386737519796039
9.656614984129558 4.238210341964661
12.107428264791057 -2.6078175527476493
3.339161508176165 -3.5378687113086222
-0.807408067377736 -4.458108323022607
2.289113949301804 4.897123775587232
9.518313066722477 -8.358935817405548
-0.4453307040358858 -8.596665168892521
6.13521901957575 11.658836953943425
3.5217595938160002 -8.72266685119321
12.231787391553349 6.169569194997294
-5.3768847689562875 8.766867053864747
1.902198613638383 9.355852488760334
1.0723440454191007 12.437958556182167
-4.871495540827421 -7.709506383025328
13.965839061144584 -2.049528375850972
-9.829945526240483 1.621385208196152
-10.004017544999932 8.88548361597268
-11.172397677379232 -8.165284919382962
11.383677035333395 7.299582695424114
3.821238309038705 1.287669222451708
-4.008982109148738 8.436030557888714
8.814715576731203 -7.058472161956228
1.5919319619069654 -13.892077698440444
-1.0941559639591834 1.4198680903874887
-7.395183603534581 -13.302706072927275
12.626015458225028 1.9244445813714415
8.108758555452162 4.381624393885105
-10.112884940409458 6.584998923501345
-11.559183939069758 4.8438135539534075
10.815421147437302 -12.9000015443452
-8.28376756628354 -12.882578008056164
-13.966940836427572 -4.754532068452306
2.00134769821193 7.612980501755761
1.6906270306039346 -5.791128680072372
8.182791502385024 6.225430123886548
1.975191543580479 -14.565882213589273
-8.317428447974411 -1.5283823131134042
-14.684216097464484 13.062067080449964
-9.197965511249961 -12.216207146879263
-5.07267867199929 14.384961563035624
3.568111357189885 0.734521679812012
5.908050121994879 2.0135314573535554
-7.635935924100528 6.365267058401737
11.81726142619636 -13.811717002709843
-8.666184784966626 2.3335016170287624
-13.714373960823902 -10.941481998488383
7.223349387415126 -8.287024525694452
4.631966202530286 8.344247151947481
-13.3435302579147 -0.2863150297303836
-0.6422145065022491 5.691505559751903
-7.922055394218969 -3.4830537991140558
-0.38154144355540254 7.079035416349306
6.433494186721287 -5.508599421170439
1.6078573852698206 4.437909003923181
11.776180350350135 14.021320557852928
14.80552219198292 1.4371988805993685
7.2446139828949185 -5.440394630894263
-2.4076147752017505 10.04557010098237
-8.751492767499148 -2.969814536527391
-0.6135111344571857 -12.66630511335974
8.436744770101491 -1.4018516190944261
1.0947757284540245 -2.69719125946356
4.624192484596932 -2.709753806282256
14.293239785807856 -5.2873248473103125
3.737673833923168 -14.025586696519554
12.269782511510542 -4.740233565991145
8.16345883598939 7.187791948242504
-10.244883616499862 -7.987599251228465
6.492773331240702 9.620601584979365
3.3447334369101043 -3.699928729678362
9.607756804837162 14.314388328733212
-14.38478102236319 -9.357126217737672
-2.171789892634731 10.273519931025632
14.130249173931286 -7.69509166028506
-2.423705452579526 9.037150543647584
0.41964190112954647 -9.807647560140692
-8.99004648816478 2.316399497300683
-13.832155306622274 12.39855758958296
-5.8266015932674335 -9.436806356346198
13.676458054499015 -10.447681857872922
3.9236504892261266 -5.525590027593731
-12.952534802123536 -8.304762566768682
12.318226721265399 6.6708252186446115
10.107976090181936 -3.7802710294923756
6.072277570377167 -13.556559207489734
6.384671132743492 -5.592695403096288
14.416241398205333 -7.72092620115518
-0.4966323388844387 7.9690913314425735
-9.157784638285149 0.8965467696256368
5.735984072957297 -13.789156618048674
0.1163173316428825 -6.1264107837827435
-11.525038916057422 12.712005619581994
-1.9385303836080823 10.335668606138157
14.353273923153349 -13.289846193459518
3.4107986803012587 1.3186095215147127
8.709870316031232 12.860313001947137
-10.529422756152705 -11.689663296142797
6.536796198642744 14.780027676428968
-10.03277758882068 -7.871798839851797
-2.2069876840183955 9.355090988669847
-4.919384339768159 -5.4349100979956235
-14.389670385165974 -1.3628239466034486
-7.614173111895229 -14.722291362690799
3.4089968414498912 1.3937914909773035
-1.6086747989477423 -9.292398795241553
1.5157811540951052 10.992916330003464
-11.40428380706278 6.8608620438867955
-8.419793115178246 -1.5177804355711642
2.4307073779217845 -4.503874848290085
11.211971104656373 7.021820121178875
-6.57135494575977 -13.446345429411966
6.129559320449545 -2.2475568168330646
-14.488086876917926 13.943686792605913
11.029644037943283 5.458008197901323
-7.105179244671895 -6.891164635759342
10.77306232491992 6.504028664988624
-14.09592984847589 -5.418928077591351
14.360419213391967 -5.942294632641685
11.582068553624172 0.599563778562239
10.587176243750424 -2.1599334177411755
-3.302454967242186 11.243328300283203
6.143644126368486 8.976442846238392
7.995427110915809 5.786970873494347
-11.016972939944402 -0.8914951536049802
-3.3383325137590365 -2.2863684864854097
-9.141902387532024 -9.374199801390823
10.051160315034675 2.745102552003366
14.180516745213069 13.652130912932762
1.0029230642525881 -3.574497300851055
3.990594996250678 -5.739463810730554
-9.401186103434833 1.763234736638445
-12.169668240639204 -1.0724147493009752
-14.869616303844765 7.459487888663531
-3.395839622316325 -8.40000023005841
-5.728959055468877 10.039412766309393
13.199448078137852 12.657329862382692
-10.493932276586492 -7.57368589456867
-10.510460668375003 0.02391918690058148
6.633076583858532 -0.9656015645226184
-1.2689894869788922 -12.808330016817273
13.114664626016449 3.2320012413461767
-11.535535045670631 1.363957361687845
-6.18770289417796 2.862186497048153
9.078093139531521 -14.814763522350315
8.595256006243137 -13.705009611773963
8.140460945485257 4.795782719405211
-2.4443337347064613 2.815527247539194
-14.008943201043824 13.118514206109928
-2.6940344787898987 12.18904705601301
-12.193105322112354 12.998852067834612
1.2032747494947742 -6.0518042782168795
12.011527226841181 4.100958054758668
6.524000845652893 -5.154969866942279
-14.033674792698415 -12.628567871920353
13.419594071793167 13.155753801525353
-1.3659592961227514 4.813190594202382
14.711758929242261 -11.506604996678467
-14.044874267307435 -4.0566400616117555
9.839368599667404 7.724338778176587
-14.724433509690941 -7.654269084301304
10.867494407377848 8.832068809262221
-4.964803627496682 13.234497150221863
-0.3285248173310613 5.247478843092338
0.38797066529020974 4.1808199850511585
-9.967589916604377 13.086868622995699
-6.601740574074494 12.604505418109497
9.761237259924899 3.8001952909469865
9.155419138919346 12.064562105730705
9.940928747765984 -1.8261511899146203
-2.485464237495348 7.083845885977659
9.787587091279988 -9.47020517018645
0.8039939791945105 0.7742569139890314
-9.141387192974047 -4.50381030127901
4.083871238729486 -7.190377126819847
-8.203339193062728 -3.5496406658496458
11.872405383103867 -3.7069609789322335
-9.141195358487693 -12.618227615211925
-5.711524080732242 -3.0815038909263404
0.5419017534989656 4.537132173252143
3.0131487462449194 10.899400047510976
-5.217225494995027 7.550340276257771
-2.3443573283029977 9.341524328951113
-1.729453712810951 6.221569355897543
9.396077550561474 5.0808138009031865
7.589145469765619 0.010403204337579908
5.116573546024988 -3.795353357996458
-0.24476029526977783 -3.2508939881863146
-13.74697564803194 -6.68180001132982
1.2955348673607574 -8.14775136209552
1.16785894980001 -9.02482615189977
11.584595093145353 -2.4645926289975737
-5.10913937943527 -9.307675747352125
-3.602961853893609 -12.90529685013532
13.683464901149396 3.5289446199209844
5.795223002667083 10.036886933677298
-3.465991070712425 -13.946274108368662
11.688881747411209 5.980418762708121
-5.672650189228072 4.884786429491253
-0.11437403861083872 1.7985702953020244
11.56480381969822 -6.259841426312958
9.319370501735397 4.319698147214989
-8.368021343050728 -6.00853150888801
-5.045616438067848 4.056663345277125
12.106955425089334 7.913448208629908
-0.593569765260284 -12.975628194681686
-14.681853895772988 7.588479014761628
-9.189163734851364 8.232588109458828
-14.510896072884691 7.450624250716782
-14.566261991035054 -7.219756065412745
12.252861809941477 0.5952149708546262
14.226381083670876 -14.09598816754527
12.22028665278784 7.935221948289318
10.504958670388387 6.349599008139009
-7.889299686422026 8.324142419261808
13.449844637787816 1.1238978736108458
-6.427365966480526 1.709866653870506
-8.186190756742935 13.274922007923607
-6.410846329579991 11.087987394225436
-1.5153094103385332 -0.8554109592655834
-6.157564021536588 -4.62210232306994
9.361915376573787 -7.860704627413964
-5.089613762132263 7.205414402300438
-10.291177906739204 -9.572488678618349
-2.4722123695934783 -7.390429949870455
-3.5523932804190768 7.423597688201788
3.824271444590739 -2.0311749217127364
11.91736203392055 13.867744451149207
5.741463229222163 -9.923267307981522
6.3024004570908225 -6.835560546557401
-0.03941520222095107 1.2504912129856827
13.50955612291872 -12.284155101328796
12.093577166668485 -4.284419761892252
-7.855844250661203 4.7469580379271505
-0.916896155414225 -1.0378731157412417
10.259434343205257 -8.846560911890009
-8.271931643072516 -4.191543352470224
-8.937279994108787 -2.9062823939472544
-2.0164117227467404 14.785022798714031
4.753080850073083 8.506576685385362
-14.519459175636303 14.80021986304978
1.6660214846166745 -2.3188084828542195
-14.356688437200415 -1.3858432305865271
-8.007436767237948 -9.66506574942617
-12.427395695359522 12.656618697942775
4.280881364958891 -6.012301429687211
7.4835204940328985 -9.227214340720975
-12.182872979693826 -14.315845117254076
11.517599616653394 5.736208162358681
-0.6699154326002894 -6.336036786461932
-1.2496907468139735 -8.995323257642646
12.223421331768442 -5.220572474503889
-8.092910268570915 -9.647609685743522
7.074769444332848 -7.912091659612158
6.815149148037101 12.953179476620964
-10.544653817113563 12.53929912099824
-12.437509834250612 11.888247476836188
9.163495993481039 -7.633164648343248
7.435371790536756 5.033429927805382
-14.738126784381882 -13.405833462326987
11.185494913535912 13.480855755067545
9.298665213909304 3.9107787233365405
-4.536478775441664 -1.4088197037266221
-1.1077998386226522 0.43427631486271245
9.451566060022529 -14.00366354546536
-0.16058517855785226 -3.6148803095643363
-0.09940176720477112 -14.13470024962699
2.878532323547603 -3.042463234280305
3.319495922299872 7.119362590622778
10.66059961111052 14.222979797397368
-10.711768546211617 12.366376131585309
14.990051803492698 5.260507607917913
8.28491101119715 -10.51663454463098
0.8467571586341638 -4.582509548440969
-10.18388277233268 4.465153237630274
8.39717644286586 4.851862213732766
-7.77431432917827 5.45843970874251
-11.800779842070146 13.896477174018433
-3.2342672431188877 2.008991945497801
4.032522111469024 -7.917733899941366
3.0443770922800013 4.780774412353125
0.9761933253794641 -7.857018006108598
-5.798140920624451 -9.160243268295908
11.448907818411222 4.551507065592849
-1.2781920099407387 -4.716175548071412
-9.61189735606811 -2.844998951948679
1.8460512267505287 -12.549343383608019
14.380181377357532 4.367412124764819
-4.3217230822455335 13.563358780371225
-12.744723753954057 -13.345584415539122
-1.8346410063607355 -12.351558149832767
-13.698951275276052 -7.212143083626199
10.360821278874273 13.499951190787698
-11.017196307781402 0.7202850924046302
4.658500296900694 5.832462523800747
-0.8691752881649375 14.254740945713937
-12.764403125313688 -13.587495983126095
14.166936806565849 1.579216917716428
13.944286628798032 13.365409508559292
13.497110799302483 8.956349344095026
4.96402690470363 -14.352056275947398
11.772452514832079 13.093592005572695
-0.5132235397100402 3.8175579404807607
8.204828226650314 -8.24079642578353
-10.796965249639987 6.795441068636818
-8.558725337345578 -3.7173776011000705
1.9139930290665035 12.730755535602189
0.49333581338576415 -6.16384707469736
12.034877822631119 6.99746168965611
-11.062454489136822 -0.8347519493559457
15.357604763414011 0.9571123882336221
-4.137898157780063 -7.903009211510897
5.0231215488855305 -5.7127606251148535
-8.471112267738517 -1.8923873205195907
7.380196382770389 -1.4551969474594415
-7.2590177518075825 5.191474123617838
2.0862471836121337 -3.554210585109413
1.9578650063879977 -6.4234174169957505
1.8712446819915804 -6.594487284524977
6.5464739520662825 -9.77553913944992
2.740843847567959 -5.263509514517008
-14.916891492282499 3.1281871011414104
12.761402712319722 -9.705736026404491
1.233328767662897 -14.581422129991267
-11.116711886986698 -13.057018964930444
-14.910467569129214 -10.338435956166524
-3.177022013324443 1.046542899820217
-11.653090002520345 -1.2987477932556075
-5.3930395083753595 -4.265853732060744
-4.755565860790373 -0.29183871132196515
8.535839425685495 -3.3153399776682697
-6.2282627322114985 -4.820896206909474
-6.533442686118745 3.3226139625019435
1.426989508098874 -8.442299003675078
3.94087308979422 -4.282693044245974
12.918049619614106 -12.155079242769373
-4.984648199747042 2.134327248819435
-14.634235546162525 -12.567236345259248
-12.556260531264961 -11.725004636430064
1.5368807588469977 -13.847730209593792
14.563129614120069 -12.33202503270638
-9.982055448860272 4.724881818701949
-9.024807149439413 -2.2655245850627668
-7.151717151779051 -6.5789772237150235
2.1654618728660395 -7.004431531980147
-8.031313052192019 -4.914733343570683
-1.839276871662058 -7.058733185786159
-2.35274338394675 -2.2227504929093573
2.522165415519307 13.99853175280705
5.427352067208595 11.306229553177275
12.887594621926219 -9.220801933505502
10.648172829262005 14.355389439045567
13.5465413974873 6.5708744963509
-1.9681333262288767 -7.137603377448698
-1.2921911301116076 -0.008848211061200928
8.929578316624458 -7.900016325246727
-3.9856347084035484 -13.55875721425898
8.474407791031108 6.66033250065401
9.911945622434047 -14.482327202566301
-11.409739446987 -0.8112497157054239
10.513675154162733 3.1097796884864204
6.3844031466826685 10.608040690176097
11.529934751483779 8.460758497165974
10.96129464178724 -13.67264901695777
0.9296122221486609 -12.181470788918334
0.7402254479512997 9.137936743414777
-6.476407846817521 -12.29203784837771
-8.39793022987055 -2.9197831753308474
-13.298288007827638 -11.790459691088824
-0.1403367215003044 8.245842771221913
5.885016295634891 -5.628421873492156
1.4403839388559732 -4.302001075620145
-4.945045086579045 -13.145620632744741
14.900407117534677 0.24784146801197915
-4.6209238454162325 -7.7183654862951645
6.538044489419338 14.53520623065478
0.4849079763338793 12.233290083549157
-8.57312534618115 -1.1986862864160033
1.0281718200166452 7.619385360636354
-8.230008774950068 -4.108045734066576
-2.1850299779707107 -11.455230866990963
13.988745003941794 13.8705971611071
2.3962876594174887 5.121437454833437
-3.473625473624244 14.097950006980817
14.690934115569025 -6.0097835910270625
-14.10200466699751 5.671257135297097
3.8042090772547894 13.712347808564154
-8.356198445002509 0.3843734808301189
-12.398122965162306 9.445697809778386
8.08698024861383 12.898835009472116
-14.933370742470007 12.152237213143707
14.44887352904987 1.104656562506619
-9.176500111051386 12.451786633475713
-8.893622297948097 -2.8410696067234884
-10.781931645989577 -13.706088933053497
14.921145888054344 -2.057383068006737
10.924272990690072 7.202537042907717
0.09756390778067292 -5.140886271606627
-5.310738409083344 5.43018450876842
3.4502234458209315 2.390019192924278
-14.223630509092109 8.497589640764819
-2.4501357075386796 14.893812828445217
-4.856757709970545 12.643305286345804
8.21560442993611 -3.6534224496063334
-7.622532918739988 -2.4420822802031346
8.669999295237485 11.568382348770253
10.706397325500774 8.045547035943553
13.829521912651181 -12.745717267584165
-8.613834678436934 -10.24896511303086
5.1730277700813225 0.8424515629225287
14.502787048430854 -6.428253880346658
6.381414384763751 -10.932169121553926
-3.757868430336462 13.79906704885035
-13.342757793171012 13.595405460325633
-3.7475307177565558 3.203223237860186
-2.5976165768239206 13.654963214475806
-6.260263217530742 12.956472323965365
-1.630464706776893 -1.852475451202361
6.6036476003852265 -13.662368549228663
1.2161885431301158 -2.0392077626716514
12.952853188608367 8.685083452759098
-2.549236790030502 1.5798153660085426
10.358527227279753 5.64794179886859
5.202212138064418 9.108265658028259
11.333798160233084 -6.436123932723161
10.840340012932785 2.9940965005504054
2.695970152394004 10.354536511768309
7.709639330703383 4.488367940999299
2.5035176143672793 -12.63145601964081
8.192471216300405 -8.800075331862068
1.870028322060957 -5.715498219786134
-6.131000299929861 -1.9971753602712763
3.1945652793109645 -7.2011331702915635
-14.389991259345773 8.947385827456486
8.019806689786321 3.2011117763102033
7.359673075110813 -7.111701069736953
-2.1049745347255246 -8.491731168091093
-8.020723883027825 9.313206022808657
3.5246695533580095 -4.345405194104863
-9.95275807922216 -4.337586593013833
-13.418205041888779 -13.809155989979464
6.969534130261299 3.8402607096309196
-3.028339882290199 0.021457708610419957
8.755655336988116 -4.053102877957835
-12.86219906332576 14.436450919699105
12.79719280673192 2.6156546901654205
15.029561435626514 2.288024421610884
-7.095740822532623 -6.899140624175393
-0.9403973250377398 -6.576718933502079
13.315465355622045 -1.4793965772545628
9.272291518630734 6.829912789856203
12.049524894724684 2.4249674152125458
-8.044367134956618 -2.6420879995924675
0.6110056188522464 -9.041091501607534
7.450413194065004 5.472330649657769
0.5422205847904742 7.704257121975111
10.063866001237855 13.614600843182632
-14.523214404352945 14.052888654694378
-4.782516143045493 12.615292619508875
4.04998034913875 -9.66774754623838
-10.403124445571287 6.004302942291828
-0.6562861102968363 3.90529993741589
-4.836888407999073 2.073749805838208
-2.9064701687087986 -8.82549604711766
3.719702949270026 -5.203405456966854
-2.240738265264058 -10.765103504830552
-8.768656257897266 -3.245830408570923
11.031322147562012 -9.577327101915659
5.8087897721883905 0.8580203966987625
7.739564812934473 2.401028876550785
5.142504436680703 9.469659852970086
-4.420556639009908 5.974442470157733
3.7100281308970544 -9.099539783293856
11.766085289463934 12.688016800014477
14.47925455148258 -12.002539086605513
-13.382213970046635 10.52567204978136
13.202823317197716 -8.573284453377575
13.146468739922428 7.712465748798567
11.20323335768778 8.242518138308002
4.513754580919979 -3.539421024209183
-12.269847888362658 6.586725938471679
10.748476638803819 6.787934821621482
0.5840359930161227 -8.464572119704895
-4.184759735699387 11.362455540133332
1.731163462291029 14.998847098845207
7.659966852994408 -12.211827910850543
-1.5604744613175026 11.971606143185795
-2.973550186412199 4.618362333204196
11.905427101706909 -9.290507436785607
-5.814388411077653 12.807825945190398
5.341037281500778 8.589823788816947
0.3032459661670579 14.040601797343413
-7.420577333502788 6.196571831091422
13.04301510883257 -13.333071442940064
-12.70222428178398 8.061689677817531
-10.373906784126678 6.8567152129146995
0.3142295127378034 -6.796225762950469
-2.5505826033093513 6.350484224744189
11.096785771292673 14.827089796736814
3.8117708834232253 -3.478983882535493
11.758410783409158 -6.878368528385506
9.624508742085322 -1.002383382100133
12.917682288848226 2.6344793469404473
9.550740971194074 4.314828535614025
-6.6899321461280294 -7.807606432290368
9.198580066029713 -2.1555209352855247
10.475794732520733 -2.286603273909476
-14.04549849082256 -14.358226387964233
0.08593805816717115 -13.10478876114685
1.3194172850349872 -0.6865461366131544
-14.369913542159676 -12.032167491434691
-1.7046722613633865 -0.018182231482064992
3.7012622811767706 6.330925314946793
8.077384019908873 -9.03115516301087
8.05571057319574 4.615657938242953
-10.929098721502378 7.084800446388631
10.874765284981926 -8.492196855027682
6.681686045940555 -0.39014041702987967
3.162243681588503 4.740629400361659
-14.441329108067926 5.028538253784166
-3.601987720276618 0.2435768752718417
-0.1844349977930122 -8.836057995233073
11.840652582692597 -1.1540598303457128
10.294761145945152 -9.686353827943798
-7.041932998827024 -5.870764721955332
7.302147039942891 -1.3761997975069402
16.93410589410455 -0.5702344546353881
9.341233315476039 -12.918970374651325
-12.007557661485837 14.941238716416436
1.236389451348554 4.712656760599138
11.23795579104469 4.827027651362469
-5.780508420918876 -6.210214647529689
5.533144701227691 -2.0393451122208663
-2.078009323566013 9.043505810470098
-7.740759490271324 1.1688987075777781
1.6558513866618547 10.36517567393959
-2.4730848381349784 -11.540035165286824
-12.895204807600324 0.17604756211765782
-3.115674120050521 -9.427822543073955
-9.676706466966703 -6.247100766487785
11.470971553262288 5.7194641352769935
-8.137676636614112 11.591519453485464
-4.671567575193002 4.453247205032746
12.775806485338226 -8.194096033686703
2.7019327349090574 14.865737210897223
9.957736683291067 9.267394104994722
10.872381521260024 -11.957712253662551
-11.59856781920023 14.530949994899466
-1.4126071602009134 -4.159204814622546
-9.24926958370735 -12.315738654051497
7.618778927355354 -10.633222604711342
-13.116479155101826 -8.319880268738212
6.415807431027417 9.206681728354255
13.132087455166236 1.5642021945447204
-3.5772261757469934 4.409263782845507
-2.080555967526017 10.987226610225374
-10.61613168370527 10.925074299578755
9.593157556474955 1.7607517377247426
-1.5113962682087294 12.410268925989712
5.825094219181288 -0.4404680474293414
9.232307615027029 13.017305792139329
-12.096873279722203 -11.088089183971874
-12.23589945088598 2.2366334740336242
7.942313875548571 -11.45185595645412
15.909592232085433 -0.09615680057948639
14.026419194752823 13.356332333160136
6.19976975653158 14.452129080608863
15.919558332804929 2.9641647582166035
11.385918736997798 8.784341000148276
-13.28819219184701 10.950859778224213
-10.967960747702818 -13.682192946458462
2.0380594205591933 -5.719203848307075
4.960900540481969 -1.2933414697739885
4.479353475776364 0.6960994560195175
14.604749607694071 -9.458774814047302
1.9663435568673364 4.372240619821547
-11.910087721086393 7.7849484430262805
0.8252621840819767 4.480988973386591
3.3051733527554603 12.071927281335615
-6.740966630304124 -8.423026701808297
5.666297556598245 10.752681340170238
-14.911597017573845 4.858071241354921
-5.832740856925099 12.338953685849855
14.761529541880947 12.233173822594711
-3.4374556173213815 12.816102972036372
7.786510747187062 -1.059027067304335
1.6511683569635807 -12.520284863842775
9.470591246601725 -12.199185670584633
-7.923454692983665 14.020523936372335
10.620235402472215 12.012493195817243
-3.5133855302428003 -11.41627537912689
4.652066168536926 11.218299957827071
-8.650871606124216 -12.74193001746252
4.077433127821735 -13.428773949266015
0.06202446887547275 -6.2365990508462605
-10.86492865862548 7.138205817174292
-1.333945993473046 3.878214307125166
-4.5545457362945765 8.235851514158298
14.256338511849862 11.706202328499298
-12.218928017173809 -4.253694812995004
-12.441910024306317 -8.96857696385863
-9.985371736804478 14.78863379657589
10.841507670014188 -3.243745313854646
-2.939781878710832 2.248379102101918
9.682861952282625 -12.287006748732018
13.210235227706306 6.090077579286683
-4.420913033369104 -10.264287017179898
-8.318278422199628 -5.815521485906443
10.01938340931505 -14.9887481348604
3.743364879960417 7.446106073402294
-12.222941564192107 -14.879740702913677
-0.21092104536316114 11.88731165074502
-0.6356774018191942 4.989283239592606
5.1354808831388326 0.9561116832576371
12.993489411896995 14.130686063589273
0.6847627215418957 3.618521396675945
-3.2804214530415976 -14.925374455382244
2.931044341307654 12.048234024089574
3.1155847295212666 3.126673804535617
2.8174844450456185 4.227711397515282
1.619956103086686 -4.04217423320161
3.1842894864270868 1.2167157391940222
-5.297295432969534 -8.138958649064008
-7.6358814362925616 7.227937041490888
-2.2545031991759785 -7.650457042189278
-6.590532636485045 -4.983729214517648
9.6047045054348 -7.566551498009243
-9.918781430922678 5.98335180617282
4.190521317821396 -9.89184756079159
-11.744371012182949 14.268006589536387
-8.697470811435576 2.5646397754535073
-0.09575969358306757 -0.31141057212147416
11.870237075313817 6.945504182436223
12.782044717027038 -3.591872637812262
-1.548986502415266 -12.186113392221706
-7.9418725884373815 -3.4706858406731618
-2.5388629840376478 -14.39413582356754
-5.919343011567116 -1.301786361541263
5.494655386690393 13.497997346061695
-2.1274256109870784 -1.2477358763729125
-7.12999553057171 -2.6003515556011765
-0.9350893741953108 1.4251051814503413
11.37455940986001 7.1406429179385675
4.1581676873981515 14.986349355585105
-12.246818892144947 -13.02543222596122
-8.812187192401773 7.067231386345924
2.8250736350959116 14.771866715514307
-1.4026474712116546 9.982236821030124
4.021450066023309 -5.7245100788306384
3.8206213524684713 -7.745207036067606
-2.6081290821691496 -4.314976127887551
9.343187295269711 -13.405499551545097
-6.8638603595571475 1.4800174515429596
-11.053269217614893 4.8249421335852345
14.780988350430345 12.461715106863355
-3.7231797837970717 0.6928132861101606
-4.331446224582651 2.1006844276310233
-10.468178954165472 -12.601536086826725
12.679668844478119 2.1259221598954694
-9.781750597050198 6.046735930212181
6.167733376389133 -9.170336097382808
-2.022672201985019 13.775208330455992
3.334917793336313 14.758175556955557
5.32263437909128 9.399428702418906
7.9017753139073585 5.170468513755714
-4.68815906875162 6.66424419251172
-12.314247027761816 -4.17995519718707
-0.5229182341799348 1.1713871826432758
6.183406069207091 14.413681904831446
-3.371463816576574 -8.22848783663664
-8.054937134709107 -13.80863055111042
-0.8479132389258339 3.3175503558051638
-8.302060426552078 11.690383357806546
0.7352743336566263 3.334145171417326
-12.660874946285885 7.637300489875868
1.3798714954615612 -12.596660793718568
-3.413927350399371 9.651455561252046
-10.51412973841149 13.045448098650748
-5.832218948447622 4.59903795522467
-11.242781831360233 4.797729173807722
7.354394360038526 -0.7120644495337771
-10.015430468920467 6.161178608489024
14.616678520493618 -2.6752727916836676
-12.019767074928819 1.4561404201296142
-2.9209455016911754 -10.160400162005851
5.455364583417687 13.22365224576141
-12.995083940541056 -5.770337375411808
10.034243898924554 4.976094615240196
10.835882579595244 8.49028374408466
12.23945496602159 -8.498463266523133
11.486363640607085 -2.2546226788793895
0.40639945944357514 10.338030579149546
10.71117872638256 9.490998703047438
8.565842860540577 14.460793252463656
8.963126372327153 -9.06746580668256
-8.37086349895618 -2.929533593854535
-7.221261520023462 -3.871869382765208
-4.997941372385114 -13.423935652392485
-11.383970250016253 6.6744498942920805
11.451785115404052 8.911063833803352
-11.6044633700477 -11.934967742913262
9.297692452923275 7.428508242651691
-14.887292493233629 -11.325105416213527
-14.928531203181144 10.065534975267969
1.7783598340746636 -8.391917116993135
13.302367305056631 3.3774850759764314
14.589687352987472 2.5232313557369235
14.327239232460638 -9.604899104457377
-13.152289066724414 -3.5339276530700836
-7.469613116537871 -1.2090693717443277
8.046220454560824 -8.767911717161038
10.498399949542822 -1.937028556037168
13.967896947421487 -2.707771367688421
-11.11099776672161 12.327811831843896
-6.995654469896554 -2.897238454440031
-11.586152914871878 -1.4489143205502923
-9.038722345771571 7.4894786941338936
2.096204067170973 -4.491308806864305
4.436008965370007 -6.199427791741424
-9.268960672384637 -12.612911509453772
-13.993905542259945 10.039522798331088
-8.64372441587338 8.109362451976018
2.551186558485398 9.360144271420392
16.114406548027684 4.149237135858862
-0.9491593786546986 14.686420407075904
2.234750282276625 -8.04703281754377
2.397661977548509 -5.057332314564599
-11.600809727147698 -7.6364818960744065
5.69363957552082 -2.108510967821113
9.642693391925079 -6.640125659016697
-4.329708840882438 -14.325041540847716
0.18150612635023755 12.371608427768859
-14.613803112311253 -12.285414357775407
-9.009200422468446 -2.7993371934756066
4.1495653722770385 -2.7762779148849823
11.389011786087146 -14.349960117258362
-6.940354366140901 -0.5048611010664539
7.669290291957964 -5.672057726687008
7.461622136687372 5.0237920102154074
15.252238949653494 1.0410999684288347
-14.875238269651406 -3.80780036723184
-2.933279216585543 -14.443200033554325
-11.411844756450101 -9.630310501116673
12.392035844951675 13.691791399344954
1.7211077985187941 12.006920485901816
-8.553072745825421 -4.3228511986812705
-9.399243625859794 6.836814643548967
6.365277512052199 -11.546497852522531
4.528431046992132 8.662254744161437
15.65296015449118 1.841655956049185
-0.47388721697886815 -7.61493129225098
-14.533195037865243 6.416570596500627
-9.205085869653796 6.304417177300924
1.0561129231899429 10.356787325524405
13.74916857364374 -3.845553265348464
-14.721925496949325 9.740939499307014
4.489107972666169 8.357937433471989
-6.567967119678384 0.9937069588279464
0.712585162716028 6.207833749370607
3.1895839976905265 6.376506668638292
-12.9279546745471 10.289646826642912
13.105807314221035 -4.612255706393624
11.770803481158953 -2.2037444007585183
-7.163683361236561 -12.422792585552893
0.6785530280371166 5.073817143758756
7.754832957371246 -13.328809968191882
6.179328535690331 13.742056360764547
10.164622531003133 -8.756078696289677
13.86163290063855 2.3147655904779034
-12.826490178093461 -1.7338977755328742
-7.952386023905963 -4.569547610577906
-11.726543909082201 7.599547668131455
3.5524727905946385 12.248759445876708
2.6516182105562898 2.364010366112403
12.810642692770603 -5.4245557150533
-14.45223991498137 -12.077840481451794
7.685728713665236 3.360232268312087
-10.371136688959577 8.059660547626754
10.55371590506769 -11.937165557323604
-12.755042136449854 -2.027269365017961
8.620054663795514 2.7425188449029783
-4.581037010762186 10.54746215147932
8.236748164245494 -1.7798744335189909
13.902109448262737 0.028795337323425763
-10.99269526529282 -13.302621852365881
9.615830898443296 -4.2295394963752475
-4.993741321931701 1.4047341620078093
0.5717643825975891 -0.10124215300413653
2.533345210180613 -0.04903151455450683
-0.8023264888291077 10.034645834558937
13.80716247505143 -0.13576550322404213
-0.8579082977472332 14.91437104895806
15.275105912358699 1.9257703195038693
-9.450387478361957 0.9327671903057109
13.462430215569913 14.837925486712457
9.316661629426072 7.363928975218099
14.39389112537308 3.1398832968686077
10.883749435532334 4.895612287339812
2.538664692610645 5.724054200577125
-8.993822114241677 -4.096191652243813
-7.230341256609805 -4.5584163548135
13.883013218101443 -10.109350207260523
12.453129894509154 -7.731036637446608
-8.272408895780416 -2.0952399170376816
12.72038791181675 -2.851560984832492
11.78593746400525 -8.614719533359668
-4.2786458504719285 12.462408217972452
-0.4240647247592886 -2.9817102101245823
-14.13253270202812 4.372952145429423
10.6620935749281 -9.671747296250217
-11.28237536003904 -13.108885146397583
-13.859954936554097 2.207204481254152
0.7805390182641005 -11.835859510805317
1.661745852968508 -13.820099565429285
-8.550634304097535 -10.28369822223248
3.3112935793249285 7.395558494974281
0.7062445281120446 0.6556186067916023
-8.113222682141366 -4.59832784184156
-3.868049590596174 -14.49681443027172
-14.770151097081003 -0.004702233863264738
-13.86922023753599 -9.451068363744135
-8.340692603385294 -10.478535901657224
-11.863073097547407 1.5027918712067247
14.112028998318067 11.314286304099575
-5.871578936391849 -9.660997359485531
12.548422221953166 3.1098328005572884
-14.656314381053342 12.726881581572844
11.48595951884695 -9.930760201673117
10.474831089941695 -8.580454522607965
-5.152259538810416 -13.876773800135954
16.433745447420346 0.7362012267602007
14.480920277738853 11.752521000249498
-8.383188365667914 8.724588533322208
0.9053499545362538 9.784727605606307
-3.5513548747942263 9.000340863525157
9.763676255672703 -12.978917402724617
-0.6639694796678057 7.421613226103972
-3.5153989772604746 -6.052678271011896
5.5509630708231406 -11.739461475929803
11.885852613950856 2.9351059361690073
-2.9995780416784594 -11.87588086051121
-7.336955656575982 11.371469287833342
3.5941209625817123 7.45515104927593
1.2143971612027968 -14.8255186964165
-12.623275112897073 -12.004835747334514
14.964297873519731 2.662197627121956
13.4923109405217 1.7244265718253948
3.565709521883356 1.2699099289429547
-0.37793641721062166 -0.19520174839697368
10.328577503050624 -8.132858169917842
8.496620366864729 -11.79294862901228
-9.249365148329113 7.920344656796083
0.32445276202024687 12.79221921213448
4.203755114525826 8.3842766533758
-1.3637752544516886 14.763255350575903
-1.3646673790637287 8.266265720125237
8.825381352876885 4.959206323827132
3.2707861966341696 -13.378191824812903
-8.277058725189235 14.009851925782915
-3.978925127371685 -10.216548202650102
-1.548562353768304 -9.693009230593749
8.021750645983172 -8.713576448783655
8.759217823277282 -11.587591729664403
-3.249753693704502 1.5737773294549626
1.2897352223776686 -6.837811945250298
-11.187446988084186 12.90533848588349
-9.014900575567406 -3.9563312683130434
13.863105333737 1.2585948569235523
10.061368212287471 4.266006681287693
2.96584011335176 4.980038017993337
6.149887771223319 6.739546284497038
-2.0174486023578346 -5.1548002482937125
-8.691609589920951 6.405734914533509
11.146944032817288 5.923760786075187
0.6030866986074663 12.082832723150744
0.8984128058870375 -13.032572282074396
-12.92613797761755 -9.56541043177218
-5.209358152899901 3.2157308411513696
-0.08906290266210526 -10.993768576240903
3.4241618536389637 11.759463940170995
1.8592128311511402 4.58100861308106
11.63040925457037 7.128406602698633
6.639308811110325 -9.3972638432834
2.716396008169294 -9.617874701627546
0.4041751735335968 1.7493316397767877
-7.675521803044056 7.956074660935295
5.032699059622114 -14.15516962240728
11.243135994105177 -2.431976541884385
2.1932590820928652 14.476723930064555
11.382519404292836 6.936991837882821
-4.126970069392472 -14.493330577223547
-9.922910208772006 -12.043325634737297
14.161120492105145 -3.903757307487579
-0.023729336441475013 -12.168017611301085
10.660266018746162 5.883585040574282
14.315924806464 13.62283809976109
-3.157771455596164 1.6770648415874874
-1.0270982699864284 9.598061808275869
13.586834044309974 -13.849578290972405
12.85241406616639 -11.940708790790222
-13.546444082834812 -13.49578624087039
-8.784938336446029 12.311667664390765
-0.5793800289949118 12.163910331221778
3.0986532760139873 0.6128397384194333
5.316534563956086 -6.752951716639089
3.112255639089746 -12.053475070565131
9.120896135500782 -11.61271424977312
-6.533158465497056 -2.428666959022231
-4.044722473384839 -0.4675672756483973
12.776167720140092 3.333343606299334
-0.2760599052460133 10.458422565225849
13.355793741195814 -14.65969360583281
6.798063123488117 -0.8622905170561133
2.408571195702123 -7.668424627279579
0.3706344097918688 2.52083316857032
12.41175028014521 0.17349525578632052
0.8700176341478887 2.327049724475849
-11.74728246169859 5.179464006269476
9.729897497130086 -4.66686760016858
14.36557620490019 10.9026154947069
8.627006556431759 10.67481870675391
-11.852085204399406 -10.560980451614626
-13.613115840687374 -11.493424501932296
8.7809123304703 4.746803727021041
-14.815124373286361 -14.744155311965267
-4.0333881685691395 3.7263949597164903
9.443549427764854 -11.655930381461506
2.067389022656805 4.722990543537765
9.91593330291348 4.60673214282145
10.606148928181348 -2.94776420871702
-9.015627411372563 -11.089494945376224
8.716479268522464 5.014650088811832
-14.59391655372763 14.842257713159508
-1.34954606927759 -3.040173023993681
13.562499197819607 1.462792578920511
-7.33998948080019 11.93766332145389
-13.132497332831923 11.142442307918962
1.4037049408937712 -2.699370915361621
2.7030340738498317 -9.05686401931316
3.5988671922893474 5.4673200727333295
-6.709100737114333 3.4059814822531074
12.28213612162467 11.709600180749007
0.3305176749786707 -9.566248820355275
7.513370930116821 -7.994513222953081
1.2261919811487267 -7.443046203684295
-11.67648036072114 -7.674544719743116
-13.769353615599298 -2.2702110399196727
-6.168607389529349 -11.279943935292357
17.667720127017105 1.8061395808398186
-6.9502520810572115 2.0176648583229024
14.922560307825673 -6.5930961454521935
6.767014706945464 -13.64043853057907
1.4736718402105815 -5.6297251868733476
-3.2071501644129334 4.580739945507322
3.472593973013346 8.571568462551753
-4.282396471537108 2.3296490387796496
-1.3817921997773723 -3.8016376749979823
9.417357320213137 7.857207207237134
13.222378774539571 1.8787398888961206
-14.333739873366211 6.573662779554411
-1.5617908184920353 9.728780429985935
13.806438760423681 14.907799249114507
2.83787680103147 -8.992734357568576
5.077392903636234 -6.455814353990929
9.020608541409292 -13.130243591944039
-12.281617432677649 1.071487899140994
8.668863604211051 -14.850232402412407
2.0781301460344963 9.152297358017247
-7.733402716910617 14.49737238752573
11.947723741797628 -2.4785116458649963
4.9360511820888995 -6.154038182311702
-13.033863073187561 -0.19126607233771864
-6.53582072415055 -9.952585522888597
-11.458072986160719 11.476776165519617
1.139356016200022 7.326367482635664
8.846122444024825 4.979579553662083
9.814776048257087 -6.872200703254462
10.732458650311909 -6.332526489382227
-7.303273584458002 -3.8758889876710816
-5.06791422599758 -12.065823175730486
12.66939893384728 -5.517634929238657
6.410584679256331 -8.098490506408808
-13.551986317419875 -4.122950801057888
-5.110534027782805 6.161800399876576
0.9696169013479814 -8.468765607239899
-13.66327897658193 -10.801657873168597
7.278065054795004 -4.945157772242256
-0.1762665876823668 3.3368605323251934
9.493050568839891 0.8088837164576566
2.669901274467641 -3.7809910896309837
0.35401265601191234 -2.4483424829557414
13.142387860651269 -8.554603220024589
9.275216034872436 -12.254875211755394
-2.8218988877844122 11.055139492999345
14.723134924192834 10.394041424128336
-0.9866936413899907 10.594869190187119
-1.638922731289643 -5.821695618772772
1.1083684181258349 7.01855166769376
-7.45119071416985 8.077480485593126
12.562470508296155 -6.77806012896527
-13.912619950823654 1.4855261194004257
1.5740396976705746 -12.233702826734396
-0.4825795701554014 -5.655128153088857
-9.185354990861054 13.0219072988397
9.25019988340685 -12.96238398454317
7.323744909839871 11.167968549113311
1.323869038645185 3.530376542470904
0.6574017782385528 -5.29207457320142
-1.3648643931676698 9.064672914180846
1.1635745392943733 -12.030225792927306
9.235852906463233 6.675007530002468
3.753376914921727 4.7416574491965235
-2.8521674450895826 12.468410995612167
-11.071478704838785 13.116495032522707
-1.0266080473420036 9.336356527926565
1.6205007507073645 -3.5175019579181175
-4.235979549907604 13.28519776927585
7.378806775190312 4.446002185052908
3.0856347147363152 0.911812690832349
7.810799339539852 -14.073991724238336
-6.311480392398373 1.8444093312077285
0.30226289673799656 -10.05017807534807
9.46518694970996 13.723612250035668
-3.343562223560472 10.210352515871293
9.912535899009685 6.316591263487354
2.340259354044509 7.564759373570848
6.761190028505805 5.114850592207067
-12.595862131888245 9.507668826100414
-13.784585409489349 10.287484731309451
-4.208869465236415 13.65876412073947
-2.34431121752403 -2.6082381194337536
-7.990521917306546 6.509784229690505
0.3666855054911107 5.277360214017776
13.23733494983031 -7.106755594437835
-9.442898263295582 -10.157114239874943
2.828632989440088 -7.470198693966723
2.2536190969873395 14.975193493990378
10.68632139348285 13.123425122604349
-3.1390768807213068 -13.751943245733655
3.8875787357756124 10.70627800555938
-5.759773199434694 3.760720067388725
15.08090004385975 0.3021421716190482
-10.47978530658303 -9.060463102167553
8.833984904947794 -8.996507161634797
-5.690206079334054 10.48979837190532
6.924277883128074 -0.7727081955601438
7.926840248041355 12.850404599478964
3.519626061363706 3.5863848451778964
-14.236916308579081 4.884972506527017
-11.822936380665823 11.011790586714888
-8.588230708566394 -2.8048531775584022
-9.444205911478848 8.77077440846314
0.47126709490979124 9.131819237807676
-4.991330855724078 9.187521901223821
0.7134376578129125 -7.427359504276247
14.279781433328392 -1.2808532769893732
2.307848836876005 1.6013909326843496
-7.539480161615604 -11.008756510859973
5.167025695573461 0.8753873287587304
-12.94669175505247 11.667942451039522
11.644461863569525 -13.121688771580601
6.350583138285717 -2.9324253156573565
-10.018688672766263 -13.724635895946063
-1.6651991694360468 0.9579691831531161
-7.377938454141571 -2.1861106335751805
11.285115944401948 -5.03632691067345
12.675265867232772 1.67938837197691
-5.520970749168182 -12.346448303495713
9.398280164897677 7.392653532706399
11.991558351798602 14.77533622045221
0.6786513705867137 -11.632966801850372
-3.787038425603326 9.176538995138642
-0.9910681170590578 11.100313860371958
11.083054192920887 9.83088782734253
7.514356141542039 5.773719052507971
14.419851481558492 12.519710728747548
-13.460019174665078 1.2989874917376767
8.968634279511239 3.7775364245109393
11.574170141078241 -12.937965656520241
-13.02025611307076 -9.428424092083738
1.0512216761935598 12.604564022299197
6.0946723703458865 13.309057599975297
9.40536096992326 5.2971368578184785
-8.06609896798641 11.53655554578937
-2.5174471512452463 7.031105355490197
4.077231984485607 13.7200627627168
-2.9828072007045066 7.019760458070685
-2.4150325874811465 8.061898953944183
-10.73532430973502 6.462326455457865
-2.520199474617419 8.819282213906334
10.557265792993878 -7.079000429968081
10.519695672211885 7.095003969332154
-5.015701513406896 -9.002291666497145
6.8102158090254505 14.531940521937507
-1.877215674441313 0.5165276926910067
3.1729080301975543 -6.978817400482891
-7.23276179943935 -9.214518220265564
8.321823730239556 7.268338555548985
-14.861675722244371 -10.163124117632552
7.130979968570678 -5.49116259194488
7.120812221045618 -5.456063940451228
-1.6582241246073135 -2.6681358334795764
-11.611508140406213 8.480173356789038
-1.6865207613094295 1.7965976694340924
-9.007688720463625 6.106749888855418
3.604101762513473 12.66131531765296
8.465498429776238 6.395648578669567
8.005028568018965 -13.954691515493472
-8.706416674969574 -11.067937052004002
14.627663136697556 13.100356089992928
14.176099738193454 -6.0183230649217645
-0.36939368106567017 2.6054735821826327
13.737187413042353 -6.039444795281858
-14.044258689211581 -5.62193809558168
-0.816140375887171 -4.0809072995742675
-12.129767230479342 -7.282478798591368
-9.604194129149809 8.50368232199352
8.567542551067518 -0.0009030067178876777
-12.576672556385997 14.70445406391367
9.881145862713595 4.522445768105314
1.3358461737528877 -7.668198328874109
-10.89856857247383 6.353756306765898
-10.817459768283966 1.6652210777212595
-1.411697580792774 -6.207110096428362
13.742967769577639 -10.180885744825266
13.31319706364328 7.084403488139057
3.6897328159275276 -14.755168373726042
8.117172495203532 6.93783636800998
11.977781157950478 7.30744367072962
8.247226508645989 5.753210523137081
-1.6138328849142685 13.820248247532934
9.935009891783732 -2.873095870801235
-10.492479022178074 -14.698065764914068
-2.6671612101287963 1.9988960075726219
-8.4939307492042 8.99722787929436
-1.652489470684591 -7.495520642153338
8.827492282685661 -1.8726335851546843
-4.962135675049652 11.897018597119178
-7.0334004076276635 -3.6761540896228353
-1.3439164650909348 -4.679545069578321
-3.0886423957670903 -13.706180321892411
4.935780849735195 -4.090592434459676
4.290332971828583 -10.341951519190763
-6.770950035895273 -8.290523838707731
6.312715212370975 0.2542107558083071
-11.537774278297409 14.132840016358358
7.9599213510003635 4.296436617041807
-2.0186634830547643 2.636611118066149
-3.2365303955899414 -2.656546920503043
-7.842063043255801 -13.674657133436812
9.166741938390118 -1.6137822299254463
14.412580724790894 -1.1599021438215296
-2.1233286943470127 11.515321520865271
0.20975963171590095 -9.645692439626528
-14.039356713243093 -3.029788507798184
-5.910072429015173 -0.09407189525421789
-14.63531358831773 13.582631451286737
12.320382346263445 6.5250718380749895
-1.2491386955118173 9.864999648327569
13.412437081679847 2.5249980572626485
6.224848450541199 -14.418637441219573
-12.160389684704851 -10.801278373354787
13.200134112634295 -5.087225434469179
8.185040145683374 -3.04501067883934
14.735728211285217 -7.563811855648438
7.147706150978357 6.629230590644041
-9.852475399701536 -3.178608651189882
-11.526971407501904 2.1743541577035685
12.736022042874747 7.32170154125969
12.567101746511675 -3.4594184791100737
-8.161218999890501 -2.9966400533932727
10.302892041076017 6.952255281955547
11.53358773714508 -3.9722047796594886
-5.818776148065755 -3.46505657590142
-1.5166017613517653 4.109440588532223
-0.5479322345815199 -6.134925416132878
11.028775434100206 9.074781599191176
9.471543426195925 3.5412505425296894
-7.482338172320825 -13.018840275365402
-1.0533306227344514 8.970707473850599
4.881537111810992 -8.007156542177844
10.426771687342168 4.581724472975518
-13.574594340977274 3.5763365194628776
-10.264657917670636 7.397955452041755
0.15063851722592858 7.052486992436265
0.3929442050963061 8.85189933395133
-8.8448211806562 -4.752282203906825
-3.261985893151211 -13.298382557959389
6.380662761134026 5.560805781187696
-13.916761304614528 -8.180530008474456
-2.0187323981422676 -9.85303370519927
-2.1960785576306723 10.978498595997255
6.270677870133593 -0.5922970942453496
11.234204192063551 -11.906902556915355
10.579554963499323 -2.6228972324699527
6.903345541137732 -8.450642882364203
0.45560252442004057 3.020341529267135
8.750555064970465 5.400061057660246
4.515972865610195 14.862714238289719
10.361262253350805 14.301970411782825
5.874221464768771 5.333151820435239
-14.566936142167163 6.145478303601188
10.718712667023814 6.1526655596714654
-0.06997328676497183 -11.710692046409982
14.695639898622833 -5.573480668307813
-2.337158945353009 1.0669895049961085
-14.43833579016692 -5.464154576761771
-4.0119207599433455 -11.08806274542287
3.6388661209269912 12.676417818782902
8.110636372075962 3.7924880797433116
3.9420267113372915 -11.355755422757802
14.425908948292053 2.0026525742111367
-0.6094049704169233 -11.96438462649559
-8.37174301041626 -3.743453582623636
5.46288214267074 -5.522139434584982
-14.825574584476817 10.2411915199926
11.45453484238493 -10.009985384218947
0.9099191577121886 -5.050121383252986
-0.3698637233709352 6.516997825312963
-2.317368231435852 0.992583250534274
-3.9389667245383393 -13.506054256086555
10.758149566504049 -2.186861826329457
-13.939346743900886 12.009891108068082
8.290070365365587 -0.9838321278182498
-10.467355690337957 12.00605554738814
0.38821866610511613 -4.6644778018279744
7.219879451758828 11.748235596410517
2.7297892256367398 11.913449176100876
-14.400057861565376 -10.369700226547723
4.759407891954711 5.852621910332674
-14.88515284794439 -2.281686178595752
7.150215673586846 -0.5095708746201701
-5.216890133880693 -13.185635133640094
2.1359744828999716 -3.322264335515044
2.373185003279133 12.81199872646172
1.2953627806716845 -7.428410481655238
-0.37609632615502164 -6.13537269865674
6.471835672147073 10.410130753602868
3.6032361488851095 0.8056788038681457
-8.906624475394036 1.8986065384023831
-8.079807002795722 -9.36328076397977
7.7972788292338215 -4.690628721629615
13.464120702947227 -0.7097386512526542
-6.534458006729132 0.9535336456540904
8.113617655143901 -7.042389396734184
8.154934331913772 13.334979371384325
2.6755963465495967 -7.541327252051816
-3.1459405376949334 -0.5010423908677843
11.497133278503167 -12.241328870240745
3.54123592666312 6.784589846698527
9.53449053130226 4.402299451004797
6.558268723489739 -7.517483845304836
-4.298449211990841 12.90874399810373
12.603206602558013 -0.1490825578984858
-10.993334015065551 7.048838122122712
3.5481366153092573 -6.6803929271593105
12.597888506978563 1.9655209198885255
-0.5231545729696858 -4.870622508025871
-0.24998653164445805 7.4514826307535
-5.952432615551704 -6.050993808255379
-9.706076431152644 -10.271711263124708
7.165765644714092 -11.53066857028476
1.6451468037239074 -6.877270300545659
1.0859901284804323 -6.097581883576748
11.754783864876512 14.791748786591985
-12.232359758435042 -11.936927833950735
-5.045095508311794 -2.910902203148445
-10.205849259637569 0.6131515348339267
5.157815921604726 14.76309999200172
9.58572540066167 5.323555603127732
2.4571053725548957 8.715274648858482
13.483710381134223 1.0340716081494241
13.285861118343277 -10.931888610685299
10.650856980390524 5.769904171516606
17.2073839749593 3.2221149537053932
7.649019641937834 -7.541236697563038
2.4208035532914707 -2.952067217466757
-6.608753183582351 -13.567588737918035
-6.6010241008733725 13.045701413531305
4.206825337316797 12.987394441687982
11.862914925102702 5.564669897986208
-8.14988907415605 -4.372436541641549
-12.067031623637746 -0.1242489048042934
-2.601567768214551 -6.345779661510553
-4.500340469945387 10.025076963028077
-13.69980560802263 13.056342515886424
8.782131004546699 -6.0897845486225926
-1.2849229054783624 -11.789473177583965
-11.18312979691778 -14.217466075360319
-4.7604291881958325 -11.896448872286875
3.8336314514663954 -8.651611372380374
7.5495868503390255 -2.5840392274742445
4.563792004894218 -1.170165783934502
-4.100427088822929 10.364601768036678
12.49314913520859 -6.747496983831585
-2.6955316792455424 12.986236051499148
3.3545282513170847 8.569808107635208
2.952882404487795 -9.464591215654739
-6.144192042223889 13.105544206207234
-12.282571136615974 -5.009605434850128
2.418971019872494 0.5813670300782796
-3.8503133548632658 -0.010434272151814028
-1.1749369217488805 -6.376323490589369
-7.448589700492339 -7.679402861770574
-9.246195357861648 -13.282764308430604
3.225203221537434 -12.112038121678902
-13.169841779229097 -3.8061402538260296
0.8715561690421474 -7.321651693754617
-3.3329836031139504 0.9416192552392175
-8.945946702483258 14.809487423158615
12.02285187163357 -9.788117725157297
-9.801688395517226 10.29992890384592
-9.359802499929497 -10.65310280278442
0.39945469818039747 1.6684856296456978
2.6971361982162314 -7.491828581500682
9.827341541626314 12.248145680977355
-2.533176565393804 -0.49041115204413366
0.6937523804782 -1.547865370410392
1.7737961483645996 12.424796280588716
11.321557765927798 7.079165047796632
7.520999464246674 5.564444635847169
5.431071894346765 14.617612916463234
9.443114335930355 7.0603921794763
13.222371630333408 -0.40247869811939285
10.156350282604926 -1.1223892116150793
-10.740424839096807 -8.405655307552072
-8.969604932890006 7.589213773722777
1.520892229462035 -1.7162054848026802
11.741107088238351 7.2988728712423185
-9.44870495624382 -13.235955983966013
-8.846754877787983 -9.09656258639075
10.496694005039501 -9.178066650982855
-7.81419102459074 -4.245649736002298
14.285085519182221 13.492995673622168
3.0758610940685323 13.934030717784047
-14.64758569388312 -6.79416892219162
9.642037556039444 7.144744603728528
4.992134315643813 0.6924697985686841
-11.143228893637955 12.493616312847571
8.469892319351306 6.500423654683662
-0.7491173940181248 -2.095802277375416
6.782651496715321 -4.7749020595756395
12.247471732169899 -7.890416483124901
-2.1237364832791084 -12.302701651699193
12.416629782742092 -4.799455219024827
5.898815895800944 -9.784386253703307
11.539971332169419 -2.8603784980102382
3.3190359586198994 7.242650524879828
9.146606603254767 -13.890017247905096
10.160535767584747 -2.143618358557962
6.075691793805003 -1.0358310886431408
14.934130083510318 -14.644961032609519
-7.944094392126879 13.144417954352367
8.175058035358106 -11.277138421964898
-4.407979436206759 5.0644282289712095
-3.402896972063097 14.931081177258662
-2.361344544189805 5.519926649814632
6.823661499950912 -14.293490039687057
2.4037908429568695 13.527674968360696
5.440128803884935 -2.54601740223716
-12.375065792620001 4.149776280249942
8.132526965157417 -9.666796724945819
3.3881163377512706 -12.450215205614622
-10.076503267835172 -12.018297886535581
12.21886967865342 13.89412930564508
9.288743582722756 12.336511836043893
-11.000557825245659 1.5240243451664064
-0.9352184884521932 13.18905739582761
12.691747996815616 7.13680769463779
-0.016858406033289697 -3.7741253874665635
9.40530657146347 6.8588431080588546
-4.5884707009846135 0.5905185551057066
4.8843022620666545 -6.853426483080785
13.654994844803685 -12.809760540421495
11.54917289610885 12.241980008640816
-0.09226210751503139 -1.2092624474163767
-14.262446730092003 7.360378968384907
-2.9754892407542872 5.478987719167627
16.22479297336247 2.0034491194915467
15.120758973161468 -0.4557935732119871
-0.33102283906102237 14.874678238818237
-14.526646840197856 -2.8624972398464763
13.65380402074387 -4.107605543511012
10.264129547829132 8.929173755861655
2.017579419347772 12.4020470059805
12.9850845221188 -0.3538393021912518
-6.636577284310526 13.712378163725997
16.398611306679264 1.3381507064037215
-5.748629249354586 -13.435314643828152
-11.046001896303768 -10.582267951204201
-8.653551809924025 1.3533844536588902
-7.840110440294409 -4.313379484582618
-14.974722626994682 1.3493530563257146
-10.138223245922521 -1.9106039998853839
10.318259592751907 7.843631931919573
5.615637496214365 8.611645352963482
7.165165680765673 1.8363425991396891
-4.983485058050443 9.055654749101624
-14.19899534552823 -10.373617818813734
-10.850947755083618 6.77469681497949
-14.595829348881448 1.912325234658713
-8.295680514174167 -12.002826043777556
7.939778804343669 5.464237857524707
0.4873482244672509 -8.100493707371196
-7.276159249357024 -5.895663414870598
14.987614070381158 0.9482723363896621
1.348374032411357 3.2946030268226387
-3.5779908855726568 7.615514271374167
0.6986544424971637 -5.610793129404051
13.68763902627164 6.509428893954468
2.304032190116427 -0.6797454069901079
-0.979304692380401 5.880615280652659
-14.269742899696627 6.947290081058519
1.5569443392786972 5.51587605563093
-7.87713347186339 13.704497122348549
10.536322580088905 6.000463186145115
3.609799187118284 10.846539448656493
9.068152344132592 -3.9263323193610997
-8.009214251364734 -3.9102968597667953
-13.29517504565507 -7.493683278300857
-12.577888896066597 -8.448913831106317
-13.600555081830597 0.2817964237681103
-4.15422997486025 14.762410524523276
-9.11932237746875 -5.1992219289316335
14.018417123267348 -14.063925981361326
-13.61680234772938 -5.74424857034656
3.873066308407104 10.017936627592263
7.5296346772769915 -8.14738249599357
2.043265321222229 9.640349630622598
-2.884065395756668 -13.827319342585874
-3.4102362832664603 13.206941610300948
3.0672426597241014 10.809350665336119
-11.685980594249642 -10.100318672440526
11.229091381554692 11.582121615589788
6.43940120469648 -2.7370350852956165
-5.868426120802827 -10.486654923453589
-11.448697129645748 -8.617448360414572
-8.57791084244993 6.28573199139432
-13.624620082313614 -11.73183068962912
13.291095728197043 -12.308433261723248
-3.0737153018975985 -3.712573968997198
14.040739180654782 12.855163827615087
3.493621475888162 0.443432051936659
10.204008030517672 9.385563468623788
9.746767173727505 -7.4730987692425375
9.324021569276663 -10.52816302763697
2.0078721116916256 -10.325401377253296
13.294102982007452 -11.43763656484245
9.694840369713784 3.654791994377296
-11.50747060582166 -6.314135040308573
-7.153984568582368 -10.290470874843782
7.003739726362067 5.931125162330044
-2.2982625095466034 -5.715815466406591
-14.802334766796836 6.7939642040364845
-14.542357683145433 -14.565319124620277
-11.931810954134399 13.70375530788873
-11.48315866542465 -1.3610298269053587
12.701667213405075 3.388987342926714
2.599561178004052 1.0536825815592188
-9.708484316204936 5.985125051210231
-3.5738580033255936 -10.204372071684137
-8.157050879478337 1.388820960453451
-0.23402721559925865 -10.681455707777443
-9.89754609009893 6.351224048721107
-12.597420449328101 -11.214411579856453
8.657452521199716 4.281262467696728
7.685045740433409 12.434661492809493
12.45495366046212 2.045480470884915
-11.525317754946855 -0.9118122243469138
-8.74517625884986 8.36400992678966
-11.694918757761418 -11.421178774320321
2.4263840140089563 -7.7965791389232315
-4.9168192775250965 -13.32662229048022
2.3166963563324465 2.7890808111560297
5.267984102090317 -6.035631260635263
-12.913435474539952 -0.529969730825977
-11.643011291018494 7.441120588873061
11.804486998004148 -4.338847095120315
0.8369566394138221 -9.121062839210543
8.159654249954233 12.816830798414756
6.982020684394449 14.129994184514281
-13.165563781299458 -12.085006190567887
-10.228138103543424 -2.905416314259103
-0.22478550131455854 -3.216425170871762
3.4721304775182347 -0.5397050604500873
8.029170504653038 -8.934712571183454
3.578707973233101 -7.103219415658689
7.95518075141356 7.156150131436917
-0.8400609542581741 8.136901012397725
-14.808395193229035 -12.105591273862853
-2.2341718909978923 5.822737568552466
0.27293735077367387 -0.18739968026684828
-13.167431586606549 -7.470773585960949
6.7796290175855525 4.18374925075447
3.555753425679633 9.667897957155343
7.948228536366269 12.80836004028362
-12.285752932989896 -14.790041399659938
14.622487939468915 -13.409516021442032
8.890401057384164 13.050097179385514
3.6312447544950324 -11.965473434818483
6.877402359363874 -5.816424217792482
2.998898408306534 11.324006450615798
-2.7257575441383715 7.8426855000228635
-10.963838485247468 -13.126660382245058
4.966018112364566 -3.4676330120369165
3.6792372993564832 -12.433494979976032
-1.8030491935066326 -2.5016239246472978
-2.387759628331578 12.782400161059641
12.82236640360556 7.832019849422564
12.630491266799385 -6.46470103597615
-7.110943046265248 -14.138427222141999
14.376063562938882 2.180838214693697
12.204348696830275 7.645247021456999
-12.895748966035367 2.3373885696470076
8.227075507511714 14.12607845724386
1.311219274343724 9.142992701182148
-12.160738828048784 2.8333960445391853
1.2998013784723028 -8.183360054567054
4.8024425292192525 9.71055323505069
-12.501204186205205 -6.330156639209626
11.564633531767285 13.133197030920869
-11.945234952609065 -10.680949442572448
2.4280886745661086 -9.708234998982023
-12.146428335156525 -9.395087868740232
14.81703604252837 1.5198470939822704
-11.517898583485522 -12.21838277216158
-6.6308133729504775 13.065172163995058
8.179851905259147 3.6689970358336925
-2.3607467695575437 -13.140578927018305
-9.010705189032954 12.354638009161945
-14.913700686856435 -6.04984181020507
11.71210012812838 13.588134147327285
-11.077272595554971 13.586654548972941
-10.994655084730127 2.422879755977135
-13.25355110295501 13.71507986500016
9.098855566589767 5.755866640537243
-10.881160342224542 -11.26182492864016
8.538379184158067 13.11132225016923
8.932955657614256 3.776578375967119
-14.36980749924405 7.744984051870418
-8.01983682371958 6.424778715204697
12.71936557774543 9.594803804381439
7.290211025291502 8.273190556106071
-14.101822610352288 -5.348171689503822
0.27043651562431137 -3.6740788800463964
11.219707856347519 6.425511037205137
-14.9274603003664 -6.057642728739523
12.766277348115015 -9.548780653778497
-0.662769940830831 -14.501568649409702
0.718731071500045 6.046041048805517
-10.947287658498936 1.697524640990089
2.3954159804900392 8.89552654697085
-12.104822944957174 4.950515030944697
-2.980172574808332 13.255589170961827
-8.559542961027894 -5.072511602578551
13.519216638361303 0.2055117834271738
-14.782121355987433 1.1509228331368249
6.819500489941705 2.6704638389345683
14.228832602602957 -10.367847444880809
-9.597050609406418 4.644717308680093
-9.902066846559777 1.801795839199432
10.656879510373653 13.144245187105806
13.21208246332479 -6.928997409114929
-13.312035707054982 -1.1621405637783884
6.728383101051236 14.382750541243926
9.994117860285886 4.886983322907135
-3.1442458230019206 13.674668800217272
-7.187693799456074 14.428570317242922
-0.7822325773381422 13.585771983541186
1.9126849160571702 1.7150317397711028
-14.93695699792825 -4.829819460577479
-11.35029952586794 11.550141430106578
12.043869764967505 6.615077598875304
-10.053375733305945 12.049936036791017
13.935357739570325 -8.060405762500324
-3.631241735445947 -0.402642093495988
-12.445483925814944 1.1133788940911877
8.498312019451966 -9.472252365934946
-14.413213632854431 0.7070941698195448
-7.861398708083188 7.900664948881145
14.7534696653269 -5.5007222804698515
-13.213430690998072 2.2241524236216996
-12.92391571179475 12.527985802219483
-1.0276995849577606 11.39889784845527
13.399795117529717 11.282274088693786
3.052812420562393 -1.277151269929325
14.547955883048214 -11.14700304971278
-3.2637860526484417 -8.870615611283606
8.106351796351461 -3.5996909264506662
-12.621960101054807 11.69857754666769
-7.219882499292844 12.729693874428513
-0.4135284712083944 5.146281986947354
3.257564954237978 2.9725575797656987
8.459764310963195 14.37047818862472
6.084016268289204 -12.230115827928866
-10.47572830015024 -2.329990898061695
-0.17140751925553133 -3.3039305697713495
-8.255256019667234 9.818456168319047
6.407815235928005 14.727745069969107
14.602919177929842 -14.023310850700078
3.3113581207130878 12.296705676914932
9.194791053569544 5.642226441509959
-1.1560317735048926 13.437451551091595
9.493055774922837 5.124902266433557
1.249658333147547 0.23575492005813992
-9.958515205496795 -3.429489845969569
11.589724158807794 8.152638307201823
-7.512352133803865 -12.626931792676238
-10.824070862825181 11.878680043778768
-5.2354199736083 10.38630627939116
6.76626090695132 -11.347153995721923
-7.77066972091831 -11.143636305634708
2.922607478749974 -3.7605325781902312
-7.565242471917962 6.818255702765146
-1.1741146416482948 -9.925758650614032
-7.477917838898191 2.5471114041052125
-9.754063914656253 -9.695765610162672
-9.388426625226222 -14.377895759342445
-5.333885327247035 14.870125633260741
-13.321243856040535 -12.778914543220754
11.192611662552924 14.99487829505005
7.60709724328148 -2.2879837952220345
-1.3391301029218425 5.442313676202819
14.505479531969051 1.095390437075762
-4.306464821662635 -10.999711543758801
-2.924192526313975 14.762700019001873
12.221473443586712 8.407156692809266
12.283059103620145 7.659303252758022
-4.795539140618677 0.556403496061062
10.176930944731811 13.535626531353898
2.5704536825281004 5.430446215724224
7.815779034659771 2.253966077994724
0.5623371011924725 -1.4493559288009834
-9.08846164977741 -2.315706158204
-8.179132060488747 -9.290351328031456
-3.2307728515970773 9.177056887953153
3.2844684077107615 -13.513525335157562
5.490666020106612 11.877341392429042
8.33461112536759 2.9688127968329985
8.15334852992018 -14.278437400328327
-2.23166082251781 -9.153189848104567
0.2824620121476791 1.9493315755844378
-12.471951583066863 -13.210241935372347
-8.25720355691195 13.33159003672488
-7.952577681394723 -3.361268493024191
4.91900506214288 -0.8556038041305634
-7.36860533737775 6.315938131329344
-10.521409635912402 0.001566873026915161
-10.380779111307145 13.252266774023923
11.556921511942933 6.079907110890445
6.603649567823176 13.007850294616038
-6.6102060200465615 0.8131185864225792
8.578065376341636 5.751159181926173
-13.886437355851097 10.36370597399796
11.048858095148724 -3.069017018493353
13.589601679584778 11.987291090266545
5.899018644734152 -4.5719082318463595
-13.475056708573906 9.898885790769036
-7.621869367873431 -9.991279313241352
9.68584528477205 13.367437153832274
7.020382713878139 8.146435337180087
13.822053044914487 1.5437529366541138
1.9538537686859385 11.019481805083501
-4.730318980606498 9.699184934739037
-6.985009823483283 -13.388350600988968
-8.199061340444853 5.283887453417767
-14.18327537506944 10.487815247178418
8.924854622125764 -8.87940054705803
-0.1081879700812145 -1.6319078835076422
12.560255890588525 4.550632858766118
12.082296890761011 8.93913083678617
1.293161791544307 -1.5760304188502179
13.14226199477816 -7.351229462815285
-2.071463276527748 -1.9432808314892522
-0.6175352937395466 -13.101974004899757
-3.301899133133503 6.119294768291546
-14.251942612145147 12.610051471898398
-7.996240368436305 -3.4132238549522236
-12.052200194316162 -9.76749028737321
9.69673767958521 4.967306606493952
11.556350216880935 0.12840671945450133
9.752504944450571 -11.740593226082044
2.9743651644730136 5.9221463309769184
3.306221880509135 -0.4283758618073108
-5.021280508643827 9.621121010075179
9.71929944438639 -2.7204697880457047
14.734426843306574 1.532914798549216
-2.3813441163399673 14.36879311536634
-2.2268980109409338 -8.353312686553192
8.523456368273298 4.9894362821850455
-9.98686914679304 -12.753105202667463
-1.8074991557466795 1.8603105935069948
-13.845689631755459 0.06859753257052148
7.163871949977456 5.596982669546129
-11.66378253157949 13.37375807802406
12.280072946482369 6.880717891367539
-14.695817669679002 11.394548670744097
5.22983657018537 13.200625421016412
1.9649620552584253 -9.854445256544432
2.9485854770019344 2.1897849659905653
15.061129166481997 -0.009339983049029943
-14.359276289387726 -4.877428721214658
2.6448013666494923 6.791831741117463
10.479326458823596 4.036936264408833
-7.16381788069616 -4.090668179846731
-9.046336990053868 -8.353035014551354
-10.61863700948688 3.8649817415339847
-4.862417807998849 10.243652799323495
-2.564844298270547 -7.345156501350902
11.271414639627649 8.075253661042305
7.097043757351059 -3.257899183055521
4.567580247251062 -11.065615329745157
-1.3082295168867795 2.4868552370306602
-0.46799541721424376 -11.600195429998283
11.686896539875494 -2.311784444651364
-8.38408338046747 -11.542954206739182
8.359167533038423 8.579094687190485
6.4018465562893265 6.20562449990003
6.992281194629079 12.39931435636937
1.2798050914571633 5.5625307001434585
10.10470018298102 13.288520036552054
-4.75319802254233 -13.288013237713624
-2.353424623015373 9.831586468529107
-11.729758665289026 -11.804655566553421
10.080153321860983 6.281851212480339
-4.911572627553266 -11.561171445920607
10.869964770348995 8.502870384099365
6.449621674525609 12.521856470066709
-0.2985440911579591 -3.1500411360987197
13.846318652535153 -5.3633543278538
9.57340310828372 5.014961263694859
6.171106035635248 -14.10594881447031
-9.71977510109396 6.870135552333564
9.513160289521363 -8.538987601351687
-2.123846568253242 -8.143205968823622
-3.129190125470382 -2.4330321462890723
13.384541938558236 -9.701630944319426
-8.903832328745917 5.029111664427038
-3.2807859624461635 -2.1607166300181753
13.090736067722265 0.7699285857676432
-8.942977213154055 6.141745887663873
-14.682771976827837 -0.9226148537400274
-7.168631915892032 -1.3445919342104187
-3.6869075205518484 -11.491516424586038
-12.574184710734931 6.505025111507277
-4.901282451559407 1.85464220061667
-0.4434654955900257 -13.32504985647487
11.687379058040953 7.521090066195245
8.455567960969557 -7.816983762793526
11.699390331602093 3.7601348996878343
-6.584617177991834 -10.086599649229782
7.748785612381628 -0.3486434811346957
-9.211993849030565 -14.141132000359743
-14.826176062686406 -6.190880990052817
-14.007155196512795 10.824066048937595
-0.5467163188794029 -4.293765242992123
4.560278162791249 8.240265469678697
3.2437668147949736 -7.411261358598989
8.076909169684365 4.469857969746447
5.545101038857613 -14.567247629569298
2.063097741520437 12.76329729276613
11.352632768619829 3.9668962044634632
11.313073014966463 11.905908131107932
-10.52151538932153 7.576345861790144
2.0370403406215516 -2.737681790589221
10.386010217939795 5.794062135788408
11.011492042506148 10.321616815981926
-5.591990844721602 -9.287230837286941
-0.19217291129282188 -7.57641279375504
1.2423814254273218 -13.535287019988068
12.44433142642732 5.586247057203437
-4.592586274358251 -14.168411972008043
-10.490738317669631 9.298315637164556
7.765495545697557 8.014697656430197
10.160199717663158 -4.272888106792186
-9.330013651960082 8.777259101082144
-9.082974179752712 -11.211858194615157
-0.2674694813175087 -11.663828644647474
14.474452368310633 5.844517481229662
13.974748996467635 7.814996916062705
2.668621960739298 -7.282964690976133
15.036421245794244 2.3703058783659086
-10.39044079241857 13.38153402631874
-9.07775587657108 14.568084171811407
11.729981996482536 8.051204893724627
2.919093717293176 -7.776028021198698
-8.895698538012113 8.030289694090321
-10.14402483041246 4.820625462327779
6.9610595377673725 -5.202044023087252
-9.570999345216848 -3.7085355501338158
-8.188506135350119 -14.223220961291267
9.937148140921238 -8.161621967468065
-5.409194599707945 -9.946119082100445
7.6740112834737 14.343643714236173
-8.39491972875783 -11.755720711691463
1.3409307910703454 -9.396943617491965
-9.094293781373644 6.270289489032365
1.0935541193799487 11.37379006152814
-11.421100691109284 -0.8893220210583834
0.24382189124214015 -14.511815584832148
5.643216000349536 -1.0290510616594766
-9.09497196475571 -3.375469314333044
-14.552454115253967 -2.9078666583216712
0.80261899033591 -7.79584362622352
-5.948103298560373 -10.519477202143694
-9.728694356094094 -2.755107540322138
4.294860630530372 2.7810670427649535
-7.119285154692514 0.7717399226743957
13.092623895569334 6.777728159478979
-12.141163990289703 -2.4567597006232624
13.235149170216609 13.673883921281426
13.249139466443355 -1.0167851747408116
-13.607624244624851 12.793112222973452
-3.6293237181445708 5.558883244115442
5.858945348165044 -4.948231749646721
6.4988633579753206 -4.84952288242096
13.963647436210413 0.06923905104447758
12.99181838597615 -6.475850869919711
-8.842794688239064 7.208020472155605
-3.995379720858697 3.153787161217309
9.148007954844052 4.929914627600449
12.68823175094669 -0.5013799355810029
13.821934290636019 3.0690466992232457
8.173870483671699 -9.153714154098928
-3.2475319907778086 -10.532591723912674
10.482075841876114 -7.387451117934477
9.163419851681954 -5.279038192278728
8.212118413199988 -8.857576621962322
-7.5578778099119175 -2.6057921782289384
11.960246004096343 6.937340745033988
9.056590275438861 -0.9686033466692692
12.939190400350776 7.298744392654431
8.23566794799246 -13.09862743555165
10.10292806934553 -9.154605116367232
-7.271510436402584 -3.7441890673307436
7.4261071060192165 13.798586088001265
2.368353286614287 -1.4416515924835576
-2.2476421677010947 -2.005172835234946
15.239562164625303 2.8620093656225416
-2.6010347755435212 10.18835772444693
-8.680980979548957 -2.0939611263476965
13.458052423216671 2.4166066739492953
4.944141818546051 11.361880206964443
-12.463336680170716 -11.374012479199465
-12.912827335412816 10.470194362735857
1.9796012579261024 -12.23839176329477
7.978832212012762 -12.217053577836761
16.127031977168663 2.49311622863394
7.30837786881591 -10.2507627992829
6.401190006875652 -8.356211965863334
-4.836619402856675 -7.754097882814896
-3.5995932059452453 -12.204238342953312
14.170726114075181 3.192847223863531
-7.4256869428617085 -4.519650402256078
3.6896419381894 -8.27057565444526
-0.7021716513040435 -4.492569146995201
0.25049776432136994 -0.08504506372812237
14.594946396373736 3.518393651609109
-2.5599044152873933 -5.665344822832047
14.821212962605927 1.592203265119045
11.736038317332095 -9.04183811461007
-2.597436984530681 -10.022639078091222
14.328090608238458 -11.601885221688386
0.9858068978874073 -12.335574054399263
2.961243436674817 -12.575880319940781
-8.063387030622398 11.61570515905461
0.7299573496242147 0.6080563821316574
13.663902094928535 12.095123240898396
-4.741500791463009 0.45453446081618054
-1.4837087211847653 -6.1697792877237685
-8.820524173941248 -3.2548557756134673
15.14599307177616 1.7177675635394662
-7.049777832384279 -11.791748783596844
4.953468147256004 -9.608493627693516
14.005587799454235 2.5541346852420626
13.176005762379788 5.670124662995631
14.633384831712714 13.06093365701734
-14.818288169254942 5.421053921858039
6.360324809583737 5.283015368673408
-11.817229677840457 1.2455576515140905
-13.656740491367746 -0.07452953745664814
-6.270590480186938 -10.350270774654916
-12.775516421317088 -7.462770837877253
2.4399506729519302 1.384976897608567
9.820238843882382 -3.9609143857891898
-12.522685671152306 -11.320610866381031
1.0582863634951245 13.752819851603466
7.453837373142811 -0.15390152638256183
11.674991749784711 2.4452686435575575
8.347931579906387 -14.051216755255602
-7.232848881549188 -2.874733957392876
6.485120936753187 -5.941453413087137
5.120649408777609 14.538249778585268
5.954072851629622 -6.04868049491154
4.223150041490275 14.122356755374117
-1.7203803139330773 8.273516729282633
-8.063004698621782 -2.0390048825623563
-8.208865974228335 -1.779083415805787
4.325759748532434 14.551360290246993
-4.105733066382404 6.754295210138128
2.739970172304634 5.828895043544243
-4.525540262147707 3.6005368340721304
13.559389186984898 -12.711932926749268
-3.611396717486077 2.7881167316782793
12.491787487273811 -7.112427878110842
12.342886566692414 13.991384688113538
-5.717657578372929 3.5644481348457795
2.8540384516378623 -1.0294468099365623
-3.8428707389081698 -0.715345053081089
-14.181836222108045 -6.979955095566412
15.133018810140523 1.112216894129861
5.788506464049149 14.818750302425848
5.631122847824571 10.272021514960898
0.09721347980561923 -14.936169213715146
4.60294254356047 -5.334196157291911
-14.001439662068245 -1.7136926283309943
13.533228500248669 0.2307594092632741
0.5786007804674149 14.729859696803107
7.417278111928674 14.385691797434518
-1.3518669662878207 4.630972152435408
6.0458760288793325 6.712513442808005
-0.5442201202023291 -4.93801144049095
-7.699732191654089 6.845269301812191
12.720244674890266 7.435462768951383
5.146531150361859 -10.597055310603823
15.017399609579979 1.3812310142999267
-9.034237988894748 -11.509435742422829
-6.942435356424331 -6.087955689543101
12.352794502603002 8.260320223803642
-6.158130918734155 -7.237877229494721
4.470704910869554 0.4994192191116795
-9.544011162782809 -5.417064506076122
-9.474889719500558 5.616305332284797
11.328852695585752 7.39379103812724
-0.5318597275105681 -4.567331245536078
10.025025021776882 4.575960485047249
-0.6832730128855804 9.881764372504879
5.639163179529103 -5.112955701193943
-3.0198639873657953 -14.468634290336857
-9.746275145993254 5.682408175288865
1.1252344070244895 6.729374703496067
2.7992248214626727 -10.08931606057866
3.7133868373585095 11.81060005748649
-8.318555059150613 -2.367005601688783
-14.820954235470722 10.082105760850286
-13.559884115951531 -9.325598791019054
-2.9257454711761266 -5.338562690140231
14.142675238000677 1.0005318968463408
-11.022876406209717 -7.644623780515701
5.39225126958852 -14.653664703642779
7.896761722779473 12.57170776181561
-11.642027144106105 1.3318775069381488
-7.503920400926883 -2.758043767920098
3.1128076290124653 -11.512523390508317
14.275831219015338 0.5535426058044108
-8.412344552682434 9.067985178770805
-6.576062662506082 -7.137510452247123
5.562428894233911 -3.826028815901104
11.560526675929228 6.670257374382278
8.394824314063502 -11.07180409705518
12.41432736564245 -14.04263166482343
3.722355693043621 -2.625151826645723
-1.1753175179433217 -2.475210211124285
10.137555230687973 -6.758230427957887
0.6012708093887671 7.042842166435779
2.922441318446424 -10.892056261627854
0.3909031819437718 9.552049330853958
5.30083222579999 -13.763981027693251
7.591590121270816 -11.171836250305056
-4.312086798833839 13.433683365438345
-13.943927877554884 0.5951966292001956
-6.115635635753469 12.518748703867256
11.428895025029767 5.4610381564244594
4.644789591550531 -10.267825828566213
-13.448529493032007 -10.729871141630875
-2.213714763305159 12.691855706116659
-2.9432399708125008 13.978898149808103
1.5409588150502884 5.236118594237315
-4.2814367490375 2.7489337340935087
3.3029275127953888 -8.272284320928723
-8.217949046722861 12.80321489137727
-1.5030820902258153 -8.618504033821553
0.6170647344914464 -0.9141999510153109
-8.878713445115023 3.4227590800588525
13.851989225278674 6.392070830960709
-14.625686431097767 2.952953152899095
1.6171196745128178 12.24822255428722
0.5190261748188085 4.705065353795035
13.975190244938624 11.451321162115011
2.552374776828966 14.489738204813712
-4.906299037395911 2.7734002782867506
6.5044400995698695 3.6803629724937723
-5.861452656655287 -4.785391856314654
1.7770479794208462 -10.853825635818772
-8.724251035394344 6.55794375361855
13.483459601961957 -11.666096620306945
7.423996214481974 -10.056781027230958
13.325192426207904 2.8820665955377267
-9.290158311598573 -9.585799980589009
6.956612730460508 4.904816041622663
5.489885173036459 -10.341902977502713
5.154496777436215 14.885536269215557
-6.036862427375802 10.417039955699355
-7.583531147089935 -14.716398963146917
4.005929081339584 -6.033767465227248
10.621756882845188 4.475112527781379
-5.542470558418204 -12.26405722628822
10.682386107293464 14.678666126723218
0.31370119211793757 1.087770353719744
8.887395809687966 -10.36762640285247
0.24540990046657818 -7.212327940622416
5.135877718270617 8.225164303336278
-9.115683592959616 2.3500376691474116
-0.04420163165753266 3.7013828186126467
-9.085943462032045 8.995049690638503
-7.297916981179181 -5.964073735357346
7.6642048585254905 4.625795065295178
8.543820555751878 -7.058483909426908
1.0988347821636744 4.113989418159971
7.99771552532166 3.874139424694334
3.1910009257029017 -2.7892845994383446
6.5381198095423345 4.397389668076791
8.928749743969416 -8.95207914642791
-10.467893816159332 12.0828989199875
0.6151235793926979 -9.607923052470046
13.219040797379208 6.225377089567729
6.6106718674596685 9.175106793031496
-2.9422331527418386 -11.332273499591981
-6.308565840016212 -2.0928209489527516
-4.715033347252767 -9.335514781602157
-9.304401590872676 -6.891305144043271
1.211303002111972 -11.819784329647824
8.85149203672378 9.822624138159265
-8.731191000067131 -14.78148824716309
2.1327332309063394 9.082971967869362
14.664093627979618 0.8965432414311747
-2.9928059584765982 3.434364516449186
14.53203720871441 -10.542910568452017
-0.03966700388677147 6.948741191826031
9.934250487829411 8.604692940888263
8.562920653584028 5.283465663230013
5.130956946824178 8.984081501832431
-2.722648709035786 6.499489107662285
12.528153362363632 -12.457366446565466
-2.3329169734826856 -2.303104026629203
1.7583057107897773 11.910667374478873
10.923895372206179 -7.96650675093396
3.440462962261094 -4.207604409790603
8.645904387123476 7.612251900565111
7.91166566957175 -1.5239291034529554
-5.836999372426101 5.634554042648238
-5.6035867063503595 12.835609087432818
-1.6437390519059427 12.260212254263209
-2.0898095314258835 7.063897611508725
10.3985040854643 5.09627905752175
10.770273672516272 13.656210127141716
-4.4573836713818675 -7.715423375907282
8.663115624664599 -4.456934365687463
-10.592743195919976 -11.57726765856232
-14.654034524131617 11.918395019369562
-10.223894036112842 1.15586595393518
6.643439217855054 13.571608058879594
-8.976396366089359 7.156640146499227
-0.3664182549441044 10.868590080832877
-1.096195250569762 -14.367492629361461
12.53367597121505 5.581520886972859
-0.49386782641856186 -3.478831451908569
-1.0381084697285576 -0.15938593338159812
1.9460068162875714 -8.86029551146154
6.897882807023438 5.0017981923836325
8.718052136048637 -11.499004383004765
-2.3184839800385806 -4.377984945887281
0.0639546337546335 -11.982979085653739
7.969427088923112 -1.816860009113114
12.694743903891467 -6.649473073452551
9.483492217596083 -5.415638951311706
-6.403358689249448 -2.9391490121638446
0.3511463333853406 -8.863564004192598
-10.332487499340562 6.063022553085177
13.789634755761611 -10.874320771952352
-1.0109546898216824 11.184767768661992
5.501092468073175 -3.0088954750563506
14.274126047625199 10.986460509961567
7.835015629033282 6.476281110770432
8.22123510890929 4.99672204257066
-7.319189792573358 -12.61492166434369
-10.223294956718322 4.355520443296259
1.1018550283899735 -2.707116337941029
-9.840138784102486 5.442568521239901
12.834945354647592 -0.05292871140242572
9.697385678498563 -14.132951719027956
-2.606081114609406 -12.967192770386088
6.014273136732477 9.066167174545274
11.095538061312899 4.24633659222015
-3.295428098027477 14.71206730939008
-6.2521740230970835 2.4797377700411296
-0.4758559916798184 13.150398187045042
9.348892335835998 -13.458368770281991
-14.314334291351713 -10.391977078561208
-13.015763567819649 -3.749215717359675
4.105004617260682 5.938225876811731
13.221340600786823 1.2580982851299995
6.177432894567431 11.257522910702285
-4.296215863398675 10.735181466236227
9.949323515555086 -13.502698274961265
-1.623089649435446 8.64905364674918
-0.9195783334679533 -14.797639509441568
1.0924235463204823 -3.4953594618312085
-13.73698085736396 -4.370251446583936
11.659093647053073 2.9003114882022203
-6.274077688280197 -2.7274724108164525
-14.372220115107798 -7.9519763763387
11.010821724853525 -13.236054248444685
-13.844355394115901 -13.05843768345085
2.337773847919564 7.433742191113467
-4.841008708711614 0.22178256172857047
15.64024185286657 0.8066016035456149
-10.896981996341323 5.857056819391563
14.34940647594211 -8.681405991630683
0.41576284408732 8.151337059195434
-0.7197062711524254 -11.549967998362714
-0.26550919791654515 -12.574618405646984
13.227889722296005 2.875214089377618
-12.52606628975611 -3.2727330509711905
9.695025940466168 4.812543754179021
14.450076384593192 7.542744178807866
9.309636707828904 5.798749621085106
-8.013932836005 1.926037678387356
6.446631846946762 -4.826906271927191
5.608490668054383 9.800198173638158
-1.4045562702706746 6.607678249261863
9.192748935384406 3.7310379051973115
-8.34922642745547 6.891485311606348
-9.13781457812585 8.738520255286996
3.4835821521268002 -5.331350915609622
9.672126535611085 -2.5202032693947594
-7.346463714728661 -3.7150340327933367
0.5760768396474152 3.459148770130401
-7.888947289522937 -12.143637309671185
-13.922232972025107 -8.567798747077026
12.282254198474115 3.383740585470799
-9.960457052181377 14.637932619337654
-1.779148096731502 -3.2213000004772656
6.739019854965975 5.715115664638396
-4.376426912013304 12.125383034120823
-3.203936290725455 -6.2854964262931095
7.5935734486287 12.24790019663536
9.522708992843233 4.4140770216830685
9.630968043463305 -5.624575025988655
-12.049123477548594 -7.271686309675356
7.599023894407647 9.922811229557787
-11.169446638520272 7.037164758743957
-11.198993759995252 2.505006690099176
-9.622263994827083 7.020511520374714
11.45801210871175 6.644416158341386
6.896626241304499 11.58043297807436
13.702238209796263 2.5386374422096347
11.214146077198691 -2.9691579637565653
7.278920358866511 5.388556048801584
8.758283337500917 -8.197601825476731
-2.7091481587956263 12.645247290573835
-6.814805617850839 -12.456730708512843
9.61456237119539 -3.3050781747575098
-4.416838006948247 -13.614356890240686
1.0554554213437015 14.90194237621946
-7.433704506180238 -13.386470621819214
3.7543056591350243 11.585128013505916
3.3909362551176407 -8.930125950872673
-5.959481542304847 -11.576757425773135
3.895779099913984 -12.770685933291789
3.5240240983950457 -2.464523038792821
-10.492947890942784 2.0551185394058287
-8.138339453958219 -3.6198610398061537
-2.319733477934184 -10.047532376000676
-3.854577292957682 6.040093176959626
-12.121073891130575 1.917535965849467
-10.929080519585968 8.216913459631323
-14.882990083282186 -7.0193043354407045
-0.4279617209158335 0.05887835245015616
10.4568883041835 6.738915989501252
-8.066150287874851 -9.307064510493161
12.935653609428375 -10.0809406850932
13.560509315951633 2.479416002581125
11.869410649973718 6.728501172494593
3.209941508209159 8.500054281738826
7.473022705487285 -0.7859818909918204
-10.016102844529419 9.27505516681233
-8.672647099275764 -3.1426207066808804
-2.4221710535203975 -14.693712631826779
-4.324322091847904 0.6689558942654354
0.22027648761685015 -0.8977486664118857
-8.932377934273335 10.337537231103884
3.232689113598113 -11.437405819813353
1.0720897745492728 -4.354646831932163
4.59266608240495 9.248737237752337
-2.0980751289226482 -0.29993951957250076
10.720176944355817 -10.448324746863342
11.792664289858761 6.562094329827199
7.2427986705656835 -3.0724735598428605
0.641117093350065 10.027219527085727
1.9692920101997338 14.182855543002674
12.48830538226882 -13.97878658353683
-8.216155082665118 -10.560695921843433
-8.532496695258436 -11.087903673157792
2.7317039510276473 7.163912059445952
13.233058020611907 2.8773198320349938
-1.253386847168274 0.6790987105781472
-9.034957922542594 5.798374491908042
-13.875924903637582 -1.9532587461794844
-5.966093106190835 -5.59718789479549
12.735388444315564 0.03483394575467469
-14.862308743965079 9.292441313239909
-10.812779753719465 -10.395451341145792
8.883480002895393 -8.859493698318131
0.41754914318943115 -6.272134722379931
14.133641262774628 3.8298851735090778
5.118223553670713 -11.11243709560307
1.4407278522122908 14.114008004798208
8.56897313896641 0.014631535578384813
-11.673028787647128 5.434811253231178
5.391326119363566 3.9532044614408504
-3.930126611401736 14.928532796725065
1.0436335300423956 -12.52257848548312
-5.806702026976241 13.343601023005796
10.710562598219422 5.366292541330191
-14.081191968072114 10.037528896476019
-10.268546140981357 5.463383120505811
2.5067128173675854 -3.202453919369436
0.4957466682600167 12.21470346354484
6.583118091989363 -1.956764019254111
9.621041738395569 -4.979407305400276
12.564047017551047 12.788497785908522
1.2804445706862317 6.822222395172066
8.071504880015343 -6.138769443395816
10.84475424069424 2.7942213703251877
10.640480451655733 -3.576759827604075
12.089869886967644 -6.675493177680096
0.8937307042291778 -10.12188911163092
-3.096995575282227 -8.68112506118738
9.644247808139475 -5.568520688823973
1.7320822979223074 12.076455116427613
-6.541802586082174 -9.245432547089521
-3.3117825327872907 -13.356211896137781
-1.389731649278442 11.910186792556697
-12.218367705051847 0.2794122801559311
-1.0828493164637685 -3.078167650315841
-12.420256746776916 -11.568806312131658
11.64467267809368 6.3842631227469715
-5.331618241410688 9.067371280758085
-14.897556514748176 6.6960880324112
9.47981469658188 4.604301894985685
-4.300677359634346 7.987330376200681
-4.9652048122430905 14.71681738680385
2.926354040698609 -9.610967840627662
7.422383981441143 4.285504177566356
11.682855938404138 -5.606827187322677
-4.03511030205588 9.558993438417197
-2.163419094518318 11.464818049812738
-1.1873840229602735 -1.4315827567253123
11.63721704323989 7.410727949231196
14.058264721476105 1.5725986112129837
6.595157691535093 -2.1047070293610854
3.112354053747012 1.5649349159251997
-12.509447650299624 13.419368159266753
-8.169833683683436 -2.5104033545137536
11.677597495483184 6.566278992546373
-11.27221023255863 0.9644729524487445
12.380156787998645 0.4343068547594737
-12.094189401668842 -9.260722518095156
-12.035331679628452 -8.874395232199749
-3.433649077209985 -14.566293198899917
-14.193271347816403 11.682961023858304
6.840746651871179 -13.472797920996157
13.776517268272897 -11.830149013186347
10.978086962404475 -12.255335328542802
-2.305922219616539 8.381569410963007
-4.9972263897302724 1.75569788050937
15.16343499779335 1.4406190390681417
-3.623583761724028 3.6535365316116817
-14.626844883271922 -7.238148491101324
-5.529577463421248 2.706400434014359
2.1601330954374838 -9.373681852068371
1.9332090812032483 0.12154970917437602
5.081164054915906 -3.6679701187549636
-13.222294380777605 -7.2510491166111155
13.761298707639932 4.438650294699663
9.44433170985868 -14.414043901156244
-5.446825686881289 -4.1520978667262805
-2.474228740210261 -9.34674592900198
-13.446553854440221 -8.615080579119518
9.701681458112851 -11.940343490205887
-2.991597349526513 14.643504704721263
-11.285814185965759 4.381531550148628
-2.4136396147875647 -6.401962924628901
-5.0121321643484436 -11.166796849320107
0.708252427125867 -6.089290883960924
7.354614564962348 3.441069619216806
-7.611073190460029 10.06757628377273
2.9669352377077907 12.046442391980978
14.505518209195582 1.987850506951821
-8.996023626756884 -8.463021783724741
13.491745097226403 3.458193035234561
3.673735365057034 9.095212807785682
-1.7085323812300626 -5.803739452225312
11.655347986215919 -2.5220909087259518
14.792909236861234 -9.120552412035993
-12.995598747794386 -10.920065604098639
-2.619840429143263 -4.027838205725811
-9.752208143843522 -7.942761333470195
-0.19707489604553352 10.7607837043692
-6.423420605871669 -12.546343499849355
5.148936281865751 -10.60755759997491
-9.507843562564902 2.2993313323763225
