2500 2 5
11.299109960532139 7.9025392678911555
11.249441342974977 5.479889484262253
-9.53261659467827 5.545634042276079
10.854957947714926 8.365201006140836
12.55621626880856 10.062226510123512
-8.08863368808156 6.677346819123493
7.158314511955173 4.9886198245993265
-6.169493279882341 -4.773578318369886
11.435737934753103 8.723671815101433
9.790774019965788 8.79418288987304
-11.148407327981886 6.158954957787404
10.093218168846901 4.328600378220125
-7.733958171329884 7.077505289377176
-7.895926688369022 6.7102535899393105
12.731768472285694 7.632057048742794
-8.503145363037493 -2.273475278884221
-6.896122023942293 -5.0812920514707365
-8.135837052059806 4.520975837625663
13.611755843139628 1.4583083916505624
-7.81419102459074 -4.245649736002298
-8.759889047486023 4.95840566947677
-8.436361975574089 -4.960762120835864
-7.624988595033617 -5.701895369280082
-7.422660045862681 2.545972026188352
13.057690373976461 3.0277269014436206
-13.709706360464669 4.851681719066996
9.926542828133027 4.961754531342436
11.843409367163352 6.749949739423347
11.376657972683056 7.604429256535891
11.65913004788796 4.529883679577907
-11.749462782049887 7.421610043889809
13.802604537478475 2.6427119548520723
-8.00788140493505 -5.525178923176334
12.125777173655532 3.6796785442548074
-7.46883332182025 -4.158092095390524
-3.698163473825799 -5.24511250073054
8.146638060892952 4.852692689612423
12.684748699415879 0.6347942274821079
-8.230008774950068 -4.108045734066576
5.877726281797823 -6.9801436417535285
-5.969128936022084 -3.587820349486229
14.110766669526235 -8.077940430995245
-9.521050227154866 3.8188776344362836
12.180960197163193 2.8943457640971095
13.942774535833498 -0.17438851292608026
17.03190024571723 0.7811945503874802
-9.284266324526826 5.586380098101172
-9.104131629849098 7.851008255469904
-9.945029489672182 -5.131126928041269
8.529992636529991 4.880725383027293
-7.351397824429927 -4.806657631250215
10.01879833225778 5.277741646235463
-8.375402066048903 5.739531115162331
6.605662045904841 6.340510538033864
5.083279174062753 8.173820340776867
9.05268442814639 6.323603564227733
9.45362682110641 5.559667739665895
-9.66995586562745 5.039427473135041
9.964314099646614 5.472701824005734
-7.974049041809156 -4.294667619877433
-6.770950035895273 -8.290523838707731
-12.202973002816453 2.9120110103127352
-10.461593600750879 6.710982255151105
-7.843633142146959 -2.201746086682523
-11.419482240368165 6.171233828575381
-8.379457338352807 5.8775561429301
7.659550626485695 4.750373375890247
-8.816038633562888 8.887956160540163
-9.98476030120872 5.271726452612246
-10.04938623958148 9.22676480773896
12.196202087083645 2.610197361332004
13.911664890558793 2.577612310392598
-8.224730738239723 -2.353205630627076
6.359733115101549 4.433278479789958
11.55844744039873 7.456372532546645
9.175337918150607 7.279729373947508
13.08373196016653 -0.5359595474734915
11.245408976141208 5.99943376455446
2.2974433363013915 2.2885917857776583
-9.304401590872676 -6.891305144043271
-9.60739054812918 6.922476890034809
10.229801248606122 8.257722637761619
7.78851477639846 4.5503439077552805
-10.10418869541467 5.9609900147560655
17.821950763785267 0.5274982976292815
15.443147988505835 0.23874835636415215
-7.27110229313297 -3.4758367929094636
6.312981694163868 4.9031481584784204
8.549294059495217 9.137330428391671
-12.649927151666844 12.233989031726448
12.859244812863729 1.7388438776646455
10.228350239124264 4.470782349049459
14.335060730425143 1.0139390599162108
-6.422023232654659 -9.411573025296345
8.172119102839279 0.2878094099569246
8.348580430668836 9.189161090760171
13.05991226751416 1.7208584696280647
3.319164510278 12.664172957763885
7.799059270562725 6.646189866275661
-9.426501614653404 7.821773858228216
-11.623904229861013 7.631420457489739
-10.340757909472389 8.038648837181672
14.45571987247785 -0.7575117633944042
13.928476128401861 -0.1264508642008766
8.781395055070726 3.9758744623139233
1.2322595507410306 11.006231629727033
7.973651020194023 4.027247823885206
5.391562097227519 4.291435579679701
13.79757951711186 6.153433358937458
-11.03503286073374 5.910875385932963
-8.790244620985666 -2.6627530837474565
-9.254011926024575 7.470675733962289
11.044387060019922 6.2788119693545115
10.919082541475055 6.10157493600293
-8.559542961027894 -5.072511602578551
10.033365813234916 4.035512073205205
11.311947056558521 7.841064342008402
14.84310735307704 1.6490087950978956
-9.472672241805911 -2.3994931865897406
4.617212373482183 8.08309163626043
-8.161218999890501 -2.9966400533932727
13.081871644496875 2.2316379221751714
5.983835989763147 5.305043101444787
-9.783331882085749 7.067336718872703
6.984067300289268 6.276309747789621
16.000980068266536 -0.6483005882087434
10.783889235155106 7.556163531221547
13.473659522171179 11.10262132897861
-5.780508420918876 -6.210214647529689
-9.728694356094094 -2.755107540322138
13.32071781847142 3.533183894253856
-7.318595177565066 -2.733926434938838
9.048176483989572 4.025984251810039
-6.440731630140942 -10.766141875565364
11.420924918149108 7.451952033041823
15.222359910624347 3.751259413335531
-8.37174301041626 -3.743453582623636
-10.872989188855492 9.740897718814175
-9.912278897113367 6.068757543827769
11.16279524450577 5.602725106655193
-8.751492767499148 -2.969814536527391
-8.60941575444813 -3.09621135966306
-9.725597469045365 7.072266849034751
14.801691848807152 -0.38424055546612657
11.66010743413941 4.737403389755997
9.440419816846212 2.1168118402245697
-9.552109476998739 5.509892174617578
8.085616016836985 4.309038162384647
-9.608753971333126 7.654540409644606
11.203041930173542 7.804640124201073
8.088330104062516 4.21948851087539
9.02977070939648 7.7791354401265
14.173125491378041 5.994504794628226
-8.825430829891278 -2.3417033636767934
-5.412691495268671 -1.581453570744645
-6.67335129380147 -3.8124351570328545
-6.308565840016212 -2.0928209489527516
9.11670183498739 8.326567225642208
12.49727364204665 -0.05699517408090493
8.145049597294772 4.130887306888635
9.209657251892933 4.196519190601452
-9.781954102902017 3.2197304966563167
-1.5995702143586872 -1.4723839367505
9.266629963683782 4.527243822786775
9.745653784715127 7.336117902346788
8.766181760784486 5.384402864739695
-7.591120430830179 8.506537516441798
-9.587708010481899 -3.280118875247324
-7.066249971053494 -4.575249366077855
9.133824872420298 6.780952061696992
10.454487181212142 4.762506034267648
10.49135614813051 0.9340137357488769
-10.00913988007923 7.85758554979639
8.438085658309568 6.207418844316306
4.936438192147531 0.9420755348659746
-6.868852821863323 -4.77291665452336
8.07718295414914 8.548195466789455
-8.077253405508538 -4.606792832992662
-9.618260209943395 5.454139957662578
-6.381104971520192 -4.012923143064041
14.315821106607004 1.9595877402501083
9.193747803997612 8.321432659156454
-8.04338766216213 -4.696619098454083
7.8927285974824795 4.913983660170174
11.751600093208264 4.723247905846454
-9.438155110995455 6.017213055218206
10.491492247926683 6.48625992453637
-6.626690925761678 -5.482849238591529
7.766112116646077 6.352700125249248
7.916861140750858 5.603625460131564
15.08941669421496 0.961862806783097
11.040265867897421 5.953156495091486
10.894663643761165 9.196925369230772
7.042733350004698 4.637999177068184
-8.35190241906933 -1.5813509062142224
8.504382891512428 6.262766711781939
8.379818530937118 5.69428216382091
-7.151717151779051 -6.5789772237150235
8.137129528608105 3.5122462214182213
-5.281741434902486 -4.683094712287357
10.37648492897721 5.937100102802767
-6.590532636485045 -4.983729214517648
-3.143171630855159 13.96160914967285
-9.99502248194541 7.720738340290175
13.97111271961911 3.8853119501343323
14.012181673185083 0.5002158967752413
-4.950014681171574 5.070042039561489
11.546835131399911 6.215884019321644
15.90761181693601 3.9082343485864426
11.420449179732511 -12.174937140564275
-11.082804461020217 7.7156550664488615
-5.312354815569548 -2.8021860577856526
6.21580824586875 5.46479789998867
-7.1672122481345095 -3.5876918708983414
-8.511511216072202 7.195516942735599
8.077338173943378 6.023772503146086
11.493674678469178 1.7720448435733425
7.374541451565417 7.3364088125337705
-10.312162587094006 8.695948083387654
12.570386494360202 5.816355419579692
-6.940354366140901 -0.5048611010664539
-10.422636710297411 9.855216112888984
11.979143546354171 7.755205401344643
-9.071611333380783 5.847193052269162
-11.659486443146388 5.275908282912596
8.483170279307375 5.991115302141155
-13.764842694089168 -7.831912725031145
9.423054239143488 4.518552651436185
-12.528105141270094 6.3028622947733055
1.437511695753173 10.31024068340545
-9.069374077022685 7.300545471967739
11.882446646989864 3.15999578840338
-12.613240871631472 6.023819137742893
7.4312829629375265 2.044275525537913
13.049669888892346 2.550675484942161
7.1450734671502545 3.6700092856572413
10.046818973576308 6.061232183486751
-2.706908489088759 -13.859999449815364
-6.705885080690428 -4.138487441484462
7.985031182215349 5.412259138726391
-7.824859833500091 -3.1920532643938726
11.095348513564826 10.198893652462084
-6.348063445784335 -6.335931883374542
11.347107474821584 6.925817148710363
15.483333456565596 2.9639731625189296
11.160656425867169 8.638518523085704
8.800553145363915 6.7913067103226386
9.362987570932209 12.323633254031165
-8.132495407165774 -12.706716434621594
16.44856179036706 2.4806281401043466
9.69989878738557 7.333176954216585
7.32311710085061 3.3544085785198248
13.48553102886095 2.5703967868382454
8.695384339113383 2.7675470329784995
-11.356049100970829 6.487142638235871
14.32448263008349 0.3729054868180788
12.720707727154918 7.596951665673124
13.053967640431441 5.646966812448174
-4.369229715786524 -0.6956656800029535
-14.328136352973633 2.3911340448732794
13.955474669268108 2.393015150319934
-7.458214710806116 -6.234949234698686
-8.596488411134718 -4.4173400879209135
-7.276159249357024 -5.895663414870598
-10.26619305182142 -5.739056999413924
11.383810759306893 8.649895887531704
-9.072144382834233 -3.6852102357185923
11.80956638366562 11.245887638996056
-7.525240532171444 6.107550940710876
-5.575221746521631 4.6325370760214675
-6.995654469896554 -2.897238454440031
7.929958610219485 6.245593954068447
14.909240061343802 2.6182441656512756
-7.1911777533597805 -2.1024074422966352
12.194676971567551 5.324661305010236
12.663651809206584 8.407190933500821
-6.520880834891148 -8.406641694581014
6.338827264750034 4.64113764539181
10.461992840620209 4.531454939024957
-11.02342266136571 6.4846636418310535
13.058332132838455 0.6641976205594218
-6.562800169776622 -3.0684930794815513
9.886800155276912 7.622865838498987
8.12286451510277 6.253556193035656
7.145905556315045 6.244918289986632
11.190356304263675 5.984841256731148
10.221530382246836 5.703038248902752
6.244436896917569 4.58521960395959
-5.881887984427523 -1.5664605205701205
-10.259287066562004 -1.433968733600393
8.37342260922825 8.02090994100377
12.30942560666282 -0.7217872275061139
10.507464484273893 5.4481086947259065
9.558017739719936 6.436004031893015
-8.038354566023866 -2.383694358041294
13.350045448538474 1.8147141192026293
-11.326170977754678 7.939777548999583
11.0820208987594 7.279722468522937
-9.868004396243283 -2.830379218401287
7.034069070399397 5.189951255331761
-8.888825189995705 6.837787211711543
1.1177936217441626 14.569316653939428
9.010705271923932 4.99323179038911
12.14879691179095 7.655248060442304
13.883396918440562 1.6050044630061897
9.771707275690039 4.578689579146125
15.100253238918981 2.802618254333375
-7.04540441127016 -5.321894844154452
-6.244352467067612 -2.1550780100565694
5.5021712755869245 13.33098885473748
-8.922389470537176 6.483619869412239
12.55776087118185 0.17978031659023852
9.626889911813617 7.526143131907423
6.304245413186226 5.488340792000442
-10.625760215804727 6.516616861354951
0.5220367666089096 14.810825060713576
7.9116985537297975 5.559172541278676
-7.887449696274514 -5.362236328023744
-7.8394470682396165 6.976970532824726
10.206905457489617 7.165359254300741
-8.45143103218936 -4.147648752639408
-0.7044984191305268 1.873965098240248
12.102347275245874 6.465911512294118
-12.408935895616779 7.620368935541478
-6.363663045503003 -4.290071667535366
8.726150877194975 5.027640349880594
-5.574626930163541 -3.5948596847908654
9.10197068358895 6.973850580704323
-8.286717025272317 -4.985023753271159
-9.347114469795324 6.351877143998771
-8.113222682141366 -4.59832784184156
9.969322139835882 7.236529579166355
-8.914201476086975 -5.999581419233525
-9.384512327199525 4.813133521205021
9.540949866900778 4.2986551308397605
11.8173120871218 9.396875916240665
-9.274236233354877 -5.135475735748881
-8.57312534618115 -1.1986862864160033
-8.893622297948097 -2.8410696067234884
6.391445468610541 5.09163662574775
12.16961658120242 5.78081486699636
-7.294004392775617 7.436907217632234
8.492029071807307 6.040594514013668
9.637757704510214 -9.284327167950334
11.216417385905547 6.602144486155941
11.493414130196511 8.660604069875896
9.898085148155282 -9.679640936266127
7.138329232259119 5.767926222513739
6.075406209900837 4.188850199292982
1.0850636924167745 -7.132916640474622
6.886083690032169 6.157509778865057
2.857049827827197 -1.9601016012331502
11.398828331508406 6.4382078629254025
-9.265447908462479 -4.018804499491983
11.068587650535672 6.236590395445724
-9.115347763151144 -5.557195450817186
14.22908934495933 -0.23152200180796179
14.317075333300185 -13.997260372264167
-9.215746915143173 3.740467127655455
-9.504175392418192 -3.4385459545057175
4.399202003578409 6.379572030111229
6.792206237211739 3.3803542194109997
9.635038427388467 5.260387582702968
-12.015663348295316 7.9692276788806815
10.737397976463896 8.00648528584246
-6.465968876814356 -5.740030689652537
11.82052873907346 6.87288788514881
-5.42640657331766 -4.0614108406136324
8.30386395352035 4.357404888855472
0.7055778674898949 4.269478537817264
12.424749400796184 5.259805786450487
15.818032253264391 3.9820033991244297
-0.7318573882867199 -14.83914079289619
-9.413260054476249 4.869401223308252
-10.61002428326961 -12.131741687192239
-10.423572982401039 7.5295468801693275
13.125863832694096 1.0134230850882224
10.382185173943078 8.486321723582256
5.9717497431092745 6.39034504170152
-8.155077521258676 7.454698264898349
-7.377938454141571 -2.1861106335751805
14.624048108184505 8.266423917955654
15.564639227283479 4.5658810256881655
11.057828186416243 6.289435186380691
8.885999549724616 6.660873330341699
-7.521510243842118 -3.1765560213614448
-9.751672373814396 8.420418705610007
-7.5578778099119175 -2.6057921782289384
6.462096779020506 4.923117709214301
3.490153761993721 -1.989615761433127
10.304157452581933 5.151975311710084
14.222758487631223 4.269615860252432
-10.438427017021557 -4.386141087456998
-7.912897254049345 6.182324401355659
-9.223654660524739 6.817418403323083
16.6828929406052 1.7770434417600196
7.7465036798062865 7.642267334816621
9.685940965105841 6.597555228919577
7.331032314789319 8.201738874804875
-9.84110815500565 9.258406624544547
11.800930048856614 8.525613926091424
8.712321302177969 6.966659004134626
-13.164903498710075 7.303187448453316
8.223020317202549 6.947012898721145
12.259054561909636 8.491380258393416
1.680198934521437 5.266092212128316
9.691570005590924 5.960096233348757
12.345569759167109 0.9936167495949726
12.131157848590439 5.791229028443462
13.306801997145923 4.0482933927667
-10.06478818665137 7.53485253382675
12.050332018106413 8.253265093225524
13.897519852434817 0.08513570487031896
14.896618916310047 13.471418049307498
9.436833507460427 6.433495102221086
12.076056458100805 13.634830394968489
7.793423583061938 7.070594507747959
-10.692910386805268 8.123256648393836
15.356062873521505 0.36887213479883796
-6.539483972915196 -4.782418370213845
10.439724970556425 11.829479757502153
-4.8966013115849485 3.43442716412833
8.27631415247435 5.283225132828206
-7.133206917923274 -2.5908074097348996
-10.522039047685583 -3.2423660535029115
8.19851563518156 1.3723334729559094
-6.2349993516550715 -2.602517801922504
-7.110529249728812 -2.959321886582696
15.144447797519216 1.0805718476640211
17.260570577330892 2.310657857447676
-9.309307857334586 7.43385465734134
10.046468115989729 6.455943658178797
9.243611326234184 6.894774293568036
16.143374874249385 2.2836594598419406
-10.969011128876565 5.846991462576056
-7.299465732310912 -12.9978520808498
-11.100364967869512 5.98640975303495
9.01018942622733 4.449131394542734
-10.549151803334437 -2.307470054950174
9.65782266236494 8.913255533061479
-8.759732673873527 -4.525910236612881
8.509125622522825 8.90380789056633
13.154860864119344 6.915627804131733
-9.900211202155875 5.916862587313306
12.535139956425228 7.268217139421478
11.857331530116504 2.1095328776183773
12.221534797935803 6.4730123125898675
6.807567545948025 11.849181804897182
9.891491139051345 4.249523198089356
-7.563450607085941 -5.66145165555903
-13.553479154038865 14.419710062732925
-9.667601682856178 8.519267189366907
-6.355094850603897 -1.8824386640844182
-7.607439247392952 -5.197258368089914
9.76923761810826 3.071288605298358
8.076856701345186 3.088007412081375
-6.157564021536588 -4.62210232306994
9.672813591670606 5.267546858624762
-5.717008352060901 -6.132708505451628
8.544494239598514 -5.339659216812002
10.854240063426898 4.974108029132399
12.783746875298458 2.532335432105875
14.4044905338366 -0.5000476246004606
-1.8182343038988122 3.6008641370899923
12.921778362310526 1.3389690194278487
12.87369945775481 2.8940935552355014
13.720073432908862 3.399808969463103
11.605468293809944 4.067350110055384
-7.347792660443632 -4.2163073677583816
17.21854212047152 2.6464571715207477
14.032481072634907 3.3113763547706894
10.039615442005356 6.204158500655993
13.594051711292233 2.2226025942337593
2.0679915205202875 12.913910592316203
8.471366084067885 8.298862412238513
-8.672647099275764 -3.1426207066808804
14.266339518455293 1.145999010157519
12.494813293537625 1.4982884402872496
-6.974922953051756 7.528622874203366
-0.7518252042942812 11.247884372355614
-9.636027817742127 -4.056651952284457
0.148975111330655 2.256495384100891
12.23095684309243 7.0931355881245395
-6.052479322072083 -10.122958956927564
-7.943198778707568 6.336621357589736
8.590438753439113 5.617991411156466
-8.820524173941248 -3.2548557756134673
-10.582183009553896 6.356118853868399
13.952159369549834 1.9830357009530317
-9.895808435542877 6.452239070187148
7.1453728641667595 -14.069952387116547
-7.060871018148864 -2.3419943251122546
10.789530660312137 8.578977518822875
8.80493191598262 7.888927355741532
15.833947060361371 7.687822860595691
-6.490676797502109 -3.3603848282375988
-8.37086349895618 -2.929533593854535
-4.677245469141575 -3.411080967112632
11.399880106003415 1.6589743613146626
-9.515570816455172 -1.6297326518448392
-5.61750581121092 -5.826847507182993
8.083406232507174 5.310977359005867
13.214541030614667 5.269739402364436
-9.45548577575792 3.625118459771655
-6.739877546514722 -7.456907463319926
-1.1817004172331327 -5.885866978814631
12.688906733694719 9.57569458999735
-9.009200422468446 -2.7993371934756066
15.284355752547688 1.55812175193764
6.404652821659301 7.124260019337887
-8.790262822902076 -3.7948660969901473
-10.926232631976088 5.9425472200651255
-6.688032683585021 -2.951342793851343
-9.544011162782809 -5.417064506076122
12.830022227293874 3.2287310114063
-8.533023564799116 5.611865218831732
12.245132563780988 7.229922894154648
15.353541103255045 1.4673428205128918
6.9219268705678205 4.099843725304777
-11.50012689142517 5.750977648795815
-14.288690975402162 -0.34335006646368527
7.665162940310832 5.668031519071182
1.868106628367645 5.633840329811058
13.625445542045084 1.4585861603282777
-5.711524080732242 -3.0815038909263404
8.784997179518141 5.075007138224445
14.554303459003595 0.5002668188811135
-11.000827264632973 8.001739838632087
-13.047263915473497 -7.518220365209275
-9.392106481644216 8.209960897977563
13.847686446565035 1.8464141626524069
-9.490962016159724 -3.029357534903526
-9.46488534424116 6.0061446370315155
-8.463215446783476 5.1107467315476285
12.546886817734231 2.1941047885318907
-14.37031183871027 5.583355227644905
11.365010070280773 -0.6004726692237714
-8.19365160074026 -4.816643990293602
-12.779368646330887 -9.848259769078636
14.939297444174107 -1.4471464435381618
-8.034787102774654 -4.006264134778112
-12.9365188628972 3.7855898809814303
-7.993869543047685 -5.4999312973402334
8.392077071216589 3.921834769128945
-7.2884223828881325 6.8640524524619915
8.091706070909515 5.803243318855363
10.360566111984989 6.332572214998177
7.6562064334979585 6.566730697041416
10.584528539385985 13.510861491499313
-11.53982123994478 8.366239975844596
-9.003285470005657 6.608179400113423
12.088559880598309 6.693099032513932
3.4534938941795126 -3.7106769586024893
-11.906763911984978 8.39117517012771
9.544589331745735 9.30759635891047
-6.403358689249448 -2.9391490121638446
-8.165604035273912 7.041314374781441
-8.928459168488121 5.098686243358657
-6.251992130937655 -3.8049203870996378
8.454340176607783 7.496888201602573
8.837005490698553 5.2678852054069205
13.752551940222215 0.6194003161829871
-9.927657821310675 6.54047264604849
10.956731650522869 5.877030332199441
3.8324424985582546 -6.703740029224042
7.74319163918036 3.719180445713465
-6.942435356424331 -6.087955689543101
11.290479629094838 5.339057400798905
11.648600741545797 6.917281423670158
-11.99169009496682 5.9254551134376054
8.345092568523 5.672172771816325
7.054409770666219 8.665302356943704
12.723332163073383 1.5110690600777794
-10.061020657593302 5.247969374576168
8.327836527505573 2.136132806368884
8.910546458185667 9.261698852758649
-7.748868075061089 4.837018317027507
2.521418539192421 5.132329805375253
11.916051394837888 6.7635618491466705
12.805533158265037 4.647966739795869
13.015184052752952 6.984856505421106
9.401060486987152 5.286305635364977
-9.71830253938741 7.386892839365359
11.396725369338704 8.841509377276035
-8.204859907089347 4.936299017574355
13.421436284102422 0.6517495525757451
-8.286562453527672 -6.411452214359281
10.512919333206202 5.856627934143107
13.282904396704726 9.571551017038491
9.046107633223993 7.955845656283523
14.007567916520344 2.8580406513070242
-6.703970639542587 -3.2413177206836608
11.153055184041971 5.571159553116834
11.871678451837422 6.756761313427043
13.181027378897102 0.11721446207396946
-14.621246967753542 -10.128123472594465
4.617137049715584 2.141603315257953
-11.549796376254593 4.955863849858249
7.864144375444123 5.203269212590973
-6.406339070134885 -6.186484279815494
-9.538257127988725 7.922077175257518
11.958303132661934 4.133168612818947
-8.883294314595979 -6.310604257093411
13.786230686372779 1.2984720375158219
-9.827447378625644 6.418612838443256
15.617748363753718 2.4013256500412967
-8.478551209427122 4.097958512536377
-6.82602244561185 -1.94743390535449
8.055787188002263 4.768956490916143
7.0048879980942775 3.3631508508684176
7.352164684633893 4.779471799981316
-8.062977340349127 -6.4404293578561616
-7.356371929221173 -2.5378434827399765
14.660442833070814 -7.191362040626266
15.815106145223348 1.577488882482405
9.537380158511095 5.38063146516211
-8.85449811646525 -3.8308284212560664
-6.210390528855168 -3.9881812317724306
13.883388354552086 2.232401051258233
2.0524336051976704 2.6193150752353134
-5.302305069933886 -3.7272415871119606
7.4945044530943745 9.656643892819895
-6.374643365157811 -5.305043855167801
9.139634191382344 7.795015217420997
-11.557442470989681 6.445972868981137
-9.882004001393584 6.455544224330223
11.904604954841616 1.5141221970171497
-9.605372199935097 6.472961051969324
-8.602823808545843 5.579348858441556
-8.847429198818235 -3.604768546708038
9.888700194749374 2.2593938103315936
14.91519759758842 -3.054405423780814
2.9124019401849495 -3.4676637376459833
-10.294927660291657 6.558982617301342
7.091252525756516 6.133557043016172
-8.680980979548957 -2.0939611263476965
-11.958690962115707 8.783128119110048
8.870220154789376 4.591960878025504
11.805511486900109 5.801305886805888
7.587011944286651 6.518442222896984
8.256033262639935 3.9133036524319365
-8.851832176063581 -4.051302334626597
13.902957374788091 1.646550109194716
7.502386078878519 6.325333876637588
-10.725381709242743 9.343197205147044
11.320332767979831 -4.319219778559116
-6.60595215524201 -7.788073774610244
-8.470076459692779 6.47291412730684
-6.273508654082131 -1.8116813646079732
11.85611573074073 -1.4432815648005413
14.23128859794956 2.185145143275035
14.636665785476435 1.7773362775650063
8.379887953731954 5.3103741898921095
-6.7456462556985635 8.5510714197478
15.826651571622918 2.292139780419582
9.233442586432357 5.924933863721833
11.603935804236931 9.019612280624823
-7.765799335656422 -1.2920404119038444
13.856148672287112 2.8244834889959276
-8.8448211806562 -4.752282203906825
10.151913546506787 2.5980885898218657
13.114834162679921 2.9243381571014853
-11.002988822327262 5.695779963065217
-6.686845892786148 -2.4794080493313935
8.419098528984817 4.721457457634498
15.276737954589393 1.1013334913353805
11.832049463290893 5.76929264208507
-8.993822114241677 -4.096191652243813
-10.682343802602112 -2.9364693362783196
16.147219617339093 1.861109291256971
11.005486462250913 9.194098747605596
1.5062802941496507 10.436454295457676
15.108452958048888 1.205118957503664
-10.572924210374067 7.007444143116107
-5.0933525958760075 -4.994489479843306
14.888014249324193 2.6090283923750786
14.350267548020204 7.6385250244526635
11.095288315469265 7.831689278233637
10.62420241693678 9.083996525296028
-7.021618511327303 -4.635300269527745
-5.952432615551704 -6.050993808255379
8.807723097367614 4.836327558954498
12.28531440003456 7.164789562443482
-8.901082585071325 -3.806246125232066
14.784888972724099 1.2918126212074164
-9.02008394431123 6.031488156357946
-12.130345526226268 7.403766496737282
14.605797681061961 0.4759069444744115
11.080754221504456 -0.779173660796622
-9.689023152369725 7.6731996511551275
-8.781019903777356 6.6373396988560405
14.261616397990958 2.608300668087136
-8.813327570168296 9.072612475487226
8.062826828081114 4.8385972794736505
9.915692413210754 4.2149703119020225
8.0857270493687 -11.337265287455427
12.695407165728264 4.363489304436322
-11.430144918071537 4.941858698728163
11.314981265230745 4.168473475547973
-14.411631823496943 12.663305274058523
-1.1209442858936711 -5.785802169595142
9.76124082907422 9.835029926905566
7.797670867464401 3.8440762809488
-9.4788061980455 8.60917827996655
12.411540819924326 8.002562130980444
12.573883099727144 3.1692978415994206
10.672842557318244 2.5794732781875145
16.142675350801895 0.8187360132411453
8.434010600438834 5.327172000000735
7.458844063652677 3.6482731219346487
9.294571880495194 5.829790925466264
11.846980855899881 3.0056422478802167
11.360484732246855 2.319329860779973
12.453794390127607 3.01574999593334
-11.047954260534532 6.975430717924706
-10.84113353662872 4.137974504138471
13.304765587717164 11.33166433082992
-7.095740822532623 -6.899140624175393
15.590813617184084 0.9375356213368338
10.327133458480837 8.668709608730152
-6.804141314553753 -4.737920655714905
14.19631682566057 -4.637409595858289
-8.031313052192019 -4.914733343570683
-7.970323092070486 7.046709291542239
11.479649025028902 6.9099441499072505
13.445081847184955 5.625474849321648
-7.703422735328057 -2.770921618492884
11.637435657254938 7.457991148845732
-10.372847712039214 5.388437126455619
-10.449631899451042 7.242625506886409
-8.069045620079683 -3.314084032654212
10.136638872078949 5.689917625962224
10.406841566823651 10.481843775771175
-9.048820056621539 5.973945789278393
-9.9488564177993 6.686272614544996
1.1155107348645785 -11.153744108444222
-8.658129351039685 -4.08422547474196
12.10710239498301 6.685818347256411
11.805716302509529 6.658618513948071
0.7152600252258416 -8.468351265714851
5.92850073176715 4.447850813773655
-9.373769805378814 6.35669918536596
-8.966749097243758 8.318446653157013
9.260180200513265 3.9820976706792983
-3.7483434453109545 1.4845865713776902
-9.951617173660264 4.2394383934582685
9.09661293494705 5.157730944078439
-7.75148235634154 7.864072358677743
13.020152794091613 -0.051049168629506925
-10.46521007125825 6.7618907221048214
1.1318058412387764 0.843501668694767
9.867468583309321 4.876212617028564
7.546024493111067 2.9291904159517386
8.981234511355723 6.363447186427848
-9.887394495791508 9.008451044312022
9.330362061736547 5.251387772323752
9.255390842181212 4.375890560954167
12.47176119185995 6.851929586038731
14.071941270440071 1.800650578138263
-10.117659231425014 7.807932374491657
-10.179660827595315 8.82517061050034
10.672528062307558 6.159600158668425
8.139522913117123 1.4483136451315524
-10.169551361961757 8.546895787072476
-12.603018338678162 8.223377577195613
-10.43534881213463 -4.374641431871502
-5.851686018706244 -4.369882313688274
-7.219437588961653 -4.906145979432539
-6.274077688280197 -2.7274724108164525
8.390748051092633 4.9358227567186
7.93432449836553 5.712293423324251
-7.305370012878546 -2.1088921349156386
13.172842259392462 6.967751525750646
-7.663992709559355 -4.472095849679955
-9.682743260755483 9.338953231851027
-7.483428096226782 -3.8591550230040643
-10.018379800872957 9.067883400429295
10.535601132670479 5.646674900610456
-5.861452656655287 -4.785391856314654
5.173582441209524 1.669334573858197
4.151982504974363 2.8327312601511743
12.144946151318253 3.721356883274832
-8.211632687674308 -7.21008728385807
-8.085080299792159 4.670288477707755
7.751574434457974 6.454232414323501
15.274780351832092 1.42487060300739
15.718747674832137 2.785898820579556
13.761660804972475 7.83184705587629
14.779024054278866 0.769832596021842
-8.795752321774524 7.828941957028657
-9.827707711694263 -1.970555806915673
9.7206640822769 6.607495158212609
11.953098079356836 4.589463717702432
13.673671134801323 1.5603405382345676
-2.4322067073163325 -9.939336571777343
10.783677969362426 7.006619575523391
12.49783754848439 7.669874904207693
-10.103165178696113 7.98891213091982
9.590197172531617 6.818474859248802
-7.569648417604634 -4.894541492168548
-9.09497196475571 -3.375469314333044
-5.411208537070378 -1.9302153980456342
-9.914031294021768 8.956599101082952
-8.59926041953157 8.929457784360897
13.592973991076391 1.7610113899156887
9.74288217919506 8.285330757552103
-5.1201818532072805 -5.688192419760941
7.694638292398532 8.294681305089217
-1.2830696552834873 4.765540987419442
-9.988895666695177 8.935847422974321
1.106278789216418 7.832503697829594
-6.188953758627431 -1.2917609377592214
-9.864106045509782 6.866397395707254
-8.811818055610633 5.801652581499354
-6.937410690308881 -3.207459350866584
12.69664788272468 -0.414526249908695
6.877122960574713 -3.07744643507656
11.530888867772678 5.071542563389167
-9.822484358415654 7.639064079675684
12.350002037032738 2.6842869935785343
8.3904929235641 -5.169912535803068
-13.83306580839646 1.5129236123789198
7.455940524806385 3.70071159410933
-6.060225441844551 -5.595779089961011
12.670768109862198 0.8780767034757225
10.712268127798035 6.9208711905018605
-8.356198445002509 0.3843734808301189
11.04382989377 4.5957814336460645
13.639107909460508 2.0165462481613363
13.491209944215623 -10.355233525513235
-7.12999553057171 -2.6003515556011765
-9.534192889046826 -5.444855290147601
12.238705405577557 2.4844866639361247
3.322406432530137 -5.9590716059398705
7.716402305223136 4.283070516192174
13.852647446643074 1.4368177260037707
-7.588404896221223 8.009300964388814
12.706207664644158 5.411748894475221
13.904975682405318 7.193253580982957
10.474912309066656 4.63984874855331
-8.84128738452694 7.124664859474482
-9.382593948550717 6.525125597946242
12.844438726171349 9.749986444978738
9.439056635125121 7.9627961869650115
-7.271510436402584 -3.7441890673307436
8.850569875472313 6.459460176772709
8.71404234768382 3.3048157290725246
-10.686758030363567 -2.736594206053102
6.48855216156236 4.9821715699913005
15.28537706036073 2.5405024168183132
9.346087268112834 8.866056626441347
13.848955345822322 2.819436145389665
-8.692152688648761 -5.783619418005933
-14.277678196402864 -6.3096417963419995
-10.895266967679207 4.334166219249084
-5.056330111094187 -4.494493911179951
13.567695686405463 6.338423489013052
-7.877266945929117 -1.6046113765664498
-6.90873506356297 -8.481249402898172
-8.264288546970985 -4.875363601086951
13.270655616391325 5.507000789823363
8.064753586260213 3.574152798729154
-8.224788831367603 7.825121650660683
-8.20190561708845 -2.8486241110657806
7.860652903401128 -0.22240742931356294
9.30456214948481 7.560963841200603
-10.63160001599214 3.789705326202408
12.719961904087464 2.4357680830785124
-10.325405693042526 7.452147220457987
-6.2300399034051175 -14.476002613232499
-6.948073332276518 -3.9492239971066714
17.140465831550348 3.1761975134008633
14.380314634606416 -1.2686036249647472
11.267270523874434 9.273251314759468
9.334435683119827 6.196496309234426
16.162738054296106 -0.07290108716448973
16.294593380700192 1.16445985196988
9.918385803263643 5.035164448633959
-7.642914698449896 -4.832930613166598
-11.602720434705713 8.276239176202072
-3.5504363008238187 14.35735248723882
12.5824327032818 1.4482850830680605
10.81799753949949 6.795125747251114
13.817668484661342 0.8420195592429975
11.505176899378409 6.929657569400627
14.466021205506026 -1.8960177402911613
10.263475785166332 7.756234845894179
14.138657845849632 3.3071820659779467
11.232405057180241 6.107383035043834
-8.471112267738517 -1.8923873205195907
-10.668378224366752 3.1251186456456077
-8.886766435702157 -5.506772274589845
17.240079974399308 3.036516973379169
-8.097569608115295 8.06639142263905
13.91794408375146 0.8091133231775369
10.194994120681507 6.2792732528609445
-12.61182657281742 -5.275202271118214
10.09249441600558 3.907477734627105
-8.644189788543729 -1.9573909862790053
13.776440945708664 9.208545295144592
-6.710062000767983 -4.210843612621237
8.547027981267547 6.486444583667234
4.66393545332399 -2.8508340789626665
12.128406922255934 -6.351108500017041
-10.450652217091156 5.211896595432124
-7.701302885502183 -5.437098022138878
-12.400401770356456 -4.486640556725854
16.20333919042954 0.7593514592642936
11.217466931917036 2.5741965966861455
9.918851531899282 6.2152000391229825
-12.3582331378547 6.978719580304522
-5.9554661477644935 -2.2014812893815625
11.257150688375164 6.526781004649024
-10.896178580585744 7.1572116916811686
11.542957612290802 2.5056059200901872
8.245449688012249 5.647915570179698
12.107520678054769 2.21457214260765
1.2398369332229429 12.44236647239116
-8.978675821343188 -2.620857906046219
7.93892280573699 0.39530912203463586
8.959501918753269 5.3376961283340165
7.351984481024423 4.642234619940989
13.799316046976541 2.983968955453876
15.074502191147264 0.3835114611493704
10.811399414162167 6.8505888780484225
9.42763024824787 3.919749640029318
9.675939703293361 3.815550080953045
11.655512227417232 7.928461206471111
7.430621105401409 3.7683988804084945
10.294651485714128 4.329897690740226
-10.188787956335268 4.3245807542967665
-9.95275807922216 -4.337586593013833
-9.958515205496795 -3.429489845969569
-6.801363911283526 -2.973116533510752
-5.399297155860866 2.8494880297856042
8.405546422555817 6.39155691325517
-14.705031067202423 -9.269189877951188
9.816099152479524 5.527681120295118
-7.60606290553074 7.166893733823793
12.278931617481769 -0.9577676511575195
11.781738270120577 8.435175994590441
14.937822420161654 3.7416921419318343
14.591193239841907 4.605118211614748
5.7349463444470175 -6.308568588598295
13.80828381696069 6.8183547884147
-10.182872751944721 8.67202421509026
13.691000734557036 6.2033172179887615
11.760659180223401 6.723095640897795
-12.759736223650936 -7.033286904986127
7.4221916097409135 4.08626802086982
13.201575410245056 3.3916282903018677
-10.542944854307667 7.09440668651745
10.674925598411058 6.4482466226653035
13.968909006502756 2.638537577667649
-7.041932998827024 -5.870764721955332
15.220675076244994 2.4737555576086527
14.097557770044897 7.66176571087602
-9.093810639139383 7.597107409469929
0.8299028375561477 7.194195304347147
-10.318838277329803 5.43084694461413
10.956074494789789 3.011608726378888
9.26481477506951 6.742334397825046
14.167494405704382 5.541627242513521
-11.01342288913362 -2.620911018117087
11.035172923086803 7.024697131383869
14.343917185091945 3.0470582062399467
12.203979383003581 5.88915493938134
-7.3443009722488775 7.9541997168763245
11.393376323605409 6.784434886214198
6.147939525531232 5.3309343105565254
4.246308929232813 3.094322711006245
10.060809073311637 5.610648910848341
12.823198918096676 2.4545106769311813
12.811322404870939 3.0523659450464984
-9.423112722810005 9.710831269318156
-8.59920602107178 7.367751534120521
15.511984705230066 2.3595485260310993
10.207944161102374 8.05289072666413
7.54574955236088 4.412581689950136
6.766719035242058 5.59935258460684
-8.033087142426087 4.7892645999975505
10.79247084010141 8.097699454928442
-0.5663452102859576 0.6193287363287006
7.9371548133986884 5.906705983078335
12.552847752672147 -10.942645403735089
8.942201893796447 5.963138418411199
10.83747871431224 9.043081361228731
-5.400066066127692 -3.2375744779695674
9.829636127312536 6.802680055559611
-6.146479405734556 5.269886059912977
-9.539068561218802 8.46626325497161
-8.271931643072516 -4.191543352470224
-6.537046239803656 -0.4701830986855944
9.603874343645018 6.91000682787874
-4.592992149191801 -6.3009251612388955
-8.114660961616506 -3.205692649340859
-6.316239304562741 6.640093618511321
2.015190512500599 -7.928211751586941
-10.406659144917148 7.204253799647823
7.221270399997225 9.996457630129925
7.863522908408457 3.3162595751326545
15.54043730908384 2.9503984869292177
-1.1789488203829652 14.628421952167137
-8.277958576852999 -6.747475881344319
11.024927987505071 6.585263323028713
14.185265897493403 2.3868730338177
8.258886198709149 7.870816808863035
15.721392637263138 0.32159743533052065
13.301559956216368 2.002877111784433
13.172924628812382 -1.5172630455087517
9.388132404318767 -9.174735438532176
-10.7180475709269 7.166964903454443
8.32333513551059 3.943078129626997
-8.864719444328243 5.680739603487319
-6.446197999436604 -5.4285485349844596
-8.728928513707764 6.66392701988273
7.404141373911982 4.469770408644618
9.073322842126508 3.7391018166727923
-9.664635830680327 6.93009363912094
-9.477573148571668 -3.3057232913909615
-8.566575444173187 4.852220668649851
7.755923674471969 13.431422892019029
8.336362528153968 7.115420523351736
12.326342650224657 8.230325118423904
16.121923593127825 1.5340422605618904
13.285273901935387 0.8295730082412662
-9.570999345216848 -3.7085355501338158
13.474387763460529 2.7952117376114742
-5.49704553769226 -3.651729501887891
-7.058897537664671 9.51215097940689
5.636394417621199 2.7937979504844392
-7.757629145187015 6.387506328430594
-10.318384714871836 7.56297669512867
-6.892277339544 4.255574597311298
12.464945820171204 6.688813580687878
13.390569608174971 1.9653847708451833
-7.825265143451973 -1.0556769147981298
8.400985662650724 6.556101176173435
-9.435222818798872 8.001881115744093
-7.0334004076276635 -3.6761540896228353
11.202708394560076 10.45009943094494
-8.699147190542012 12.13017491324348
8.57497105652469 3.3309781434464543
-8.235070885526376 -4.022951330464079
13.081898828165262 2.9964201133320647
-9.12901232585144 6.895968509283201
14.553919075553424 4.756313972771956
16.127921128774666 4.668086983592572
9.225764666430312 5.498663008447342
13.442483013465706 1.5891503771018258
-8.323329245773229 4.067710447619283
1.968661971480259 -11.825145326880929
-11.256280207121975 8.174236827173445
15.093017179537256 2.5972790225088582
14.166844041474418 2.166202126759146
12.953676403475939 0.24263163794611353
12.684071446060521 7.2148906989298975
12.19666531261106 1.8555702579546256
12.18345438692994 5.6118170573212005
-6.4390749438496275 -4.593934551984459
-8.754589663179928 4.599180076993983
14.438685490190739 1.0544707233076598
-10.490210849453 7.844333728810014
-7.465358230549507 -2.375984221385259
12.546108363989163 0.681287865696921
11.676439865129495 -0.25556249567207345
13.389350802697379 3.543047534159176
-5.886856190429783 -4.924089103057892
7.33769900396611 5.399563412760475
-7.188402855499443 -3.56193411411863
-7.720432615445592 6.326913133952726
-8.777166448894699 7.19449530633154
9.37739979489725 6.682115112229918
14.505782325623706 2.1315887729174143
-10.517958590973516 7.494217318573408
-10.569195200458283 7.1040446041074246
7.600444335296793 6.744312946992704
7.713839757874626 5.3662870114933545
8.873337148856411 6.809378578764866
13.919842860087364 4.191888370987726
13.419628457707121 1.3370035618550387
-5.818776148065755 -3.46505657590142
-5.541083647479703 7.660310592313596
11.01268975970451 6.920681682120637
10.654507398182012 4.3362468326512476
10.464768869956838 9.96675295220189
15.951551616792718 4.416702896420684
13.400419860682039 1.6026208085636826
11.591298062236252 -0.6481808030565968
8.121624631522055 6.426804671115726
9.698182080385283 3.9994496302556977
12.050253154392545 4.353105278581213
-5.229769438777448 -4.563728412049435
10.277106388506228 6.940255033215115
-7.459411517961639 -6.335057676547811
-8.309541050528871 6.883158430481064
14.577174691528217 0.44714915096631347
-10.574320536529433 7.300844654667584
-6.55277369132065 -4.4739316288452695
14.431001224122367 1.19439154867551
14.889711059925887 8.93526571334538
7.6861587709302235 5.471515739638816
7.112633675949064 6.288024869450092
13.196792485713734 1.717778176931955
8.18358001411459 -10.883782821992742
-1.4933145101242538 5.897521933381583
-6.668767967939694 -3.7286563003146123
-5.401392067355726 6.226331525394556
-5.910072429015173 -0.09407189525421789
9.557741295708468 6.545227861317474
17.00697168028381 4.080479219683447
-11.267251024215557 10.974289535930366
-10.661092827726872 -5.133354219003579
-6.116420121066932 -1.0612103750597313
-8.712527376685266 7.173101129916474
7.083761396011679 7.540154405667124
4.121537450758225 7.145318066287396
-7.561258982151771 -7.7802190824544795
-9.608446563098289 -5.700202537109303
14.328305739161785 0.8049164823819182
10.57470932424131 7.549748470693942
13.120382129632803 7.782474596797359
11.904252652707187 5.136507102807801
13.175082738417982 6.869893570158621
15.287265314929805 5.246441338294437
13.189017837397042 1.4801648554927476
6.862265763864444 5.45185404872408
-8.937279994108787 -2.9062823939472544
16.04506832004834 2.7670408566389755
6.915935235401336 7.517071568047201
-10.430937070589685 7.53648267020008
-9.965987046356872 -5.929151512434082
7.360027652598209 4.772524319920897
-10.12804407750803 8.35300220240204
9.629407373607142 7.524960841044039
10.898985090901382 9.347159580485268
-5.732313573993072 -5.216440079145029
1.5474828510067695 7.193886131474457
14.097798268369 2.339975928997233
11.994858999150386 6.478758808185387
7.233997215613016 4.626992631999636
13.299301591312743 9.210698041501368
-8.903846298576399 9.631406386939641
4.998610313633129 7.080775208327335
15.138055216792596 1.6227491584229978
-8.369490823198488 9.12797969917058
8.94010556069091 7.3006867887227545
-8.736367994934875 7.123106341071796
10.516351600317464 6.677131443081246
12.734741594855475 1.8718435804888316
-9.589143126261412 6.637517959579505
-9.694522466353334 3.959998005701582
15.501203579235291 -1.0377742883988716
-13.222045750592521 -13.38566114283433
8.672035273857565 4.834467265329032
14.692927432257665 3.4182485777790115
-8.726092760025178 -3.7414607262044868
-8.06618302253926 -5.005841429352337
-14.50685559406211 9.939048675113984
-6.555524833769859 -2.626244518337017
7.966315878861513 4.894128540029597
14.781840341227388 0.26053208470374534
-7.437347783110572 -5.1671006068636665
13.805091914029688 0.7347099745849741
13.207209410215572 1.2751468380038529
15.934390192184148 -0.21743111176138097
11.757531899907853 6.242572139489545
-9.141387192974047 -4.50381030127901
9.425184444706527 7.087551880183076
10.437903230062311 5.0637115175244665
-6.628246389890492 -4.005846850773121
-8.856559036150987 7.000529303902492
-10.493932276586492 -7.57368589456867
9.718664099192216 4.49898201506969
9.969032848533276 2.8340875308559648
-7.779945532322377 -4.896314737205959
-11.112904747143752 8.597794742126382
13.722020671015992 3.4328916344426204
9.192472647050327 5.262925867049839
7.514591538951631 7.7442055548851805
11.142415011512734 7.024363899161859
10.1177709946047 4.7978490191340555
-8.063004698621782 -2.0390048825623563
6.9500058292145255 4.309388400830696
12.484651283410212 -0.9648475833374541
-9.864768412937824 7.318329362741837
-8.026445420522673 8.142331185273907
-9.922759097994621 7.082005244668988
8.489037215829317 3.355072019824571
10.67239973943153 6.323436553390638
-6.188074661482595 -3.4511019731892767
15.613028503554187 3.970488097731457
-7.876594570320164 -4.718487934889755
-9.334437823754838 8.271639001388753
-7.964598845476747 -4.267898127682996
9.749175580970945 7.509720142258931
-7.384422805295675 -4.7301588097571665
15.18072290237233 4.105068449777032
-9.024801047582697 6.549257890940089
11.827731649453392 9.464674837608804
12.557925771461168 -11.406859038940095
15.330731806422026 1.2125961797952778
10.039905411031526 4.302327642506169
12.822093295172104 5.768264958203572
13.540573074572254 4.040338345779135
-4.180605700082715 1.0677249368859876
-8.479801110886578 -7.014684801844794
-9.288087722472575 7.085264765113875
-13.846110026059344 4.634090304373906
-10.265002178060566 4.471643552852828
12.811645949254611 7.277613843256652
-9.906483402717233 4.983813241338175
-8.726772888709718 6.518173639313108
-8.520961611657572 4.685853530973677
9.741256316694109 5.700771766993686
13.72828573446224 3.055795223065536
5.941359872909141 5.686398830525665
10.38232524177538 5.421386712477029
-2.709407141137053 -0.5494291792808994
-5.735515245925956 4.33821335177181
11.626798926429165 9.365035440945295
8.247983926409894 3.2043363887291227
6.43719239378637 6.384162914594348
6.015711204834275 3.7738018391007286
8.471403495511398 2.3851166926413376
13.934197675576385 2.2698328529339635
11.905058328214158 7.222467514225379
12.081577962788256 5.132972192364642
4.878362076270896 14.405152028141249
10.029830877658329 6.905995422972516
12.24420023972295 5.133796881310388
17.435162016087634 0.7008945265181201
15.026453280970024 2.7235364906260218
-7.661098059523919 8.201768636512202
8.291843384499632 6.587529198053662
-7.4256869428617085 -4.519650402256078
-7.625046753263389 5.986996228070575
12.438702393544888 1.5924625495416396
11.90374843392796 8.613409065372046
12.293476646781494 6.568154073221567
-11.643746463118896 6.312417272766596
0.768651335930798 8.635902921945345
-9.707067580020016 8.04720521023445
6.250389407043937 4.16931330178815
1.8895689595777512 -7.908321238657483
8.818800464488971 2.9321706956007447
10.51507545735757 7.454585983574861
10.536901895662616 2.7463905128311223
8.112877513259164 4.278387161575681
12.300483892152146 6.37632176996825
5.395082177748151 4.0603943862367
-10.12214488246489 9.187244709677568
5.926748239387427 5.2061894564700415
-8.865711584723373 1.1146930971580513
15.029208120092957 2.413234350766808
8.328171052139455 6.452255365944492
-8.368021343050728 -6.00853150888801
11.901698588503923 7.349657803769955
-8.39793022987055 -2.9197831753308474
-7.488558344233285 5.320056248668199
13.383373738668695 8.13930224700543
14.352319210732984 1.7139438049603688
3.3254311682367117 12.309755963254851
11.15387831938935 6.073793696386374
-4.749542040217044 -14.694505639377706
-8.68790536156897 9.43454365152014
13.026781220028832 4.368106728210234
-12.83089192879842 7.179998574196949
-7.297916981179181 -5.964073735357346
5.605534191913631 5.5879375117607815
-7.952386023905963 -4.569547610577906
5.832587439617203 5.449488073742565
-8.838866292349664 -6.23207064218451
14.631700582588866 0.8198984444118775
9.580839011630793 -6.738514024667378
11.744661421497145 2.5005668891239363
-10.31010717948187 2.503672186427057
7.7415976807679865 5.307569680490888
8.427903575218796 6.631443883539067
-6.57270286666253 5.837619282467781
13.428469798133191 3.192349811233176
7.857972982289622 6.316998082794973
-7.840110440294409 -4.313379484582618
11.549157245194568 9.077825188333094
-6.830769034289704 -3.2904527696560013
7.363478029483584 5.318306994353646
12.25607605195711 3.167265105206151
6.20366325994842 4.551823442725381
-12.06026119976907 6.454247391953859
-7.346463714728661 -3.7150340327933367
12.491981168547886 1.0818018945388328
13.03218463008701 6.982496857801929
13.002472969896793 7.360451704955554
12.173794487268683 5.137309764369107
11.807360885016742 1.689054232255336
10.544888515432856 7.424331334609668
-5.722562809482886 -2.979001594497633
-6.932151646922617 -2.2122970549943983
-3.8593779162792483 -3.9245511257636885
15.433834840544808 2.0088423838633633
8.15143726879289 3.219089488507306
-8.79170959898079 -5.695856760848833
14.071695970472062 2.5536954712802733
14.385652838502773 1.2904259453417486
16.143965583254694 1.736172009778611
-8.712111856483316 -4.104969728399289
11.070062718362927 5.317549655245036
-11.917663901853182 6.368173609057203
9.867784066473432 5.09189488567048
9.0809279924084 6.976907946619602
-2.5850751281955304 -2.7404897735280223
-8.402490854916142 5.784963594200291
-6.998978679525549 -2.141146288091783
13.00591051130311 7.142079032565134
9.467929185937468 3.604810320410184
9.2879884432519 3.999788027670605
12.744757451726596 -0.19166789124676775
-2.0034209681762647 2.1265421752019265
-8.005188931812159 -6.059041081050999
-10.84314720445549 9.378665269861907
-8.009214251364734 -3.9102968597667953
16.68628835206281 2.7135362459888905
9.74279510939937 6.240252546270023
11.058950089823918 9.939094897019022
-8.605427295296845 -3.934309460185113
10.690724335588008 4.415412964481074
14.041309402993392 1.0775223967588103
-9.014900575567406 -3.9563312683130434
10.458011747533027 6.508355498246095
-11.950539148294371 -2.0414458777673534
-13.886989744319708 10.918033688555024
-9.732081522991642 7.755284969045296
9.426016694406679 10.068344368259424
-6.158130918734155 -7.237877229494721
11.766976262574932 1.9242167147483666
12.790138526868132 9.131761302015642
13.155618653287215 2.406410629707544
13.757999668397568 2.882978800685778
12.597426206438069 2.168983677702256
-4.836390725979911 9.389765010947627
12.613190613053712 2.790019656264075
-7.247316609967962 -7.011543983592881
-7.982375955294481 -3.858345881486938
-7.522400599375063 -2.102223741992385
10.42092247793578 8.79207858359035
9.557478248784081 6.699285213625739
-10.60214266491014 6.361916241830224
-2.903784251736239 -1.2005442894440232
14.299759177471303 0.7944654514623402
12.199107490383593 7.515247759780219
11.818659092951306 9.014498666524158
12.711412440651548 7.344435108129212
5.212535772658203 3.5816319721287955
7.699130177413359 5.1562481809054015
11.655025903334051 2.4640223578845237
11.530058528794916 4.679461599957479
11.206335678671126 6.2463697095074835
14.066257231008235 1.854389232236058
10.507190486316166 3.8803134263608237
10.879697934047908 6.902084684036876
13.009189929391813 2.786512878105512
-8.757870694093304 7.624560659591669
-6.6899321461280294 -7.807606432290368
-0.9937354759068739 13.500084579809588
-6.703958789638761 -3.6716460712231744
12.610213426153363 9.177564256868443
-9.012277412342044 6.990563490894229
8.578791117196854 4.900894291106162
12.746942644011185 6.885718053461797
12.069847753346098 9.021168334027362
-7.230341256609805 -4.5584163548135
11.673720435653678 1.505478285786836
-6.792671199989779 -4.197775908054291
9.564398133298113 3.784942431942175
13.072532660781562 1.0335452050687262
-8.542013521177553 -6.08453000879476
8.503764056844785 5.580922981122006
-9.1502838966902 7.898646281257634
12.406362607973081 5.33209190603743
7.622375891395128 7.766598988147422
-7.890164130303329 -4.341809829766238
-14.490448325702248 2.7447447587243516
-11.054757514427568 8.093035255520668
9.03773105932459 8.08578217428056
9.57106815788612 6.549074381197233
8.743789884462261 5.579891034819862
12.80146905529287 2.5142591105425014
-7.393456780521725 -1.9008055330944296
14.414325258358115 0.7559875819617847
12.926534367834094 6.903287342094414
7.781030837936011 4.396267287007524
15.407278849518265 -1.2389676640982858
12.652911730638682 7.170316458480308
14.981169515413624 2.1067160257686495
-9.805630798114287 7.46879497072951
13.712184740403606 7.920836758810858
15.061513627029559 -0.12271087759287136
-9.27512352656395 6.481919700591032
11.368508208250182 7.87140505991477
8.947819448243273 14.792119507128902
8.34954313851663 7.219692037067895
14.228272492132099 1.6137557092502097
11.010609990688815 6.964685822389539
8.387334305334516 9.703839047064168
-14.900075033196273 -0.4070221348211902
0.3977654895269751 3.1904554597365937
8.002274632852417 5.049303555608947
-8.029626232612209 3.668459798778003
10.240375494763091 3.4210525024210945
-9.950706261503502 8.142739008790633
-8.135257011452941 -4.382536077152036
10.043616004407472 7.533892117189191
7.747669377456075 2.1803564383036926
12.525916156686131 1.0238246254598145
-9.213427347161735 5.255796501766843
5.676574016071444 5.052586101450323
7.161400374326525 6.016981735222438
8.553698918231094 3.0807514439700574
10.685031995325733 7.847361889613473
-5.12848673661709 -4.392540000199786
12.01983146838019 6.434447226648851
-8.395010588130118 -4.166488512058787
17.550956767061994 0.2943763514541935
8.187574254923756 -3.3192702164030177
-0.5349083007782447 8.217319792176532
13.392371870617826 3.7547545774237503
16.176090139731016 2.0927452457561895
6.604942682513793 6.565410571433823
-8.335852792798509 5.276805771845471
-10.460517976346015 7.4979433673390385
-12.030117307964217 -12.953977657307998
14.07881963217929 2.325564001798545
12.53393619072622 6.0612376084054045
9.795880783074056 6.630989055065557
-9.718856676526155 6.348408857993353
13.503083098742788 0.9196793063966655
-8.433785053888418 7.479434051506536
-9.821775488610015 8.296044800188591
13.662647695547031 1.217450681204905
13.835980141808701 2.863540039075567
-7.503920400926883 -2.758043767920098
6.130333975468091 4.352104203359301
-7.705163752660335 -2.6616440073802616
-0.4586823492984067 -14.043137450418012
10.90012139479102 7.866722203632893
-7.705044998381867 -4.1869377699493935
-9.077214628883139 6.145119448294595
-5.750463787821724 -2.555524124116972
-6.796910332598234 4.542019310943971
-9.08846164977741 -2.315706158204
-10.908468687642165 6.9115253223689495
-2.220469242646205 -2.9976129509140907
10.500888951963445 9.286776850970288
14.629163769817218 12.23872229932672
-6.947107563431743 -1.884616852740277
-8.750930323156261 -2.3973471003041733
12.92888443427216 5.527274772321022
13.522576044292903 0.65838330028941
-11.854679219771722 8.810160960799081
-8.411409434520085 3.8313664140267853
12.10416045637249 7.143826000505582
17.791602226331282 2.7811577932072167
-8.044367134956618 -2.6420879995924675
10.855579528858819 0.4729790446090387
-9.0359327114838 5.8481511008129825
12.850300567680444 5.796668182951059
8.23213882587867 2.3778699214201637
13.237345240399518 3.762813882352088
6.817425612635532 5.611727327802968
-8.412433417279905 -2.4986894652573306
-8.24332973107014 5.870809967249029
14.914949934471629 3.3503308828404585
12.902416338815318 2.209158116951106
-12.68211833687042 -0.7975607825284934
-4.126900788676815 -12.828175580992102
10.882381860349646 5.201554668533943
10.536630374914182 8.044880365730725
14.495253632688566 -0.598551550236416
6.184037514626013 2.8041016921559025
10.991817853268662 2.5566072978041436
-7.9418725884373815 -3.4706858406731618
-9.902032282190298 4.1970974961149645
12.396475385580578 5.911493823259144
-8.455001354726473 9.83274514350985
15.328978218633337 -0.3676443922585877
-4.085982136382528 -5.188671631066828
-8.561452655064684 9.131006855778342
-8.52475229441316 6.674916571287728
-8.712239108821235 -2.5351955936968804
11.236156826978293 -0.30163075845633225
-8.232300790359275 -2.820005995752025
-7.640692867359573 8.568369652629674
10.689393795350034 4.088231628486127
-8.347952006865482 6.308825018266703
3.4552088713353335 -10.977478054772938
-8.097848695928938 -5.261101727246435
13.90101447439732 1.2656328740756702
8.406579974590706 7.131100167423895
7.40098354394346 5.119065859084128
10.926134967398514 9.054110368455355
-10.426993425456637 7.95221842084162
-1.7770152981258107 -11.25439630299576
12.892513649985275 6.350797719635458
7.754352222839065 4.015539266215422
12.20671194369265 6.60906303957532
-8.626134171208385 7.567350193410974
14.05726682182645 3.4048151530621227
12.061471984428032 2.4801824834731927
13.3532276871886 2.451850107229145
-8.896835362779235 6.772431993071563
-14.72688475530849 13.698856185506
15.153765695304923 1.0090459030788848
-6.793542035673032 -0.5421293122748958
15.477470063584546 2.8935678317738285
11.001642164591134 6.4302135645552525
13.333081274797848 8.568792674549872
10.625166574346053 4.668461307103929
10.873006726588798 6.602240172971614
-7.360161236730506 -4.151473788887079
11.694457047267273 8.071024328112822
-7.456534220968808 -1.9755009083373074
-7.178337339890325 -2.835359848416033
9.25945430019525 6.553631890940752
11.096861647183337 4.944296844642427
-9.27185729902741 4.130478477465035
9.31905464002087 5.6286782029519955
12.785640288436596 4.808840257766636
10.616171786503617 7.271181264082927
7.610383235225986 5.368837500569645
10.667192256970576 -14.61728297877005
11.579725894511565 6.0426500409788755
9.129844155463655 8.055436699184321
7.765553517662894 4.593749365707448
8.567637091909344 4.536771328386173
11.766290185069913 0.970719224209224
14.273588862672856 7.667000066865411
7.39601878800944 2.628956507695352
6.246472119319904 9.539509109326023
-8.11233423459243 -5.287336490048637
2.4051989155656592 14.886635963177348
-9.866977704561176 6.494751189893569
-8.713780453319254 9.240950476339007
13.477245274837756 6.569024692580538
16.33728595678437 0.9208101595707083
10.954270211211812 8.949508169364341
-11.207786635305759 7.717440579414705
13.169898289168062 3.936290667411921
-7.580939202493659 -4.009530991045215
-10.092170677511927 5.676431283957284
10.334588900906754 8.21825540336874
-8.208865974228335 -1.779083415805787
7.231997900278401 5.58854355771779
9.36849912086662 -0.6745940926229625
-7.230721840889677 -4.320285749594287
-8.585745969878857 7.353488869853847
14.54291566258582 3.5539031235973866
12.951056524750719 6.726244354565697
2.116655017591661 -3.0348776911645032
9.41429477728713 2.1945602963252178
8.091733680287064 4.950307234799991
11.733908524138016 -3.802720619995167
-14.747238023630434 -9.50480254438552
-8.03535294606995 -2.272497671368946
8.80529745027186 5.483705150749646
-14.19998712426531 5.98345983689347
-10.483567526748367 7.635059312149211
13.431675955864423 8.582727309893787
5.903943685382947 2.5827934914739035
15.297155551074965 5.663906074214456
-8.487278684363806 4.573062247901084
12.316102693229801 5.7231201669883776
11.147204979755365 5.166194071885646
-7.8296938773112705 6.938398543833997
14.340427086546823 0.8927119179332765
9.039567413348115 7.102625682322213
-12.070817666402963 -4.605055556373651
-9.936345187054972 5.742359651095605
-2.2112722537952116 -5.625561842377399
6.054478491720791 7.13044324679288
6.51532449898853 8.128805676684513
-8.590059743620953 -3.0429328102210866
-5.898008088429 1.3245843571274918
-10.335976508590603 9.484100504285557
11.277039307319574 6.480340884141599
-10.236229894019699 -6.729890263128837
14.161904441033005 3.7241967497605817
-8.397618432724647 3.2463188759438735
-2.9067805394675457 -6.823003198101654
-11.156489992501712 6.816395534324872
-8.072436756777616 -2.3962809980560005
8.881097878989038 7.622729699744845
-7.768320941711591 7.734338107680468
10.832294214685467 9.004969449576624
4.979380352420538 -0.5233220752254386
7.246944599829288 6.035593031406148
8.791120812464436 5.24528409888972
14.343839042936512 0.20156565657081393
-10.300363583781524 5.148410502463676
14.528430588390012 0.7937950364336395
13.019166041348225 0.6607964942485482
-7.060997821820458 -14.919381142557414
-10.916691968930838 5.894034827866358
13.053695146046254 2.100086767350804
11.329663135100548 7.401247789906259
-7.163374889089489 0.9531871453814063
8.405596853988486 5.428078893598725
-9.024807149439413 -2.2655245850627668
7.496095233905985 4.029300429086695
14.475575741640041 2.712625481777599
-5.881000925119278 -4.454887828174082
8.40720106013889 7.844145123045605
15.76687503496474 2.252377754127606
12.004167926422271 3.2709882715877097
16.14779437050217 1.9043462009160823
-9.619908270602313 4.577033097301898
-8.705901777085735 5.981393399638583
-8.072377358342298 -1.4689113785248313
-6.721575851313434 -4.293491826004138
14.15770249644357 4.426154740189146
-9.322593935711192 -5.563009139012928
-11.089418551682096 9.26049590623284
10.282493124872383 9.733598449941576
8.49922434557029 3.6648480201837703
10.39310792881215 6.417251888214395
-7.984046345682788 -3.684027699232943
16.02901274130763 2.0098447365270036
9.42790271720751 9.631690773636816
6.925264860646912 4.054769128101057
8.344557456937189 5.407201373185487
9.462892097452194 8.910268341157172
12.303431343088054 6.682735283603518
9.53334904957021 9.764980881893134
9.135294090785793 5.935035184968852
-6.606340360249558 -2.5156566165891183
-6.9554578827733415 -4.609377054346414
-9.608361684143961 6.569084203982953
-9.179449468768436 2.217480749538396
12.798987843932249 0.41982634458246393
9.552321093773418 6.519880572473137
-11.344865993644497 -11.330033464676582
14.107914100997881 -3.8136114617760217
12.204346766346633 7.227696285154765
-9.43270414770784 5.500351417235484
-7.622532918739988 -2.4420822802031346
13.885852863057849 8.077866201904655
10.669148170981686 7.5984788749495324
13.904056574926646 1.8458146048104977
11.541254765777865 6.82510698293523
11.551105879108812 0.435289257722828
-8.588230708566394 -2.8048531775584022
-9.510039171475183 -3.4939112094342613
7.284551414544092 4.418239841142828
7.338319302092156 4.436689460600046
13.112039629255193 1.3533659323669744
13.555268935206925 8.510378585573942
5.550325089126927 4.692248845047315
11.21793553328287 5.365367357748797
10.0778844354291 6.139535656373993
12.271636526880467 -5.808133234897268
-9.598682628543957 -5.087815121055554
9.486311448474686 5.315495424604431
-14.226191983678163 14.115486342963226
10.407664221302504 6.300248146210527
14.760625632666533 2.4332880311660237
-7.508833613632824 7.645223773173128
11.938550687557758 4.447720638589618
-6.863771811339834 8.997223249083586
8.023460247796862 3.371494695408925
-7.989740619680056 8.650855351319873
11.966477759244178 6.214651734600951
13.368432785099793 0.40750750511722145
-1.81225936728932 12.701203216721293
9.73055255229601 3.707446689735919
10.370850834323834 2.566493625476497
13.401337291199223 3.231491615913055
9.334287495197032 3.4870015260749363
-1.9310825373975504 8.83335162709096
10.27650724658945 8.23071079059398
14.637282719118424 4.274605728906458
11.836958853853535 5.902849158551243
-10.005320391899708 7.864706007344063
8.025545892187676 5.898395961366451
-9.715628843466149 -8.134502284912163
12.873222578494484 1.8772142262339417
-9.779515202213451 8.769689077783257
-2.0287203579823334 -2.110737271470672
12.092970706065076 9.775140645510461
8.826689363931152 5.520473284183452
9.273687915420473 4.940168090958213
6.84276988124701 6.903642213944813
9.67607024330591 5.138493942016044
13.361628432237325 7.338998047701329
12.057717738341083 1.3055958389629245
9.39524534489802 3.27992968331509
-8.764096131353018 7.652405053996141
-5.045095508311794 -2.910902203148445
12.728045926628315 7.360670824300572
9.133345703941297 5.300432778191596
-7.434556669292579 6.628378646664798
-8.118579285965092 -6.59836339689024
9.1944183794384 3.640341491657422
6.997158460775729 5.816096663726754
-6.49753660766984 -3.4426662849926233
-11.060606742440925 10.67132852975647
14.371556780960232 3.3249504635161187
3.4236878689627837 -8.201269002637602
6.503881950056748 6.393408556332737
11.615595794135174 5.996920154137774
-8.905711424405272 7.826481316839286
-4.191946039326558 -13.813395154069717
6.035299922557986 4.058076470361752
14.247736639998081 9.031868708519877
7.89989355858172 4.586254419940003
9.588126079945429 5.052379793889884
12.401368915477446 2.1214179585476
9.784524380425434 2.8000369366720865
-8.553072745825421 -4.3228511986812705
13.035145738921809 3.0256476669989114
10.619513745937246 6.594741648138164
-7.336053820900256 -5.263361211093982
-7.078224514246485 -4.626034144096888
-7.966588727344721 -3.251274704022382
15.051845608015736 2.926232698304249
13.558644973236438 9.45765022301674
12.35629973727827 4.120390183571835
-5.698084108666555 -4.796487162853977
-6.504888517273079 -2.7703040914027595
13.527470304373743 0.5316627607396243
-10.840695041017584 7.667597345848172
13.809141231128073 2.6243389056129756
15.7047163851151 3.539936850095984
14.782812018883801 -0.486333184151142
-7.662852496916924 -0.579737639532858
-9.663478199639767 7.292684496662233
-10.006851465673378 5.944754100996377
11.529777735827611 6.925106233264208
11.372428417810557 7.6378228266687564
-8.411787487469878 7.392765666589645
15.597159872455572 2.100244294780542
5.798783727986739 3.4941881693238557
16.728765097907377 1.2581273235079486
-10.39629825458264 5.7630059727547245
-8.294040022684447 -2.8533708745685136
7.474227368720731 5.6947812254684615
10.07540059004448 6.529111945559784
12.009187037193238 7.22484219246597
14.998531479027676 4.12558476378143
-5.536685904443754 -2.923591882443484
9.377088767958282 5.221781213243759
11.277593346632925 7.043548898259793
9.993290358782762 3.6536121180677514
-11.316060781822248 2.121669452130689
15.059833350300917 -0.15997699964732992
-8.38064049693574 5.665994387954934
-12.034047474456461 -4.921806990145851
-10.308757717893027 8.412340590916052
13.679513981724273 3.2064452155235217
-9.72083962231082 7.626643368986649
13.80863057083598 -10.064411126886057
-9.482522575663488 7.456955566360435
-5.966093106190835 -5.59718789479549
15.266302158433435 2.3569618819362934
-9.244843844822238 -2.3469501211327084
-9.692474991433588 10.136886107200263
14.42655282043993 1.3964546957085007
-10.470432259565456 8.990195849155999
8.909210841519156 5.232281590374438
-9.146941255297708 -5.296383851844034
-7.758710191498628 -4.528442494657671
-10.714355965703538 10.343805232408114
-8.388623664160974 -3.7915607728085057
13.797855880975034 0.18169071700580464
13.739458518391828 2.756325273137066
2.549627734450983 -2.7203269717405156
-11.32177513198285 6.9419488911153735
-8.123421128281445 6.593060444407357
-8.169833683683436 -2.5104033545137536
14.0725969995512 2.3889377625636357
9.512770929021134 4.969242417118398
13.42518537754636 13.592382408238691
11.90855857358131 7.256530178005004
-12.09651686900016 4.084146133655598
-10.856860840016683 8.699845266946085
9.899836890086718 -13.050400738882336
6.703066943507567 4.562287030093774
-7.704004311773734 6.508524571763116
-6.492595027999654 7.324120349535209
11.006210451676253 2.866405891757484
-9.146978287365457 -6.498134993230151
13.63306834324345 2.867193213800242
-0.10889240459339078 -1.5240711225260704
-9.067344448573094 7.166423890633137
10.63592678555565 4.504907812065964
13.402261089940753 2.830467025478284
11.971165266490994 7.273750002180607
17.695025770918026 1.923730608930837
-6.676531944819512 -4.716995547143366
10.630090976109681 2.9801766479188854
9.736500167772768 -10.554467530178648
8.944919997747228 7.422402704860097
-12.123610288701851 7.989679980896057
12.889422230469808 1.9798879081380811
11.568043825150497 2.2351447388034837
-4.144540233915336 12.029448423337637
14.267875306735993 2.352581708391143
-1.0348745908629233 -14.82748531507445
14.34208128312796 1.6704182827917327
12.413415421130576 7.639114163087945
11.325714574900456 2.7580782526010026
10.496356648426412 6.126907183660252
-7.16381788069616 -4.090668179846731
-5.497100025500226 -4.514399484977042
-7.922055394218969 -3.4830537991140558
-11.644242181411302 7.353630044975451
9.718103076226932 8.58314078888232
6.975479377678299 4.233916918949094
10.361790423748406 9.117124082248196
7.529509707187224 2.761976237410043
-9.843921877285382 8.23561993954612
-9.696038936135794 6.346736318200264
13.904837000723601 2.591739232541671
-10.661145017033368 5.787163937026527
15.716369463627256 2.310722616773979
12.359153550098892 7.818726742320306
-7.954531339403829 6.770829960717098
14.535815683583506 6.158880934641969
-8.403360665984474 -4.536965734001651
13.640034880086688 -0.3251825817017808
7.835723572758281 2.7797916439100807
11.725826513185183 7.4170750164726105
9.824296072841056 5.479826711107068
9.92905236096303 6.864561806992031
-13.208244523888904 11.310988762415374
8.314475661644389 4.7707258109060335
-8.156027872493235 4.391491815216538
-3.2172368569029057 -10.740644883907372
-8.024569900840527 -5.990952454800848
3.374580614660097 1.4142560546532899
-6.686789293251726 -5.954869258259531
1.0410909155822594 14.00103304436254
9.417217443907896 5.802027191993562
-8.307748845746946 5.101648433123137
-8.045046873732378 -6.414513305748505
12.292882888870666 1.1367178381657463
-10.477119103716236 4.1702071265458525
-8.189606669349047 -4.7338991824691945
8.938729209469727 6.820488741296707
8.735758520092869 4.734228536041327
10.767295910227183 7.480848016258194
11.46195497295753 0.8678575383285139
10.390795024860994 7.192242876157015
9.863141889801 -10.648142555649049
9.626992857745282 4.046350498454806
-0.631930484358298 3.1807660701367766
14.96874177646051 -0.06406865353705182
8.338083126543134 5.117572959645153
15.927979726736398 1.4601224171143135
-10.814590365362967 8.03571304857238
16.146536733627766 1.3223038304474346
-6.509698433716375 -4.349459692303581
12.26884168725011 6.7188644250596035
11.130820353122049 6.824561221446912
6.789061262786388 4.031222882296057
16.394799917887465 2.672054240504684
13.222523187589683 0.5232710537744736
12.181096001356167 8.030078587952588
6.606166811352793 3.247222185436094
13.501526547791507 2.0008689122816596
-12.962929009733386 10.093135026982864
-12.572747443942053 6.653434301892129
12.403082490227916 4.711686494665179
8.88766201038244 3.0171804664740005
-10.262414949249385 -3.2743128415755485
-7.151034480357472 -3.5498524919098102
9.774809151797493 4.523388980298919
15.129362120495363 1.245841023417423
12.311776469879067 9.228504039714196
-4.873312009180559 8.128156820757646
-9.471295245786319 7.3226550066194624
-11.71802686064197 -14.243781508756312
-2.370793656930717 1.2088328366651524
-8.477295785104968 0.045407756199975946
11.788747153616358 6.941293155043911
13.399661407787852 0.9692967580004652
-6.827576827292578 3.4558601833044875
9.136754164808158 5.497657676729628
10.296005849791385 5.5033693117034
-8.604351077733076 10.40157083285744
12.147477681821913 6.483460510889003
-14.609673795944499 -11.927210851056467
8.090410171238025 3.9744952499022315
14.006737974949516 4.681520039643479
13.108055002100238 4.63320669519656
-14.95404561952174 -9.719481082383723
-8.685196489259642 6.390312823517032
12.104919978383885 0.23799425368915328
12.809044711261869 0.572222925904992
10.509751154199469 5.92378948344572
13.144685615309545 2.3229291680337165
9.291448072515198 5.897827044345288
6.441182326192287 -8.025583309032521
10.004164409851652 6.634581408197782
6.89148753968528 7.435476890354034
7.671012501186951 5.826913968473088
15.911542813429266 0.24122030971845043
5.231973647676774 5.711070655320723
12.7861813740617 9.442510302111211
15.240397843623793 8.107474036586524
-11.53449280042383 -7.864042144812383
10.976493073477506 7.663994792817859
-6.39407923315583 -4.618473812473646
10.255494676649977 5.082287175740586
13.407800226391643 7.503737968782323
13.892238699181533 5.501577637716528
8.714147818909716 6.083052745212473
5.9671030955365065 2.1151059148703
8.439556344497074 6.133754826714886
9.523991335277955 6.145157171504549
-6.863004415316736 -4.834147465172332
6.2220497662700005 4.5343280109710244
-9.18724764983467 9.074436641858812
13.015758604249877 0.6809705790605165
-12.43204057249963 -11.04413274806857
-5.446825686881289 -4.1520978667262805
-10.58431789838566 8.159238731757531
16.788874294470208 1.0432349450684844
13.070710531052702 7.696303056491358
-6.131000299929861 -1.9971753602712763
15.749108338859756 3.3921397901702726
5.378424153788798 6.277890192727699
5.445254567214244 3.7970003526491416
-11.349118768359373 7.379218207650471
16.707275929839092 1.412158868294712
7.589795515143754 6.637676565219769
9.841059035139756 5.061591534293561
7.6918542920382045 7.451556108919158
-6.792595886338667 9.092434797480918
10.86438796717195 7.058184618862892
-9.509852386063352 5.927158050674694
-7.050327836251062 -2.647078433919952
-9.203011198920946 9.238758154693462
5.440529996899809 2.603452220063525
-11.114100252869482 5.978157859402181
11.615705021861604 1.2503514581719433
14.638199093889696 4.496945898241633
-7.609423011446876 9.242054257742778
12.328869223190951 2.247837874695672
-13.346066694094345 7.90307720010279
-8.914433319014591 -6.054724409793544
14.106432582944366 1.5997096464505893
-7.263646658279181 -4.5023016193936884
10.570403336708896 9.688483128088436
13.286653669794962 1.3392170227596596
8.037125405769839 3.766064327339475
-8.768656257897266 -3.245830408570923
-8.768714084531807 8.74562220630451
-8.304726412962946 -6.1331694047229
-7.359516208701523 6.502530695192587
10.30475275167413 -10.982474165823021
9.778585577480944 9.61627256243909
-10.10279167708768 7.241083190057757
11.767043824199535 6.75884442441408
-4.118949788090859 6.218429842279846
12.997841488529076 5.69718801061099
-7.0224667224220045 -7.951458805971653
13.522711630111758 10.012541813763555
-7.469613116537871 -1.2090693717443277
-5.3930395083753595 -4.265853732060744
7.346245865634521 6.203468142793177
13.732143239464408 1.4797115551033755
15.050446407549572 2.8967983514673903
-11.02437831410694 6.887295827114641
12.205618951322585 0.7969975971129619
11.65605429699198 9.048409762985406
-9.852475399701536 -3.178608651189882
16.863730974852096 2.0436159445353295
15.29940492590949 0.00015624273823200419
7.570876876968071 8.252645333441277
10.474651461661967 7.0138708198347794
10.383659363710294 8.960978100137378
11.386768247582053 4.228446540820226
7.914357553684806 7.29731137577656
-9.158444546970214 7.050194229964125
8.04661417443597 4.12627426079041
12.301004893462837 3.682839212094892
13.776137410271494 6.145186304162202
-9.771251822486091 -3.094718100352498
14.016588460072711 2.1788269998849854
9.61704738201858 5.074854204303663
-7.105179244671895 -6.891164635759342
14.586084313995642 2.377045931609291
8.38813039121391 5.684351550750582
10.198522237067365 6.839248667690967
-8.75814609774102 -5.022609723987216
5.875707544102123 5.056533075760432
-11.002443824407713 4.722431786569228
13.341561981580831 4.283068039541815
11.321188097595668 7.376704913026606
0.9273928569144569 10.051532086809402
0.37923119496508306 -13.999517455739545
-11.651077684411689 5.073915602141305
-4.3197140683370545 -2.508575752898114
11.635898566988926 4.234969515357463
8.553985822313672 6.517404850127438
-8.481857998151806 6.484691697985111
6.431618568523554 6.817892474520892
-11.756267012474959 6.76204011347644
14.0784340643374 11.058593037182195
12.304468973031948 -1.1876063689688117
-8.419793115178246 -1.5177804355711642
9.998928523077192 5.1081652412556
-8.355407238157547 7.129909495875909
-9.676706466966703 -6.247100766487785
-1.9765644827721776 14.197934567495675
10.088073315855993 6.641230161531702
12.254542077457423 6.471085824321451
12.01534243885157 0.9468640893467446
13.62910236809386 -0.15171837417822065
-7.909212904220332 -9.680404048995257
-7.168631915892032 -1.3445919342104187
7.875625635360073 3.425872741138943
-1.7621434468321908 -8.81793930783363
-0.467496250157879 -1.3878569058364647
-6.764996430145616 -5.8505548789517405
12.242715162318888 6.807248652055941
-7.27791008180249 -3.7581581394420267
-10.510832654884258 5.993564987383234
-9.434213436541802 6.428604189903295
9.94655092165596 6.03112252358564
13.582688259570002 3.4605833875089833
12.011111819462496 0.3953106397318178
7.009536913365595 5.714677952282539
-6.27485909364286 -4.689590738174672
-10.044645639994677 6.36705129334385
-12.865018852357897 -7.580492512761059
-7.1145173185054595 -6.890592850425037
-3.5338142906277703 -5.994880113887525
-10.239071445297482 10.08531233273224
3.6196588644169445 2.6783226411383048
-8.013213403093683 -3.8475474493081165
9.286804478772762 2.514799238278759
-10.323352979384325 7.978124132369347
-9.411616495933085 12.689072341423152
-12.428100243566861 -4.73418823977759
13.503200315977713 2.058100569391735
15.05494140779171 2.8556265272772374
14.125652900758597 3.521839636791027
10.39215925177303 1.4171469286475395
-7.038908686399143 -4.158063569646067
-9.977660831505105 6.042363339972141
-8.288756949089361 8.856722658041216
8.745961121600805 7.821461734134241
12.157451247925826 0.7345239449920684
13.921051666013122 1.5906516921045672
12.373955176273684 5.410935529842252
-5.620527615807191 10.824997562612374
-8.59790846175449 8.067395310806674
14.667860034580297 0.7859960070050369
13.210630495003654 4.785486264714151
12.293333289089947 6.823526007805251
-6.488052255892246 6.189152869867993
8.234548253621123 3.5417811832419073
12.874001294557301 2.559388883041661
-10.404427524698159 8.936091333003844
-8.318278422199628 -5.815521485906443
11.40570017857018 4.876282872669572
-9.179185638118156 7.029821000129175
-8.431163882711319 7.085575939996902
-8.30782931140983 7.0379212827959945
12.465723882308723 8.749444375977324
6.602676413258113 12.498519984600655
7.203274748091729 4.139964648148443
-8.305757442509531 -4.472592421473507
-8.12010346670864 -4.3675138154244015
9.365984228278808 1.2334851972531524
6.051853062580124 5.881906763718424
-8.14988907415605 -4.372436541641549
10.9905486128708 5.212272095946344
-7.260407727259492 -4.042851899829811
-8.309726621281257 5.725406670679339
8.80704484758066 2.2150767073767352
12.698700662460569 2.891657104268509
-8.396616396147405 5.933087663570261
-8.929209536317789 -3.765169786714982
11.259000437717965 0.09425312580352951
5.893591710482358 4.648618929597964
7.649903591051789 6.776803428458128
11.750390107853747 -0.10297257191872244
9.978385720655831 3.1698637073269733
8.19906626088602 -13.993455666447964
-13.644436453421077 -5.4945150067829704
-8.701397504646877 7.857789283123882
-9.481110622721742 7.060050958487088
6.755014273916485 4.926572919196989
12.105470401734902 8.024505320011938
-9.420348040469456 -6.035852989425371
-8.318555059150613 -2.367005601688783
10.639077361797112 5.238535320110175
7.545734725059263 5.331858214807326
8.382390872110179 5.376273762260405
-5.8741378888051745 -3.8890347505543224
10.989602431865185 9.374749877584103
10.41980892724464 6.933602060971626
6.108544645751376 4.217411499983737
8.092129220837153 3.255835723378545
11.57697921640139 5.613042551813403
-6.7568626394118105 -2.8493768492884586
11.632401763200868 4.618284138016952
11.572508677537638 6.936021010342001
-8.138339453958219 -3.6198610398061537
-7.952577681394723 -3.361268493024191
13.288327189304495 6.534455629292508
5.4434702659430485 -13.391285737939626
-5.696546357409704 6.499222296684459
11.272628119331937 3.0309890789179734
13.234476871954135 3.048978237081626
7.828445214872973 3.75461702527255
-8.003507150772673 6.261542014174857
12.770312732858818 7.913137146702349
8.62624670848283 1.8889681993206047
-9.103945932759931 -6.081937369571056
-9.493160463896482 7.7841038628477035
13.970522563176916 4.711645890187322
-11.5320744741778 6.561655887640743
-8.125822019070334 -3.4817110913370244
-9.147990082519643 5.648821788073827
6.668698854396813 6.979854079961307
14.450388425233584 -0.05813524053649832
10.274653330424913 4.646468484854758
2.05001219025063 7.622216453689383
-9.970747826415419 -5.602283987149006
-7.448589700492339 -7.679402861770574
0.23792627108394448 -13.493215003677282
-7.303273584458002 -3.8758889876710816
-2.3468536016091814 -11.494447771263728
12.102838212560691 6.527728204237364
8.533885931574183 3.958227431546162
7.473097404568557 3.0313875870868916
11.876114400012138 0.7658541963104555
-9.242724993527416 6.718643726904547
8.693072117221575 7.18264760586014
11.085917786535198 6.086064390788477
10.809812059598485 7.680331861947577
14.71516165037133 2.2429393720643924
-7.953406675960364 4.815717228305409
-11.185066501053335 4.741078515236611
7.214681680867926 3.241131514973795
-9.947582276083722 5.999311699000362
10.544768881390308 5.862738551228114
13.437642859923551 6.114249834778008
13.126553192009816 8.078236748447617
-14.930651596742637 5.770382099359569
14.797053515665436 -14.588055859229804
-5.472237291859727 -0.8120902596060473
-7.500613837485863 6.563976297589019
9.078055174217607 3.8882044008951935
11.865874773107752 1.129906315322816
10.144587930553115 6.399791003559558
-10.352709161023796 4.023627334604432
14.578845995123398 2.3094748335069277
-6.585415136794041 -4.321722789760229
10.394380353590918 8.225884847812676
12.432690945344465 3.5867379370216366
10.04246931179393 9.75970823833984
9.097695133544855 6.498110125551422
-13.245159099040329 7.923236586634717
11.730861863010333 0.003779325853243698
8.802972154432426 4.383066791599209
8.199793682423136 2.9800386706034727
11.716445898014578 7.820989277484746
11.44772010709993 6.167805549222976
8.787007651123249 2.639466136901625
8.4953724804504 5.457065272013331
12.832948133747964 3.8981505112060164
-8.08445905811802 -6.52414610008252
6.931092522316003 4.283109222904403
-7.646039763715287 7.718556475170633
14.57586892515138 2.7003231682410833
8.92660435578198 7.781956017489366
13.292528600354988 4.2895586514245
12.677958336070324 0.5690665279919442
6.938172445146643 5.302632167468113
13.856671690322862 -0.07251794490006458
7.358332587736322 4.832573211130941
13.798400972316434 3.333608000403522
9.524360625600755 2.8969102464874648
11.186993289756744 6.07139634768842
13.503603107318929 0.44609288728377194
-8.546469304783805 5.359849342326278
12.849620982129803 1.9347135591846119
12.425048326056437 3.2623830963242026
10.113476178251563 -1.0213384970261856
7.853739568446914 5.471981610977415
-9.176918159659346 6.938605983674342
10.949329702734959 4.894356066310392
9.424715361782553 7.148393559177515
6.173215862455585 -13.76586518776086
-6.576062662506082 -7.137510452247123
6.786660334470833 2.850937693642522
10.268497583884853 6.6241512318550475
3.7564523077299334 13.580906219308051
6.11197051780481 13.437562753798993
13.190061419450053 4.141168570596637
7.918246314815642 5.623622243667851
12.096551663975886 8.225663332566942
-10.457026233287943 -1.371997717278366
6.913144573250468 5.427678156837845
10.381303734589487 -7.023178939715164
7.625534889684725 1.8055256012909293
-11.496414263779089 4.307930336852143
7.795380870892495 3.5864930180056813
11.00559267796659 5.853870883304101
-8.203339193062728 -3.5496406658496458
8.797154168366486 6.284748016445542
9.020693132087507 3.894836562587752
10.159255498555487 6.317001155484768
-9.983231900363476 6.611425683754569
-8.304719268756783 -3.8519508177073867
-0.801791578494198 0.4219078204418274
10.366266579023563 11.121674698408825
-4.860900546087386 14.07377705113155
0.1636713387049067 -5.545714813479567
12.262805592900618 2.379309029323183
14.848456493402132 2.666212398168424
6.801534911465811 6.419325448452517
14.615393755754917 1.7889302260994429
-11.106684183971602 7.072412868685675
-9.000064327654467 7.598601762250469
-7.719935568244925 -5.8664562098275495
13.791772050193233 0.16975292883990134
-7.53375992651285 -3.745921824202092
-6.89988644717127 -3.390187849244885
-10.131011989762357 -4.292940604907099
-11.406551617643736 6.645278218328125
10.127128998469717 8.402517796077229
-12.008224489333285 6.651677673615846
9.563131085985576 4.759166595795665
15.319482601371769 1.4229916095215676
-9.517220483489384 8.453860298404093
-10.228138103543424 -2.905416314259103
-11.193807483098391 7.095982214725003
10.916861950940772 7.631041837503291
10.588970739913506 8.384623288979434
11.031823811581537 9.894718360759496
10.7511014453147 5.9815272071151435
-7.1156550465140995 -4.3244704123134605
14.08013320567091 1.3466811170776003
-3.321211058815658 11.02934686883501
0.8326460195397054 -3.952509830660997
13.437000526350218 2.362130242233491
-8.49026183295041 8.30872198012506
-10.745455164969815 7.277095854761145
12.706981774923143 8.796885655906918
4.835562060175651 -1.3299126936505843
-7.251266824281016 -5.177148100799096
14.901106974265543 -0.7165667044154356
-12.892890903829691 7.019148737452816
12.056561763632471 6.373264385987795
10.130304543748295 3.2714989070160034
-10.340362132469549 6.696409741597221
10.371394808785938 5.96733016873396
9.044354274092232 6.4630199960138945
-10.077261710334007 7.46670455586664
16.466071538212198 1.6918625279896298
7.714985918764413 2.8996524527698457
-11.98622432954561 8.140310474120657
9.005206485606855 6.995207561520736
3.9010537819556497 13.498383122780744
-12.047572604065973 5.601281549954845
14.730547480765551 2.5026843068303837
12.305733737159397 6.563931661335267
-0.2977801853528863 -8.838366726935485
-7.8544239151476365 8.389855461631852
-7.871835486908876 1.8816685715214092
6.991786086472184 6.340688667163582
15.788605311680804 3.705275020403066
8.808818586746124 5.3731164724933915
14.66394196682282 3.60002122057708
13.499971524787423 7.07007333792971
9.410426354179315 6.4744466513727135
11.040259216857788 6.549862269287357
-10.9841842771169 10.21705001348213
12.44093140476277 7.903021893319781
14.485685037254955 0.6552545478218221
-11.466447181452704 6.4680043443788335
-10.64995242603269 5.511684295518849
-6.486967374341646 7.8068228386607235
8.192399393825333 5.7796963863897854
9.687718863323749 7.312647685787667
14.489540691005288 6.071733507515589
13.256375262324664 2.8057533741957563
10.219811595948366 6.268562873067485
9.853817388111954 5.121581747391312
9.649547068127898 7.520081670461604
-9.095274496599709 8.105128749399588
7.79444158216666 4.26912492815737
-8.159842697569042 -4.098629920519178
-8.558725337345578 -3.7173776011000705
-4.933570339905224 -3.0715678260779553
-13.899562373734359 8.008840553113775
2.967388196912829 8.344051500661621
13.744031503809387 0.9347724995374687
15.987433372490694 0.8082165297941211
-7.232848881549188 -2.874733957392876
12.280803790390808 2.8731776988068467
14.94315563509683 0.954586364505072
9.739995654641465 3.1700545225108927
10.47630443665923 6.445348982268138
-9.303965444539667 6.882758101437826
7.01871847446461 -0.23366405681586677
11.029092501101823 3.2735027343693384
-7.1011890950043 -3.7280381323923706
-9.124123803465466 9.309774218024604
-10.78016629938867 6.659683171463847
-10.352209392118285 5.1506102686582995
13.64037107316096 2.892499222231697
11.92121920932244 4.8652314552014095
12.027714822811852 7.960083945072424
-9.824715085735892 5.739611712135735
-11.265547136029063 7.785730340940439
-10.725646632128528 7.459170725103626
8.012977696587948 1.9422662092268452
-9.266281780333415 -3.7418201384121317
14.288906308577998 3.018854316406765
16.908439410091713 -2.0046515482309215
10.819087760020134 6.5737358862813995
14.045319928566737 3.7265310773459803
-12.276776613098438 6.914384729757814
-8.064800367271813 -10.641016776765326
-9.809199443928472 4.820129452600588
13.833126518591227 -0.9005558105145832
8.147493796559218 -5.788593942100341
9.298340918675652 6.615155614758585
8.505868757571156 4.80301517274967
-11.261184119628929 7.47803812208307
-8.129710242381055 -5.416283422872968
-8.729905236564434 -3.115036016438087
-10.838337725635956 7.166806176949587
13.637009068750816 1.5871256670807714
-9.072995070264561 8.026193108268192
13.804816159680811 -12.891667345373268
-7.665465142657802 -3.415925116125604
-8.057817190719014 5.362227162980497
-11.17654894651043 -0.41998067520038695
11.491233376214463 -0.5565822396054392
-7.0215798341007725 -3.742840199651686
-6.287535878671051 -2.8686813409809657
-5.823100378077941 -9.800802736475594
14.314073410847106 3.477543050671859
-10.861997767176517 6.398644086965404
-8.311133192098414 7.314803342497809
13.727627635284383 3.8723112939703
11.832834732428047 7.6600258630667994
-8.809775937425496 7.712841117812002
0.8193009174630266 4.127449035863275
-9.928541757436745 9.099446667635007
14.038986367691294 1.9089929787228554
-8.828166014511877 -4.604713529660321
13.778994631370125 1.4773738884102832
-6.569963117241162 -9.62115381520572
11.467012428205079 6.814751298154063
-6.852371785435919 -13.920432949345656
12.989466442268727 6.225470929739155
7.146075989428931 6.4454070717518235
10.147177697324704 5.527084389804876
15.836811326834578 0.9482605346817627
-6.59707885037997 7.535845980045985
9.064466622978102 7.130144684363772
9.382801515048556 3.8103908847370564
-8.238673305002736 6.401617286035047
7.44936203658188 4.333653995663057
9.979122965389344 4.029915030049092
-8.272408895780416 -2.0952399170376816
14.890103192754308 -1.5558232882233627
-9.769911459816793 8.493788318278078
17.32569994345358 2.652845450327316
12.714755228620172 2.8897068851836614
9.969067893731868 6.461975080221574
-7.900686495050735 7.705567550036686
8.838627650049947 7.185129927937748
10.286946233610344 8.537682185157424
-4.919384339768159 -5.4349100979956235
14.447056000279845 1.67099499646122
12.673341188600636 2.493182403357915
-6.533158465497056 -2.428666959022231
-8.092031091985355 8.387205939789396
-4.536478775441664 -1.4088197037266221
-5.607539710491426 -2.766525948386904
6.2691671081062355 6.186557936801547
11.417786678325417 7.393240845589773
-10.563388383183678 -2.8179768655612474
-10.47572830015024 -2.329990898061695
15.567508604505107 2.136017121262703
14.471562842409854 3.456852367690949
-7.220940278331907 -3.365474675945415
-6.792670414009487 5.509450195791943
15.293873802327367 1.9517516312723788
7.285793782486276 2.609929312605822
-9.637754829984488 6.507765098568949
8.193414225927341 5.829837923145387
14.82687841771667 -0.32876741358955286
5.3780760592716526 13.093750916068231
14.206166425238646 -1.6055831065752884
-10.138223245922521 -1.9106039998853839
-5.635478430577968 -5.421226834636268
13.745371811088138 4.170622688446013
-10.586094672972335 -2.1401731121359724
-1.5546702246969328 12.119645268165218
15.071032820531615 0.2112531842777805
-9.61189735606811 -2.844998951948679
-6.2282627322114985 -4.820896206909474
-5.560896293053787 -4.034397241566587
-6.023853610288384 -11.554292125240352
-7.896827293866712 -0.5649479261587333
-9.441646337411012 7.3540803395320555
-8.235320987566483 -2.0083068790129506
7.322204923761222 7.491523360605651
7.80760597630413 3.5269901869987583
13.920753891169822 -1.229320382743217
-9.11932237746875 -5.1992219289316335
12.018217392046333 -0.9836845015958344
-10.554153796930034 7.542945325959812
6.9423902779966955 3.650856658223347
-10.494474034368894 7.686601433290166
-10.23896129762828 7.862445898126348
-7.577795303652871 6.6523391492775605
-9.24513435141595 -4.205216649086698
8.439513250785582 5.012317247306463
-9.852106293511643 -3.28542206304595
-9.775740595345514 8.068355462280424
10.605875072104828 3.7471850149697845
10.440433195808678 5.811093041473286
-2.7388681434643782 -0.45668018566459523
-14.723646449759496 12.211359096298555
16.444733793439706 1.1840269889921928
11.089688689486808 3.0798015026349845
12.684779346261255 7.697642640408479
9.371051702475764 6.355085207178414
12.685316123328215 6.147060084639389
-8.299208321000348 -2.8554766172258894
11.52963605181606 8.8142651551532
13.835890883563147 0.89058022274391
8.367045603758612 2.9165265191564433
11.065132552238856 1.4260757107953206
13.928504217569216 1.0718687434238103
14.783299539557843 5.126000075178196
-9.061057940282915 6.710367864573469
10.237330983971693 8.611038407876608
-6.663695091587949 8.366798493827602
13.097579157940244 5.290562577619006
-7.996240368436305 -3.4132238549522236
-7.86518164639963 -1.9941829274060985
12.151942930911979 5.1881580831154235
10.674423551125306 6.324579743974924
16.08049844411606 2.5697568212552113
-9.03061073991997 -3.842501784634821
11.80567512850257 -0.8305357020118334
14.892465019960806 2.681505516692069
-10.05682729964908 -1.0639406039813957
-8.745195817079574 6.924622804995631
-6.837560467489058 -3.723026396879551
9.504750685488288 4.758711848862737
10.675303259907468 8.270433297249314
8.139123023264684 8.550203852085573
-11.243376962489235 7.18546526850911
-7.221261520023462 -3.871869382765208
14.98033898799815 3.599456373136917
6.911829555807667 4.498916098953533
-5.689278538993653 -4.661187652572931
-8.088547861345136 7.501434424794561
11.690807731077259 4.78132259107384
0.3137040338673369 0.17036806295528528
0.36790015633970974 -8.476758080273186
-12.403921112389334 7.001193887224053
10.677685060723192 8.800407051422063
8.134648224428405 1.9714598030008603
-11.595353424002528 6.133050968967689
-10.839401310229366 3.906957275441732
12.267739352753741 -0.08940761663393326
14.930126402006081 1.7180743227448814
11.087323684182207 3.225228988095666
8.514903822366241 6.817855746503249
-8.923891440738341 -5.879773264501993
-8.317428447974411 -1.5283823131134042
-11.679377038757938 6.785889107852248
-3.0005782212798486 -6.7105551842043365
-7.4754642902983575 -2.310761124563926
9.538326865541611 3.354930274836545
-7.3320484420657115 -5.515676820109437
-10.974412469466825 8.00520973946165
-7.1469166659388215 -1.363278581838689
-9.686445460603757 -6.88475053694922
-8.382679490721229 -3.3033206815886342
14.526616727535075 14.217955463564167
-7.8432195502599695 -6.15478472467683
-8.383557730976577 7.383273211536616
-11.0536692698248 7.126187341410013
-10.792181337273714 6.4429794551331145
-11.224937973409487 6.254363927056513
-5.919343011567116 -1.301786361541263
