2500 2 5
-14.455699227760185 9.167617562215113
-11.815542365567005 4.632565776890994
-0.05543213271588421 3.3539317772783193
-1.021353903668535 -11.409636357783047
7.1850115843583 12.04800859831942
6.726343878819861 -5.216848661120091
-0.499022101201577 12.701287443886557
0.20699571211555323 -13.66009775445284
-14.406502225962774 11.78555395108227
-10.617929574669134 -13.075883926584442
7.649342143066853 -6.0010426256927705
1.4039972769323157 -5.6909840213997835
6.774900572177447 13.33289572505959
5.170300371354585 -12.51330607884447
3.744633937701405 -1.5411251200498377
1.456233448766632 -8.694455417936767
-14.003743063537406 -10.395390231824852
10.535248621358257 -5.550366976122655
-8.642735673929186 -8.530372367489395
0.43116417149173714 -7.642099299355593
12.74882988013184 -12.522211173474266
4.701680199941322 -0.16783780811750404
3.808617969281773 -13.354707022620088
-13.489578330823843 1.4367831365080512
-2.9234835371968533 -3.385935084897726
6.4520141832340485 -4.469325247968142
-0.38983291648967366 -4.926886772740385
-14.162185346394669 9.689391299149964
-2.9907135877719053 -3.5511746781431324
-5.055547434197642 5.973126395803547
7.494867593438557 5.879518273222201
5.59315434179436 -2.752676253657345
10.597452056550473 -6.581541293074215
2.3873495528877555 11.941813787164588
3.934375170807588 -14.117503918412934
14.693648986933766 14.350004328575121
-8.503145363037493 -2.273475278884221
4.481381904183753 11.307450532635368
7.3070057550491585 5.091674265976666
10.543658225189855 -11.56708776779984
-1.2562671076979282 -8.30543410184681
-5.866483513632023 -13.559981033216662
-12.015924105091266 0.9617672572147988
-0.7901760716182888 -7.4960440850804595
5.324981272495375 14.494617172867791
-1.8638467575220368 -9.657336212963067
-14.779844133711611 1.7111822845445985
-13.213274493423055 -10.573545841608198
8.365477635231276 0.041136004367803736
7.2230275711701 -12.557640869509603
4.764306853405735 -2.0268744930920697
13.104434724950515 -10.354079383963946
1.4339403917019666 5.801001355509346
0.2022489227571036 -1.7539117963396773
-7.843392714561819 -13.79386046984064
9.711084839725988 -12.44513857777882
-13.858205525227017 -6.243615957451899
-12.736624029284371 -12.738795542703372
10.826172645137355 -9.631911796788245
8.729513327923602 -2.048903033238007
-4.919671373362712 -9.558598910390756
9.899367605890053 -11.071439112595097
1.6836349658250747 3.595388378192226
-4.1290115473636675 4.19287728974124
-14.700037915671961 9.579367095649083
6.80785800605819 -2.4226351203061167
13.241825699385743 -9.558191645552624
-13.605509828731563 -6.16674661477364
5.048908246619405 8.616367955459488
11.862476054821709 14.450906129668905
11.292062695555156 -10.020874197170341
-2.656648764909468 -10.394124706865831
4.015654316367051 7.34748729753224
-0.05175915629300043 9.835496654711072
12.13395501533586 -9.030382191347874
4.8767147359962095 -5.251145729903602
-4.980253101393991 -7.896525043204207
7.296334948193877 13.918482536746193
-12.38906581204141 -9.599619703581826
-0.639439486404882 -5.847602197137775
9.337874841717458 -13.864370994129448
-14.441034127857641 11.906177784028802
2.951357932826159 11.11163958566608
4.319449818478372 -4.066401327500573
-5.863217277772325 12.927198613927331
14.708559990489555 -4.277605265554362
-2.901456916383193 6.247635136759218
-2.327881286670067 1.3267472209817157
-1.4122358599986065 -7.599040122675731
3.46168042344771 -13.432256735501504
-1.901186108404941 -1.0715030636042862
-10.308511912820343 1.64487727513837
3.5668011485727185 3.4725951744484895
10.249882120561079 11.49449113786416
6.892882179084982 14.403711052516432
7.961197409560665 -7.97661572639996
2.7640836511440696 -7.16043894359755
-12.438487708985583 -4.555748253359244
4.388202758850522 -0.05962290601619813
-0.09633288545640006 -4.238898640679295
-12.689156146828985 -10.129884857545903
4.4487500812807 -1.6298188294096736
-2.836552874738139 -11.996381567643262
11.764327317137152 12.645283701614762
1.6619117425935421 10.900198896624111
-3.4137485851547904 10.601220888469914
12.243515059416655 -3.079654649593822
10.242431714904615 -7.904276654050454
12.974337702739263 -4.313152341857844
-0.05352154153763067 10.742230571731188
10.960293882518641 13.954775734387901
2.072847324006773 0.6280902341029275
3.9054822775793347 -9.233753059891134
12.330389001761628 -11.620206524808811
3.605094878972178 -3.139672285377408
7.493635309331346 -5.780377678456169
7.121285642700592 -6.904249282257366
1.801902050761779 -6.897540678370323
9.27186950649952 -6.6319509509765595
-2.2624385802144804 11.985935480082695
14.347302733117946 13.965223908785294
3.056067283762129 1.6693793703813995
-5.108914650613572 -8.221394425826851
-0.2697615711237873 4.752826192620642
11.804512271572143 -14.499666503245127
3.293824144448827 3.5413913027609496
-3.018093628068698 3.927703795224506
-13.889668505430992 -8.466929898357165
-3.4866728592384924 -9.39898282735897
-4.381834600886737 8.712555984936412
7.086140282084546 -6.238301224956951
0.8903007618479251 -8.218486570438078
2.1848184624000346 -9.400017966323986
5.985994719910096 -9.544327628156083
6.7361669162398705 -2.0688438237702673
5.766483117881489 -5.625851002912924
-6.152234047104239 11.597708033499206
-6.560630377440663 -8.981390507273677
-13.1525710578021 -13.630246116843459
12.960264272843794 13.506769928562935
-14.239298612395832 1.2578618187822137
-3.08415441277066 10.69930385768546
0.6284516617337843 2.6151355183786613
2.95958639407036 1.847877545806952
-7.866249857242689 2.493725242869573
13.084291778465612 -6.477671444719164
-11.897501123270846 -1.154553497403903
-8.318617983687952 -14.658687998772074
-10.053465523943846 -8.348307123378067
6.580210299600868 -8.706349192038036
-0.2666578445707408 0.3697834464947043
-8.142365617342657 1.2327694250552064
9.843963882580528 -3.7575027868139586
0.9771912899271502 9.876853764909267
6.856233178093731 -0.6801533737078351
8.08198420089047 -5.198093743811974
-0.8416467465468376 -7.4439651256375186
-11.025420374313784 1.6670624423857596
7.852517689301054 4.961504417768619
-0.9094582657773085 -3.207315979814746
-3.439496084731621 2.4830735111097653
10.51038910650231 7.9667815668098125
-1.663337082016083 0.8361301663839793
14.993103559150647 -12.04796190452807
-1.5951902871387773 4.347887539539734
-3.7293219455045215 1.6700654453026083
1.3300269010257608 -9.754616210779638
5.3485001424854275 -1.2257558064398957
14.133627435896756 -5.1768238443755585
-0.03213240986892174 9.328952057515362
2.714320158960639 -4.761149089566821
6.779822001687268 12.282824029564523
-2.342982753983323 11.683003984504317
-7.800489270754984 1.9551072526732511
-3.6696307883682735 10.096736620743727
-6.046472256300838 -8.967596267920513
2.583772007801084 3.686858994358019
5.009354693504697 -2.7626366263443245
-6.770950035895273 -8.290523838707731
-2.207628129681268 -14.876293774501367
6.228717415722137 -11.463530829156507
-0.4962538775721672 9.599527763206034
-5.396045179236623 12.274199926424274
-1.7419221944625214 2.4599523840313218
14.549696417207134 -6.124596223141372
8.459089534595037 -9.230072459387397
-4.134498514347559 -14.548720208323855
5.7994362510100785 -10.830949128150843
-2.8450268035836714 -6.2692084767884975
-14.577796869402718 -9.76834460104827
10.30326382189827 -1.2816460715018962
4.151215385122956 11.967694592707975
-8.483396790450191 -13.614155271387617
-9.180768897427326 5.008901821423446
8.890954924508701 -10.330396869580667
-13.113443030998592 -8.949774655156608
0.5930040433260153 -2.9132239434253826
-0.2872449848643974 7.929094360971735
14.632658487645799 11.93610650837293
9.222537372972837 -0.029801356127665102
-1.5924911906662285 -9.03753481372054
5.657601504080741 0.6537979418533997
6.417512693948474 0.6957282147627346
-2.4465718347187266 -12.318063838895249
0.30907535765391714 14.312229596812948
8.418425831696084 -9.799434027734646
1.8007779962049355 -11.58371556697945
6.80177937531306 -0.0192071976442989
12.003622700250833 14.494669067056847
0.15995010957288613 -4.2427399817705975
10.661475563689123 -8.88369870953886
8.307853282482819 6.2032596888477975
1.8386206319718 9.405272537389145
12.791970699414836 -2.9423020969715132
-8.506483262282927 -10.9552964660106
2.9793150965060953 -10.856590590306187
6.5684631832180855 -8.890402032599969
2.2901363134032415 -13.608316534053698
-2.2275183947141457 14.965599145676197
3.165223462798579 -3.073164689825335
-0.6849282651532658 10.02787422199065
-7.198224864468186 -8.522028292514998
2.307760318584542 -7.232304243348761
-1.67647903068492 9.263298421454746
-7.576337106239478 -13.92814440265753
-4.910020490627897 12.793038964233947
-4.68458355693746 -10.211573598969498
1.6433842699728558 8.568155146937897
1.9250558507346618 -0.5909806891120262
7.388223588272147 -8.613925834579982
14.290898458132208 -4.573634678583835
1.8732741434327593 -14.142527936525694
-6.990702374677765 14.512563059269631
-10.560641159408565 -9.131267475529732
-12.593039494023577 -13.325706671362491
-14.399831558141098 -6.811047606643436
14.506330908815048 -5.3999653141778605
-4.678752333900798 1.3710700058384404
11.940652928868445 -11.44527565138371
0.059032331080112854 -11.512377071374422
-12.026301092181733 -12.505237688398545
11.700323835265522 -9.96014033570332
13.594687734100958 -9.294501134124616
11.641617667976444 -5.401335134245267
12.375160870875805 8.457897783118428
0.9606504002327227 -5.90221535477032
10.287807838372704 -4.457381044842538
6.100814187396761 13.652224104486976
0.5257560387234843 3.1665033329052896
-6.277283380868608 14.374673043485245
2.0171250719735987 -14.296176828941956
-14.884475486331004 12.258586244627764
6.815000680592636 -0.2668920654848357
-14.033692373064092 -14.561333610299616
2.6421532638802283 -10.560206178376975
-14.620397572677446 -6.539458976941612
-7.487256149317359 -10.582016502958986
4.000976630856222 -9.347923726131288
5.571467182263856 -14.183167013864795
-10.511104658893956 2.2478811943213586
14.063426734766605 -14.02083715320694
0.7954991059544785 12.645921410444345
-5.044874925937986 0.3840622549455066
2.378749345450018 -3.1855639047626436
-3.626783323311505 -7.313895795997571
5.493775985430467 12.573540989820422
14.161972349696551 14.48767127631351
-13.224405652919968 -0.2753668634749751
7.820400420931094 -1.704780170940973
-3.9254880979496853 -13.241179167326582
13.622438268163151 14.40384955384383
-14.989528344429148 8.54251331077672
-0.42515583740406804 8.418177921944952
-5.266704694481568 12.701642332412078
0.08231861967959375 4.111170742424406
-13.29235377274117 -14.89301151269024
3.908351964922584 13.190198582955794
-13.430057826580708 -8.721321423148853
-6.078293496489922 -10.812181230440672
3.0477956246973505 -8.1896364048587
-1.301213359726253 -8.237640152438956
-9.997600758593746 1.0228845532199493
-14.454143622211188 11.384585731301573
13.267710244078476 13.160510588601657
7.5268378767712605 9.571490531125953
8.058694618104536 -6.36707278923928
7.174725351520994 11.164510455547656
-5.692022603302092 13.601607947123362
-12.41672573130898 -6.384284340046495
-7.183931406912096 7.968764340230334
7.132375543626647 11.816526552090828
9.862206416961627 -10.192327386993949
-8.910633700357007 12.70460183880919
12.756281535416033 -3.0307665587324255
4.943206472595456 -13.154195018929602
11.680698162140963 -6.986036554934406
-14.701474077644473 9.906193678377615
-11.62328303763183 -9.482942137754174
-10.50685724165103 4.871135034490769
-14.229067345527579 -7.715258910980585
0.29846809999102675 -2.538469822140655
3.4465470119263415 -6.098798289911935
-10.467170552975059 -0.2283990772758866
3.3879373366241197 -8.094445222508831
2.9870262710018665 -12.978529858987766
1.0999712636244254 -9.096429769735867
-13.283795993169544 3.0442979017887133
12.653871918803492 -5.571287298339005
-12.686659953450732 2.292681878055408
-10.672069936474891 11.711607661622914
1.0294009619233826 -4.91636618082555
-10.13596814034015 0.2495776267970431
-2.763303012515948 -8.489173806598988
-8.37174301041626 -3.743453582623636
3.8569467022679476 -1.444068072361821
-4.746254065476798 9.686360277976572
3.274692699309252 3.2483424566684143
6.352928267069988 -12.20811556522646
8.004929608264202 -7.445056062055711
-2.855572709673231 -10.951796545053483
-0.43797951979489014 11.02603065839553
-9.480303230108301 1.8679674243670625
-8.26344574088254 14.440472473689944
0.6810384099573135 8.059967930814167
12.317786699887815 5.902835527623012
-2.643298538421462 6.551314598224163
-4.918166588987056 10.61257205482966
-2.936228296214649 -11.910573246565876
11.575798206759089 13.115635505510848
7.593799449322221 4.617508514606512
7.854729978006457 -1.6554606836322225
11.611807832081517 -3.503625938900589
-5.524097195410665 4.92783925391992
10.589764277222248 8.519559140451877
-12.056663044689039 -12.324061518957507
-4.464652325189563 2.389836651648565
6.744678029141806 -7.226538050395634
-2.9181008656619802 -12.43649123661891
-12.147416320081454 -9.355627201571885
-3.2082471658780474 -6.070700117272304
-0.2166372320716956 3.1676898694787
-5.752946241497476 -11.196041846419263
0.33074066151909953 -0.22241149148768002
-12.410295968590376 14.255723082376829
6.871908978153059 4.712860214832923
11.188809331763409 14.269256159159596
2.1922841586306987 -7.354617024405422
-4.832024873240782 10.612185565567753
5.154683138788368 -1.9233062319580103
7.5991790965684665 -10.931774582445932
-6.251399992076008 -11.634913993536733
-3.3896308632540393 -6.109195979220859
1.6671590327944728 6.9891943915807
1.3255471052655707 14.237330113363427
1.5231055244803926 -0.7562163231803147
1.1841726124238292 10.517165378184647
0.5672429319176526 9.698783411338344
-4.847388816785557 12.731491088686141
0.7046011835128709 -12.032956363293343
12.047239284082814 -3.930947188973718
3.4562835668331786 3.432028267474333
10.89128236232866 -2.667548949241306
8.497870972991105 13.329394144821624
-3.042864480556597 10.582421210390883
-10.95944219368543 -9.01358991525652
14.16314863925712 11.579168951260993
-13.395481144965466 2.862938710895726
-6.5333718612830864 -8.914122567705888
-14.364589275813918 3.8773467913118864
5.5882193548998345 13.37531629305888
-3.2671374924250554 5.456827850692928
9.17532059265612 14.107692606072042
0.5317539728174339 -2.653948587596666
-0.9233316003453709 -13.869405512674408
3.8352132842970335 13.377721211346259
11.923152384246645 -3.1169060520194947
6.606390943061509 -11.895804037262668
-8.208865974228335 -1.779083415805787
-14.761500853801369 -1.318052032909069
8.894250464643534 -0.47118252756354906
10.780990098903928 -12.904284662889431
-0.1688477878987591 11.756440083050542
14.574612074581019 -7.825850622010423
4.438238451851156 -8.063427169396096
-14.06490558400731 3.757789389073512
9.156022137077588 0.1754588847522136
9.270463038276983 -4.107938905658415
-12.367686304212882 -9.163097636436575
1.2699428518941822 -7.330791439378372
-12.831883421485584 14.723998338697111
10.722052639276374 -13.707127013827861
-4.1249263667337885 -9.932882769020132
-8.484136806980107 -8.4275044076171
-9.220522669546966 1.6519746922470944
13.103625932111097 -11.660825620813537
13.992516822377429 -14.77204711725712
-4.7511602090118 -9.683272941486278
-12.176438829678423 -13.253316600698481
-12.92717226394562 0.8069470483848278
0.8243099439454014 13.37253216314075
-11.199722536892633 -7.50220915756158
-6.323158532895015 -10.723600962400928
-2.566058592124312 -14.13728510591172
11.256704444541253 -3.302101832708628
9.931114331601965 -4.736786410078334
-13.530049434997215 1.6070375754052861
-9.361752498620143 -9.542320492528532
6.968040413968637 -14.12179207671111
13.185682737569394 12.135587512603227
1.155526595269773 11.275893704149826
-11.093674489560291 13.480421173120842
-0.6828429160827376 -9.619158837517503
1.7949998016160293 9.274185132153399
13.578138898308111 -4.880580905484038
-1.0687490184045565 13.081851559028348
4.613779416518472 14.8490408609142
-13.209036839708451 -14.285367275648923
6.216860921989625 14.754234000258947
-14.454184740110543 4.283878099877427
0.4457981102986377 -8.270534934936709
-2.5285934323389707 -13.681978185398574
7.218287602533255 -1.5136246676739535
-14.772887610055093 -11.204222698506184
11.443042183761321 -8.652283150869295
2.737416619574635 -1.6245787642728722
-3.7032956573614513 -0.4729958506244518
5.494925179861863 -10.72332014439678
-13.59018791328399 -3.5284037243601034
1.7266294326676181 -8.323426499772781
-1.4899349455298516 4.997601707371906
8.622284440277472 13.345931556195122
2.06820881667117 -11.462487478133406
12.900482438842573 14.958937277771561
11.087307774549345 -9.303777963464661
-2.9895946991465276 13.383782677956088
2.8798419368192114 0.7382389688325706
-4.006018488704203 4.074906816362201
11.57824690265323 -9.279904589867385
-13.180621736343536 12.23520150375774
13.552922003500655 -6.315311985899083
2.5358839322111457 -3.3665018027849865
4.56337499375212 -4.1336144591258215
1.4160005638336237 -12.010097244014144
-13.277649483937468 -3.93363719685383
-11.392985545557252 -0.7477466120249652
3.4310994275610653 2.579626134963732
14.917633113379374 -6.904662331317667
1.117721637180825 -7.205582667328701
8.586578043970707 -10.594986369924777
-2.271393549360619 -10.812920128547256
1.7356723207912204 -0.5286902499534722
12.480526945378774 -12.526880005686987
0.7622823346698819 -0.20628765623816392
12.891061553105672 12.118845305389794
-14.428621013665232 12.455468179361155
-1.0442877320551833 -6.179864840285848
3.98229400638483 1.4861834677888517
-4.354793435699168 8.657663505598933
13.08300614910117 -9.296913013983396
-2.3408883416084887 3.864988053309176
-1.0872805699435375 10.332742946529663
-5.739822908029492 3.960218765089575
-10.938384277206072 -10.260360068911574
10.237584548643643 -10.10128806135874
-12.156519923820639 -12.830141422300834
-8.631768102859382 -9.485619518705624
0.239311699862375 9.352280463777245
13.375262868834593 14.119138299390212
-10.810822763578756 -8.607309330549866
-7.533470955241292 13.591458162028207
-0.649891409292632 -14.030158118241783
-5.952432615551704 -6.050993808255379
11.04665616576602 -5.791680673606255
-0.6386704237153289 -11.536634496871418
2.8380954851382185 0.7620508900235379
2.6673225680318176 -4.3811910866296895
1.510738131401716 14.500388064138072
5.655806770009786 -6.011486349379597
-12.346359676133575 -4.442830633837822
-12.217389867672322 -11.027668752099325
3.634386288740348 3.7591445911348416
-5.932164816010189 -12.839018185955632
5.74493183000293 -13.838814098687374
-7.221261520023462 -3.871869382765208
-5.172628925964334 7.565218382575129
-9.09497196475571 -3.375469314333044
-13.81738302662696 -3.0563676733703566
-12.68318025127299 -3.642291713439432
-1.626453268718853 -0.5765201874580423
14.300285825347714 -3.0001957123895373
3.4362422051548513 -2.5053444615576588
-0.08105478810112032 4.829545933080613
-1.620369924190694 -2.0116616050930585
-6.517460236188139 1.2774800928016674
1.9162389113412495 -3.714595893906539
4.990749251890872 -13.493533708874125
7.896048528398346 -12.344089673429268
-3.4553185877990114 9.727272712677514
14.3064717326751 -5.067284044017491
3.0289472254649077 7.545886922622387
4.118558942172914 -1.0518290732036135
10.768454233205823 -8.045703661083694
-7.952386023905963 -4.569547610577906
-5.445581268728926 -12.15357868495818
-5.18075573434076 1.946019805250117
2.9324696825357712 7.880755926856473
2.960646111626197 -3.064321212389503
0.5626336120115027 -0.5855604195843238
3.8772438763516917 -6.092147646084021
-12.303700183953463 -1.740267541070672
-13.791425895170027 10.477711551922653
11.405596438953964 -13.973125591781738
12.717594327802608 -7.9025023914941155
5.976132318432352 -0.8108514444517976
-1.655479594375084 -0.7339218492595627
-1.5049213557412155 -7.421186906020773
3.302082495273215 -11.976480737790782
5.783022414396882 -5.464347309819075
11.736600711226131 -13.493717003554583
-13.478919235317969 -8.649449379090829
3.9006960690404604 6.49265832408474
-10.277148005191213 2.4332859379581073
11.29895993975293 2.8252743923444044
-13.270385617666566 1.252583384626064
-2.2113558555730517 -3.130707298498905
-14.519457242903385 12.600670083673897
0.8510885857610937 -13.664266653279117
-3.7789949938672986 -11.696495743332065
1.633448184336924 3.6234676863156494
4.648475306961142 -10.455200906093019
-2.4993435776244883 -5.387309893725623
9.04390528008523 -8.933244115831375
-4.317502262709024 3.16842955593712
-4.520939072773338 1.1840280023703578
3.3722292242291374 -5.340223018343504
0.4048031176166731 11.075008767664574
13.623865090311007 14.733822200980153
-8.692000110755522 13.493235002253012
-12.507319955155026 2.495401164152309
-2.554182304412958 -12.754623228302236
-10.274173481785715 -9.988437079213934
3.66016275743274 11.054887869467532
10.053946169901458 -4.25734706682894
-13.811638758767291 -6.918652090123356
-5.966093106190835 -5.59718789479549
13.631027146320871 -10.19319046117181
9.346808488191957 0.2801119372091545
-10.677592815415224 -7.956114398427154
-13.94719460975573 -10.892052102122811
2.6068374787021362 12.000534426925796
-1.809109167348442 -2.1682594201724577
-4.3864580801285165 -9.615422093067755
-2.517875555779037 -0.2735865864927849
-7.327189164651272 1.396170914334995
5.34061233662235 13.042860345720651
9.356311647702444 -7.894489105638423
-7.482678944212166 12.049951274266828
-12.136815472161114 10.793917001370943
2.9689692816461104 -1.4237934675865649
6.085280629137674 -4.301541456306797
6.066517079184841 -9.879307625928938
4.239068990703839 2.0857506533786925
-8.995904742771419 -13.834481191716305
3.30391485205827 -12.088380944852643
-14.048621114936742 -3.0723482484331797
3.687007527228257 -8.018541029296696
2.663600068911329 -0.8708173179522554
3.433029194721332 -14.887099331418383
13.86634720443687 -4.577081768247865
6.481736150191786 0.27422186920360225
7.365223564501935 12.203983944552988
10.762777211076507 -13.50358383315312
8.456355504194406 -1.0757210023610693
-3.9241926853434776 0.45547967654011146
3.06592092844863 -5.838268549655677
-2.8827359127017367 -11.765214635771786
-1.4967504809301264 10.437514388776727
-7.602134324085883 2.926643199354693
2.4165537180017047 -7.083255182902431
7.787881697114475 13.167528155680941
1.5573034741547893 0.8649562061820859
2.207189830486648 7.920435373544013
2.6724669696211194 -13.594336741854786
10.636513234537802 12.792574874546595
-2.2234233423660115 -9.572855060052941
5.965340337572524 -11.316902308465654
13.429249347367415 0.46958897935707244
10.437315888077553 13.732255972324154
11.998637244616432 -9.383575449548365
14.516186079721606 14.840032600239326
-12.814070296940317 -11.960320779947267
9.447544103408 -9.500145384358126
-1.1222636354027387 -13.587920686092021
-3.2874109546861217 -9.815170765300287
-0.7958667122964478 6.117042428400417
-14.134403068818123 -13.268627506312239
-9.644360661809921 -14.633423721553191
-2.843078995433661 10.498610428751125
4.59992711226667 0.7498678236937604
2.610081272538441 12.601385785674516
-1.1795023849009265 5.153276570843957
-6.075295013455541 12.257814394726534
-14.476254002466984 -6.036535965743365
-14.219509571318405 -13.764820460393041
14.531412034834183 -9.535030669479848
-7.2581398794518845 -8.621178886971883
-14.247641133101208 -5.4258874383198545
3.08439406598481 -9.405791388986787
-13.583290974302306 1.7365027581772061
4.5750129276108 9.385265055662646
-12.291250074352384 -3.2419244305563204
7.334192627432561 -1.2557129857871683
-1.3133938151668723 -11.904812950218407
-6.850638898388816 -9.996845993000772
8.770008703635462 13.94743019730322
0.9320013286063489 -9.634282845454234
0.3920698686469706 -6.3687432300578095
-13.864025181184909 11.24907042980363
-10.962929670573082 -11.007392447588627
8.409790544137945 11.989344310146336
-13.346992648462834 -5.685107666062436
-11.268706942713678 -0.4336394262412213
3.8351433899028855 9.582441448114619
-5.468503583591737 -9.409077429320014
7.2769912704805115 14.465600593048265
2.712474777343445 6.194368484959984
-12.826206947451588 13.664849461408323
0.5073924059098331 -2.3749607833845623
4.3921857778484785 8.487622332815604
-2.7207137906645453 2.1419470543541372
11.534636486465512 -11.632111362810136
-13.986711880867537 13.66078132071858
-5.574605490611535 -14.159409513475653
-14.661419336542647 5.203796054264835
9.938762589383227 -14.221650284633503
-2.4235138109449466 13.769361558843631
5.808963665425729 -11.598042446856391
-1.3383670020953726 13.445438367172983
-3.6429765987233527 -14.667824339184044
1.625403122382302 -3.414132023767772
-8.611368152206904 12.735568409784296
11.765810734036773 -6.542316502603132
12.399496707257626 -4.461297863133446
2.2100854448419653 8.588234365530006
5.510085362414312 -5.280453873272426
-14.454483063335925 8.169915883344537
-14.860209002857104 -3.777733205893071
0.3222642440875916 7.275473208743648
1.2986454510308185 -6.170199977098758
-0.7926772310349008 11.959270418700541
-4.743884727601058 14.728657491458993
-6.699409340862511 -12.480364631121887
14.045765484663239 14.962258863228058
1.5747112080161827 -6.306377572407008
-10.953643439847822 -7.930405542802949
1.1535618671707795 4.237591732592282
3.1476626649557957 -6.064066731328838
1.653607324417571 -12.974764729036472
-1.5566258643697708 7.471948297957084
-14.776870206788828 -13.286028822893567
-14.953591204478805 11.706989333643996
-14.892554894612767 2.427977333534656
-0.24545170516323012 -3.178924939408601
13.63899358761548 12.090885584806163
-1.3515243616026602 -12.638379889828915
10.91836428753738 -5.066245831141199
12.752992310758493 -5.8217304442390425
-1.1974165797187055 -8.356381725250111
2.3062243076232782 9.165649365754195
-3.8621445400371144 -13.793191374083273
-2.5306946877492997 0.5243152503018091
8.796067116831033 10.79709315113352
14.779244621748976 -8.035719697922588
-1.4324642803848135 12.87070307413623
-3.471038130851344 -8.99321527908954
6.9367827354764415 -1.7293522237493306
2.469187657818196 14.368362381519788
7.822521971440498 -12.733261776402871
5.361351677482567 12.108121272083999
-1.1153198872387389 12.616398618625105
12.780557776630324 -5.912515767006665
3.549403095361278 -10.22582691224022
-4.194598159364297 -7.372706831936759
13.316245747206299 -6.832119863294663
-3.688672905613034 -7.75127629598984
1.4509514959578347 3.848166911714504
-11.77283320454725 -0.8184364440757363
14.742757664008597 -7.4918308523590404
-11.44205697269706 14.986053606646596
5.278391873922839 -10.167659117953885
-2.4706132279246944 -7.776562427703416
-13.130506009730446 3.314990916181081
-13.20820638568321 -2.6782970342928607
-11.170287766457935 -11.886998024679766
0.700100163792813 -1.3234224712332505
-10.037847835985982 2.0954729746515675
-4.707425134011473 6.3169590706646055
-3.687366711428284 11.066017095985043
-6.148639307543323 -10.947222471506434
2.066845382495856 8.065491226535947
5.556301037482346 -3.1723928766111644
-9.327238754099746 7.317732429260149
13.408632953221876 -8.06280236708318
9.763651651605933 -13.071851919804876
10.846238722045825 11.695670471936328
5.027652984754667 -10.060451735356025
0.4658588945009665 -6.074511790759097
12.785918492634718 -8.60800432168869
-12.372118139334948 11.132378355372104
-3.5510263611532356 9.639722951035989
-14.785692235143035 8.927140863335637
-12.280539856297782 -14.817624755872252
13.166513519623614 -8.5906889369356
-5.184448553020152 11.27123589449522
1.3035015095519817 13.88749855232016
-8.544570964594733 14.311903177293633
-1.8136488641859447 12.503720353106146
-0.36239438051293327 -7.984037230680249
6.282709532156112 11.218417414388949
-13.498560657792208 -11.66301378784141
-9.715628843466149 -8.134502284912163
-6.005056321056511 -9.868761810807708
-0.9401795283358609 10.658378073613164
1.9363104535627578 -8.83186867785777
-6.578356222159535 -14.267096591668171
-10.539039800397935 -14.423216947402876
-5.829640901211825 14.15093252771186
8.414661187432756 -0.16418107555408312
-7.6511339706799095 -8.900935900464908
11.636808899970276 7.142375674809916
4.9172419492551604 1.7156318828865729
10.174262836957976 -4.227254026004589
3.4454578883637517 -3.203578485527551
1.1553351243411143 -3.888419925753672
-2.456453971408731 -9.868837746498075
0.8664462418152574 8.386304397617913
1.1138748997358796 -10.761904968044702
-6.430967247418954 -14.974919951756933
-0.2648606235613009 13.813009084810766
-1.5376159767089632 13.207015772193024
-0.8272863920349725 -13.360311678676199
-5.933607752311067 11.654643707744807
14.90143851930917 -9.309033324273003
5.187489194776358 -8.25635575151957
3.014790903934035 -13.254597391086335
10.769979882414642 7.266703702334507
0.6248509682403043 14.701431166038926
-3.125410509740366 -3.1626284077497413
0.2991383600403754 1.9820614378126287
-3.497121984296461 2.6228111159538585
1.9562009065441472 8.84975686044098
2.6033327946781597 -1.1955104987477068
-10.205883154056245 -8.516529597761803
3.161574085862341 13.38814791553903
7.190263457810264 -7.854537129398167
11.098194402580503 13.025749716585082
-13.207717191705905 -12.831284566126088
8.407944534240283 -0.2892608329792896
-0.8527543267026196 -9.866111904111364
-8.562116007173703 -10.58905118970947
-9.842258633928358 8.108744924885894
-8.089428926715804 0.9872002530916042
-1.8673162829225163 -9.694824447535803
-1.6263397960721413 2.0956056597385455
0.327468149369734 13.658052036097335
0.040619129245756724 -11.707931036670558
-10.993521185872332 -10.957360147367265
-12.00571860018555 -5.521716228988517
-9.313997415354406 -9.53960106130838
-0.6193523261704765 0.7808471455437687
14.713679228592117 12.861203845822121
13.578455171303169 -11.217605448652247
-2.8253923220389705 -1.111567747804317
9.112340542797124 12.153402407457808
-5.903271045883697 2.9205590619859194
-10.076486705632217 -14.86140234039683
14.126047508423657 -8.454083852716602
2.7614159199039428 -7.751777989617837
2.1389298119445286 13.111458312301764
-14.413927427117954 2.1518556615151176
1.479885249615176 6.90482397909642
8.635389835784933 4.250635512263236
7.0405816736101805 -9.605569515705833
1.986403322300763 -12.631403832441881
1.6191695034819666 2.7095865625646773
-5.979574255148108 9.777770352073105
-13.881115445459276 -13.12850527313643
6.258519575498358 -0.9609156784395836
-3.5375958756650334 4.297195872688398
11.947569920655482 -8.117992028801398
2.273005392848404 -9.30963075261786
11.186911188833914 13.409656676047874
13.996233096743584 -9.20915568587891
-6.10791694678799 10.881389805733313
12.215573056501093 14.04600262292647
10.9400423025441 -3.1919841407106393
-8.8448211806562 -4.752282203906825
0.9929016991115915 -4.220603919032397
6.201759021460951 -14.986454257856614
-14.933016589770215 -9.338780563777306
3.816378436629872 -12.308547879468076
-13.443261896699745 -12.001950724448259
2.418540389008527 -4.317667204348654
2.4984250305386873 -13.660480343770544
0.925729183816399 -14.468997532953225
11.674622643594816 2.552082055413625
9.005131158405081 -1.7420893636311856
-8.924779081877187 -14.960064750271426
6.790221062587314 -14.199561697705203
11.802173397195858 13.866498263300372
10.955741654978137 7.525296249116469
0.8615619660075975 -9.67327750389002
2.103800376900189 8.379194454902049
-11.672431790742115 -11.294724195288845
9.979495467544346 -5.858420118220099
-11.158099506633084 14.896400328212895
-14.313153799493303 12.550186887875252
13.891993209569343 -13.831496024586118
7.958302071753458 -2.4615693178689906
-14.215513046706052 -7.456552949459202
-8.398311867834096 12.038706258747755
-7.248110274593035 -12.297406035934726
5.561229876934803 -2.99092874700108
-11.867530254694396 8.12455900305664
4.369168939787144 -14.564750961331747
1.5560149320205348 -3.7863955378898932
3.3564779817046 -9.33738465352774
10.848946761371554 -3.793177683645359
-12.950048019176577 -13.602267013020015
-1.322246871498658 4.670807562903857
-4.126296991348459 9.395757607730737
-9.497993708459681 2.0379025916251514
1.1464781757446012 -13.069613818203186
-0.3139003319188767 1.7203206587216542
-14.936602267041138 -7.478462290050323
3.2527028756574943 -10.407460506843021
13.376403295530427 14.148565625521943
12.633475745348257 2.889621099880019
1.8668630141617157 -6.79296143883996
11.84497548818458 -2.8198602364468144
5.669984925164801 -12.266091078255709
10.635910440592445 8.79132482510298
8.048038017193893 -6.2076750362332795
-5.561420779528271 1.1663377333134157
-8.135513808865738 -10.802573262573627
-6.5774580232564706 -14.044060632850089
-11.92733915925488 -11.301402397568397
-11.195832643662715 -7.828300320180591
-4.455206785944457 -10.29863838134176
-3.1458932263707844 -4.845803053418306
10.502856513895338 -10.919262086662876
14.586743677155454 5.2258296055370534
-14.687399956374287 -12.823882582483323
-13.145372793619675 -6.282797978305837
-0.5980556078893908 11.582330742904812
4.059252959459169 3.1832661578335504
7.4147895436023035 12.313656965147459
-14.429338863659748 -5.640350903349665
-3.916036939511688 2.54353085149803
7.237716452398573 -14.831305409424733
6.034230701347237 -7.619704101140302
5.54976925346741 -6.810588089847606
-4.752365963615654 11.090274614062562
12.472116910049731 -8.668377939045488
-0.848755267433738 0.33880277819687343
4.026634189983788 -6.803954472435379
-5.095288281318824 6.411996572186975
-1.2982102950556893 -14.642542114114642
8.549794526641797 -2.316904369627098
-14.96646518816883 9.073666878366211
5.878880294700725 -4.625607972904707
14.976114623561699 10.291419151586123
9.291689986572411 -6.720316999810464
-5.226723803345294 0.13627470257459962
-5.6707998471460535 1.5090948524761636
2.6901262350555974 10.189754961184246
1.2732271615403192 2.2778363840960942
6.274874001410321 -8.219915131481118
5.924735748658424 -1.9596923093126541
7.620533254803764 -11.727717966979586
-0.61970374687073 -13.386874743386038
-13.193093866705963 0.9398543530601273
7.53287489295969 -8.087621144762256
9.832420862972256 -12.62514726566506
12.706573869355106 2.47583493099004
1.614526053146374 12.408120819626223
11.648259221500211 -8.496336244753957
-11.459528968322944 14.439707725388413
2.254315935643337 -4.933825936800236
1.490221271210146 -13.467792513595615
8.90205225663956 -7.108747020881353
12.96755508226846 0.6581791040249565
9.557165252378525 6.716230918123984
5.8183577733193665 -7.875959049037574
5.929759124562835 -11.722540513937872
-3.5599959019645233 -14.94976540429176
13.76812337547549 -7.831719859826355
-5.806453087026615 11.031320765526722
-4.005418168894666 9.184599509876673
2.7155005562597303 10.101108742846424
7.107591949568427 -0.5460283885010835
-11.676143098428025 13.410656390995126
2.1975706481505206 -14.383361196671636
11.110776769687515 -5.127380157279367
1.8424716742012741 -1.9061650613166243
-11.659808684491374 13.03261997802585
-8.027060442308922 -10.989928513519601
2.777377458228912 -6.590372489861396
-14.797870354030863 -0.09079195419557351
-2.4282246469101434 -11.108349750828577
13.344713081345414 -8.277328277734817
12.775146882125775 -4.902662327852262
11.603916033334897 12.400265362981212
-8.713790422422134 12.44794530523085
-10.84905246212389 12.395057985915003
6.206084706857155 9.728078913856276
-13.121432913876594 -7.036557391643326
5.270998277206527 -9.779135115231911
6.842655024970085 13.159383572463927
-14.398297281310356 -10.089820806884415
8.664718877239455 -1.463884659835779
3.2601022927313004 5.186980070246573
-14.491239951502203 -0.2999434638001759
14.237901811135206 -4.565814062488858
-3.34799967347114 4.715663357390667
-0.4614922641878021 -12.699158339545535
0.27205821200083946 -14.571462010212269
1.5593893023018772 -0.9619016290177882
-4.215374189943162 -13.909296750896253
7.057982903775532 -5.99566647527652
9.416348404065314 13.257661212605587
-13.322782763956237 -11.841560962524763
0.2711168114554958 -8.811105666911427
-1.9364731740554717 8.236196576503357
5.628071353848185 10.799186080962045
9.730847076476717 -5.248923458895797
-2.2024827161475944 6.742094674850634
9.696967335023768 -3.914564486980984
-0.943834245804581 -12.559207844018738
-3.6374185090228526 -8.295158650548045
-4.07426043905112 -7.377685113710564
0.7706316249111786 3.5683071159477358
0.4136555494292189 -5.242620335476033
-0.3127694588840608 11.755470117462284
-13.421775134563825 -11.6388865692738
-12.488156708412196 -5.084776611200498
4.31535981604349 -5.54530496332389
13.633846667283748 -7.09837506464427
-2.925718985709656 14.043369413075197
-5.8244269578948575 -12.212011955544636
-13.77491924210127 12.15040729943545
3.5147223795417943 -5.337576892430308
-3.2165915251325057 2.3915903925884727
-12.716280482519142 14.70129746537011
-13.516317053974905 3.02581086471249
-4.921223227892622 12.951805657555731
13.084406244390475 -8.685642605640219
-2.6277302043857738 10.225038559811562
7.308648174610134 -13.335122493992554
-10.350641793631056 0.10991667731083332
-2.0535666425399075 11.427421321820066
9.005788354953165 -12.140461994804902
-5.061076233391832 5.889153550038536
-1.0365542208861065 4.944197729161896
-14.47955879132293 -7.317586208359398
11.453191769696922 -6.316252424283366
5.5066602303584204 -13.813995356978767
5.226347984513737 11.740321439789657
10.06227683069839 -5.36231545681429
10.300154767607992 -12.241110777816257
-5.337009615450997 11.434973650905782
-3.722430852980029 -0.12137502662953104
-11.792550015793763 -11.213562262265118
-1.251467361284405 -11.86584372104741
-6.630713864927722 -9.456983960271035
6.51613875220508 0.43747391571099925
9.979511528215816 -1.3506715656879003
-2.1912128101335835 7.674992948736993
-2.7410549304430756 -4.849474321036936
-1.555641865484878 12.023444940765835
13.32605141997825 -11.911063376804572
-13.40098556155172 -1.6270500559148875
-13.09144604835647 -5.526481661639421
-14.845398051322661 1.6465952791950436
-1.0842938574199916 -7.385742291510951
5.232202532302516 -8.290445334737427
-8.308944192175414 13.632635130259139
1.9707062284579457 -10.243872793066958
4.669346965593476 12.983347035995173
10.56517388612071 -4.2814393425285555
5.522956398150033 -13.323589532315692
1.2203258251683948 -11.113546767352362
3.6670816807991002 -11.693415397938951
1.6087282498399276 -9.533626384554841
8.92682105035766 -3.4148169815766742
-13.837246185156719 -8.323812884150081
5.338893101819142 1.4383907660521587
4.696632431119262 0.5523108054805945
10.196921105985474 -9.354459361066484
9.99716101172315 12.877482665803218
-12.678312632428538 -3.7408716217370817
-10.670822854535723 -10.905706154246932
14.363280162600192 1.640022526756776
-1.090004604297297 -2.569620921526056
-4.550222236918703 -8.789439379729306
0.3748004343744604 8.829844866090792
4.288894377909116 13.376514996041426
9.12783853485994 -8.004594008130614
-11.054294223264883 -10.189999415486483
-6.87751593212297 10.59418818827654
10.714864158616393 -3.028180829536142
-8.486489890203522 -10.906521874421712
-10.06089129281927 7.396612744264723
0.9261686675599972 -8.855522898638188
-2.4805586619841673 14.462420176860583
3.078711415420809 -11.113620032438487
11.419032373820432 -2.594963973543985
-7.1228267625314015 -13.472868130293246
-12.828552810318001 -9.435564169152261
-0.9185855718111817 12.90727446167407
-0.6967995377206311 -6.693675878613561
-11.774022104849843 -8.487566026068425
-13.479155591155198 -7.999997260866085
-8.00028855525559 6.094274687064125
0.7381269520499849 0.8838220777643446
-13.02646078688441 -7.1541033983794495
-11.02095891229532 -7.355341380923076
8.11610168068599 10.873271572009084
-10.726763999698697 12.01739670407693
8.60667012638898 11.190384340424231
-2.668970116040512 2.7712779878033906
10.085222671475861 2.598837219547047
1.6461026907312721 -2.1483470567005707
14.627508430121313 -10.682515696556218
-10.727066607166696 8.074813365820376
-2.2606344549139408 1.234787372681346
1.5186179686024133 6.396027000391083
-14.589849345372466 2.3523620713587547
-2.1544971925483143 -9.067189979182386
-14.838928675400672 -3.846300155393452
7.055277921777755 10.033946313442563
-1.058915974538598 -13.949225795328234
-11.015565747005402 -10.52993690306529
5.306195265240337 -4.6820686592569505
5.379137600736634 -8.679068763737089
-12.28209724920048 11.615773933362465
-4.885014569037384 1.70004393053431
-8.57312534618115 -1.1986862864160033
-2.3440951400705234 2.882320463688835
-5.191583658883099 11.378582132778593
3.9352711477302655 -9.795881692223794
2.0790563945700207 -1.5412511134905014
-9.56452284146201 6.360016141122701
1.8055648414407628 -12.556170852592507
-2.8632590470982926 6.36404615499541
-9.54097320499897 -14.652642709066466
-6.412590828471828 13.139404313347736
-12.172564375742821 -10.278822574546085
9.360639501062774 11.698848309597828
-12.95933315753164 -11.475553519884798
3.1608877564200064 -13.284051044258792
-0.39503406631483884 3.649800908935049
-8.021744131451527 11.188642903360119
10.165799696772297 -2.7528623425753516
11.812743664730124 -12.061265810899576
-8.020259017447643 -12.620612242083496
3.0090317589705826 10.063209099656795
-7.460636896795254 -8.433220931210048
8.077477374694851 -13.46016402692725
11.09412831178212 6.640915006138362
0.49341566631909295 10.099767730007603
-5.37671047756573 -9.091190257807472
-6.576062662506082 -7.137510452247123
-7.035525715111591 10.611836567874594
9.227523513402623 -10.168796530036781
5.145501879108579 -3.9310377493557542
-2.8730599373381427 8.685448904250872
9.521012590179172 13.184437795425882
6.210524132312859 -11.006067815847057
-14.56860577851 -9.025466301819556
1.5501053024062053 4.308160760449432
5.326503303845794 -12.889637893076078
6.992317344330875 -11.272609829487882
-9.501884710864683 0.603961121674029
3.3815618824580937 -2.233989273554279
1.057327500502712 10.451190559122612
0.15993521202481453 -10.960742561852872
13.315630661788393 -4.741849296242886
8.592040832897435 -4.006722467698305
12.047571779123235 -5.638086859176756
-4.434531943370747 9.277514986362707
-13.256033150983903 9.771158892586943
11.260904991474934 -0.008366292810416454
2.221222100713611 -4.390081468248297
-1.337145751900529 -5.556903548299312
-14.457991607205095 -8.837744722828887
8.819012017174114 -14.902653447991348
0.8331685028292473 11.766385129585586
10.899105085008127 6.976267882373865
-12.591071234162344 -9.300084138399539
10.415491606655827 -10.070284273057155
-10.4483506212072 12.406918768806431
-3.27194191431645 1.7588629735680001
-4.034816450649023 10.826519272112343
-4.292449731798689 -7.228124257263619
1.9976103106173468 0.7079336433001764
-8.168459145736184 -10.886634047466508
12.791736321873152 -8.979116474873159
-4.109070698217334 5.033435017158425
13.422886156219054 -8.92518816304681
4.382187684094141 -2.472107857298326
14.5314435733998 2.833452252163476
-0.2726914160246441 -8.28800575857306
13.209669595321943 4.202308393490103
-1.4556800037852273 14.349838005388154
-12.785992265680456 -13.69872156509338
-2.807758119626321 -12.780759164473297
5.918408140856084 10.133817082993001
12.10295447356999 11.967073630206222
-4.51781175096373 1.0554959846758223
9.423937949756017 -11.514598147654201
-5.2883049264522946 0.6143248415589113
0.25792115455010567 -4.233226185392056
1.9163248227437535 -7.2930646313169145
-11.230505368464062 -14.352667595512296
-14.8828955223228 -3.3434423248160368
9.450507820393899 -10.931633761793856
11.985234293943922 -13.489625611647064
-2.1034023782502107 -6.7112138197345175
-1.4267263666044503 -5.499029167027498
-10.17983914396495 0.2604869990261136
-13.722072176384284 -8.739935729394043
-9.982042835523242 -9.57900837760539
1.6142470303428524 3.7701457408657078
-1.1502464658048712 11.664534730723759
0.11311758902793656 -3.2280408262111298
8.220392078911186 14.952262524778611
11.795430005401954 11.58685153937234
-2.547194978125164 -11.39652200097936
9.270977515067251 -10.146543003841776
2.34540837301849 -0.08014198938717598
-13.215969611397107 12.732262925318654
3.993348713729681 12.979961503758354
0.011552103870570818 -0.7750578559083614
0.7762526595937018 4.70590209518852
0.9155074332327846 -13.484342309691042
13.903547952447525 -8.103259032906092
-5.203682015471982 12.671521676593237
-1.1358523645258387 1.6429120770027126
6.342195838563004 -11.65357116896412
8.36945548028007 -7.826152058756834
-13.802701002831668 13.213198235158735
-2.628687364954981 13.233106103878534
5.912973013172577 4.471465274062903
0.29761991615547245 5.679478678854345
13.349201705042137 -8.79282314203191
14.790711562943777 -9.516717258801375
12.42975977321785 -3.726262481281733
3.359733151736261 10.364075030666278
7.231680478352704 11.133627039478768
1.6757253433979855 1.1365952477530001
-11.750733254668411 8.0346675914301
6.470675511878795 -7.7976584077507605
0.5215405498142953 5.922294474591325
-8.073709539106716 2.7663285806929103
3.436819090012552 14.005422732294935
3.5333932881179706 -12.850882978379822
3.8973819954894537 -2.3517596741346125
-12.254668538468508 -1.8634444602970817
4.000611665906412 -0.662428426789738
-14.683193976346976 7.481829788038155
2.1265102295666125 8.459167422804004
-12.819999431467815 -6.302194446446366
15.253020355016156 3.003218295787055
14.28891566840191 -13.321540282386668
-12.10457877460873 -3.8708364767893784
-0.5189645005194876 3.454707566660069
6.7007850632866806 10.51904098052951
-11.109928310590075 -14.672016389019674
-1.8379121030894545 8.130093904483012
4.652468959527447 13.640143346888667
3.568610007054019 2.751053090416626
-4.5041377475416535 -11.425200475700441
3.019279196261973 10.721021610965735
7.981471547521469 -9.551866031734317
5.357112248278451 -2.974298593583871
11.983086880513545 0.3136262005273853
8.903987499365098 -4.167789875424461
10.877006284180844 5.971831398569977
-12.098825343033344 -7.635136832123191
8.353458079810359 -4.7563159643634485
-14.8386775029157 -5.270724264381885
-5.456735360430736 9.104823952675108
-4.414193211788934 10.590204646573568
-1.6609796734607958 14.506786981657985
-10.700484313327802 -10.00480191708866
4.569956149179365 -5.227065139113826
-11.926604401712904 2.6276619870136884
14.586097188219536 -9.845532414760047
-5.097515312742818 -9.284475885983397
-5.505783898948167 2.2487061179395873
3.73092907840093 14.881236001959671
4.519917323076953 -11.759242380314134
-0.2273577570796128 14.653603295517993
-8.29639992013689 6.257564220308839
6.419341667882367 12.970073336031803
9.421985199993397 -12.03667218122109
5.268996926718923 -1.4561605075464303
15.298835311084854 0.9097944996940333
3.4175570848203307 -1.7548931562147416
-0.7223975236038651 -13.262111788565553
12.315977883532653 -11.56702938854762
-7.219394641994981 -9.999139452201653
0.2638172602317841 6.682245431749475
9.037123494968057 -6.788075113432699
-10.935978517525971 13.931925844903535
12.1840527292565 -12.234852039973777
-10.27505837043087 2.0715272842053665
13.028203866978075 -3.9087249816442444
-2.560904821517216 11.166253860591226
8.144868987539784 -11.025809018613977
1.9501387882441037 -4.17529091340182
-12.155886194230234 2.543727500408103
3.685189802030955 -14.189799509257098
11.571262637595158 -10.179330773172733
-4.728455366313932 0.26487203069098797
-11.153736474167708 6.923335275065735
7.068692529206054 -13.664705218870928
-4.294277823749349 -0.19475733532122774
-14.700684145063533 -6.583170190583301
3.464412470623863 -6.379976252500674
2.035184697921885 -11.564254463545378
-14.078902215706986 -11.771201052970685
-1.8454640511467524 -11.11491500284706
2.4032618329668196 13.070619117792877
-3.2997716159046373 -0.03018362087537163
0.503094142423075 -2.85238976051337
7.524429571615464 -0.9521991032849844
6.515855066470156 -4.148803900555739
13.146555762036733 14.847299729810285
-11.37456641064451 -13.19693125500162
13.089543188307106 7.42150816623924
0.532904025035922 3.264877508880474
4.968498463550912 9.341002824125038
2.2749875715391 10.628596083731082
-0.44037088642094346 1.7180532386992873
-11.273829291816329 14.253842780053002
7.944196600923149 11.989204084460336
-3.6500802719781795 -13.62829274565017
2.8092524374787153 -0.4196796662920175
8.1099319712031 -2.0704115958371414
-0.22614964673729787 14.842010805503975
-0.7862407668485911 14.390310488033933
1.519282485185336 -4.792776956788455
8.24319817365475 6.366969586873601
-1.985908248096349 -4.917638136384912
5.206437583178101 -1.4234338749213578
-3.0885975480969368 -11.159722772741441
1.350043638400507 5.8825634102416835
-1.6204959009573496 9.286599648825085
3.975864008791415 -11.016058816025865
-2.2126616838623274 -9.912689450596455
-6.423859803936724 2.264707644886851
1.2783713783570825 -0.6970341760934851
1.7947997274847651 9.887949281046591
-13.477912396887405 -8.833770644816656
8.74271228189744 -6.83796700374112
-14.398738042647096 3.0653046715248493
-10.975411062832599 12.720772592812342
-10.161849923772369 14.524522138193905
9.52175515275124 14.965897665148102
-10.901846175736924 14.952912246205376
9.4745848261424 -10.332404499556095
-6.095958206800047 -8.709818364277707
10.024606052169307 13.23604517930039
-11.294295116587502 -8.430339195312735
-2.0384641831185384 -14.847676788931746
5.483635061668917 -0.356822491645886
14.534228455629826 10.854707852333647
-14.665284547429682 11.457441889772063
-12.96865589012155 -4.74527659346303
-8.75372620144498 1.1850941823427874
-12.317771326417315 3.094105431340928
-13.131197825940145 10.95137723843822
1.5644844918326832 -12.656518583236437
6.167130066361466 -11.234467437219667
4.104569521544146 -13.742563996176854
6.943851957578644 12.476888530970463
-7.6266887714028355 -10.010669834532493
-13.824032367942756 -8.969781000570544
5.3245228029645055 10.791470885879267
12.273991105193684 -6.393152251872582
0.4089711739689932 9.119787811688973
-14.60333114783272 8.08075475717298
5.40246375166436 -6.8524141444439195
-9.146837769812151 2.037641265813729
1.7912445043073646 11.047154918089134
-0.6051080503301058 6.06310418110473
-12.322991287494808 -10.880020807252691
0.921672249912648 -6.858673347556003
-6.666734936766936 11.412713926765047
-14.612264080219878 -14.400000998501238
-4.191322282790026 1.123359892936456
-5.006819767115475 0.9470788279254396
-9.09622014112296 13.001754655670517
-5.80779237502885 2.6635233880531963
5.496808585479222 -6.972347987330792
-2.9438399819656382 -5.400021771832188
-12.437193053756756 10.991736089838756
-13.086261399289626 -9.496936726771121
12.798723052928946 -13.7116194116754
-13.063189374033062 13.146590569887227
5.323463865577963 -3.3412335000877142
0.3194378687489614 1.9968022033621757
-14.583254630597047 13.383759051085093
-6.189636687040018 13.343316024955616
-2.7205806711320886 -7.0164844272289635
-4.539997620105895 0.14277438780706042
2.4429003034095444 -8.094694205259795
13.311910594208111 -10.072240353419687
2.841575857306527 -7.2649580802079345
12.570399460668625 -4.033282456799764
-9.304401590872676 -6.891305144043271
1.4451260283612228 -1.743026650819786
0.4729236848115832 -7.850544522748116
-0.9485033613269227 11.999310216659172
9.96327764766582 -3.323117473754598
13.767482262173452 -8.038772953730081
-1.7473405120703749 -9.883627199419855
-3.5131218455737034 9.525913633942949
-9.637473911282365 -10.618448627438529
5.710780255253514 -11.431019151367824
-14.85994186941224 -3.912326606477892
12.996260149404819 -9.910321491011679
3.2212208679859202 -3.240262124303616
4.398758120811319 -4.598682134714288
14.521378032498877 12.767974670536624
11.644782419065368 12.502127862897957
11.860871412685224 -3.726164606915914
-11.982045396819416 -2.033286137632464
8.338630282769337 -9.473852627499106
2.2532164930378045 -1.6143163415554724
4.039257732467931 -1.497782811530266
14.223824458838353 1.8548017189324257
13.198268436606288 -8.830778307008906
-6.230715805617667 2.4933532404940024
-2.4291194865421133 -3.8662013102957378
-2.3898165669630096 -14.232331066400638
0.7595868199764944 13.670109095013775
-10.413699297948497 0.14287942368303952
-6.221415802313997 12.484215651578715
-7.043553988998452 2.3282995350394096
4.010942209180854 9.182250535268789
-1.5663611173380474 14.654487473287933
0.3435794563202883 11.139094367680343
2.063589533498302 -2.190358519440208
-9.715995194869105 -9.263503635149833
-12.709321929975037 14.032276920638093
3.7449075035145043 -4.3381002371654205
3.141988084202243 -0.8683922191316036
6.856530669926292 6.009714673601129
2.7814213786852164 10.959112899533519
8.543872479983847 -6.331416444452309
-13.295359113828303 1.747556112843668
8.832847734201021 -10.374191705969656
-0.951586293437618 -14.984298733699086
-3.13658478776987 -9.931769831089381
1.5901402736868313 -14.21191754796129
-4.104930631761791 3.9778876853369525
-14.714272225464592 -11.063120832616033
-4.604560260402314 0.4426242829923819
-10.224539976755455 -9.125312218986473
4.024781622687975 -8.76603789840639
1.3446965530047592 -8.104131378493092
-8.48781970312469 -9.869521154388583
13.365879043405853 2.7340506532102347
9.996681934038957 14.803002448943285
0.47796506401534167 -8.238700058908714
8.972765512678485 -5.140143679750635
14.396375378473504 -3.9384970008944755
-1.196599207485571 4.661143145162743
-3.9092926334643856 -12.73031870489718
14.321444535365742 -14.035067474870374
-6.335013434117986 14.78643872607806
-2.1009465903344022 3.098073702885678
-10.617276320581416 13.082007938913595
-14.934467139444997 10.542473426338024
-7.071374566115608 -9.61836409820465
1.1687269055627922 5.914275732157446
-13.926416957150808 -6.866507341281423
-3.7859659393197695 1.3771222476083693
-6.981416565070269 1.3323878913724592
-12.564768700205727 -14.199955041019656
0.9675690478152497 -0.05537080276139683
5.589737620858909 11.093499915483623
14.32199732559637 11.782946443046
11.954239833215109 -4.230290783533032
8.53204446448899 -11.645540076962693
2.9468062261616232 13.779067249306816
-9.675525274985525 -8.772819549037314
-9.209004151008106 11.899773881581176
-0.8664535448825852 2.3264679342415313
-3.321703600795953 13.454120859611223
8.949322525056928 -0.5364809584134331
-4.313652395387647 -9.21668275482239
0.4438085401888827 -5.855620831547526
8.413620109306834 11.935847757576362
10.590040914173233 5.071043256234217
4.470631278633956 -5.935251068364504
-1.5278572302294595 2.3991267664773517
3.72131753478968 -14.538005276695522
-3.8727014659528667 1.5897493872119028
-2.1171108330498605 -3.935276710027244
3.6165311938138167 10.010237146130041
-6.471097703960195 2.7273026604975
-3.117158505990144 -14.344789451879956
-7.6813636052201195 -9.276854151556135
4.998811502972416 -1.4867863117355071
-2.274313884121298 1.8840957101975775
-6.041962506519027 -13.35679502488105
1.4771061790894109 -0.826173214939411
-13.084829655252827 11.42473148526581
7.763684321867519 -2.313074852749713
5.848021209912492 12.80347396836368
-7.804169657075635 12.719283231001643
13.669805418992091 -10.44874921115451
0.5438769603068963 0.4661089642340439
-14.141167210245248 2.3833572942072294
-13.349145235646375 11.22660756411544
-1.1577568098545648 -0.39974398827173196
5.462361057820669 12.137812991468586
-9.624559315059464 -10.212080228766032
-5.976030061112365 -11.148945380682814
9.254879932269102 -7.0861589097510835
11.375605635263977 -14.744637988681163
10.973581630672602 -3.084163159549151
10.497001035310362 -9.699122924158656
-11.719342234778182 -8.420184539157221
-14.198671372705912 8.88643810760449
-12.976718944374957 -6.0835852057445035
-4.806243766002623 3.7769881170984867
-14.312426491945532 -2.654139747739727
-14.35742528496327 -0.6041821502925426
3.5402363878182648 -4.914811895823872
8.062397884002085 -3.78955710707657
-0.024883956401204443 -7.853531240691238
-10.49503434360281 11.264040024208898
8.414387059786367 3.31287884757199
-3.204971480474626 3.0408557330943538
-6.796902461595305 14.860238609604906
-2.983460102097009 1.6515424257104137
-0.1487912682222916 -4.669396273425285
-1.2235351402502843 -3.3487185890527993
6.029746811542658 14.61015357174363
0.14335285520250807 -14.992666439090653
6.782543997906686 -8.013547520691745
6.154923721610519 13.138112464788126
-9.87862290412583 12.143413807137698
8.923008158122919 -5.289898351384515
1.1105885990009092 -0.6676848956322541
14.556239238324466 -8.169160440169746
-11.61956524308851 -6.125105477375065
-14.589429102144292 8.403271729961386
-2.3528278286808195 -9.621146586793206
5.219379303076 1.5006847025986758
0.6393354347554308 -5.567917449056036
-12.970288727746878 -5.678137163935876
10.335350051149721 -11.944488457849982
-4.687409174027554 11.314357075378947
14.347684686003245 -6.779796049002989
-13.857061849903994 -2.25261046688345
1.030707445011661 14.02187366020522
-13.490827137775455 4.365420937853564
4.922201793012459 -13.196409029118701
-14.65483115465463 -8.643940851805668
-6.576081732767296 -13.012146348558462
3.8056377481663652 -11.27791950977086
-7.5584074942126565 -13.483790142043539
-13.050950804953311 -2.88938717133572
-10.482299760471477 0.39625954021029663
5.138135631501058 13.35214471482275
14.953758625224548 10.410368913448597
-14.775966397569134 3.4666912459010497
-12.120541660446133 12.667540875574819
-1.4549660437230187 10.317404444977264
-14.671288699878753 -2.349095444273612
14.651390736605475 13.608176897043787
1.6935139132098662 3.9208735126562395
-14.74016504109356 5.498090936028866
-14.662096628282816 -2.2272410190916894
-2.9266922336036334 -6.308668935918956
4.3453306991979765 7.903536228255074
1.6801366134207534 2.8840986462071676
0.38374333677420225 0.6395470316937786
14.88324588145776 13.756499592443944
11.17833834869553 -5.793717035204599
-3.410010286157233 -1.7463033565895518
14.237310689436232 -3.3805324974170308
-1.5689628767625496 8.169978690277699
10.186394174411642 -12.646907408366946
1.956916094633641 -7.650566776521639
5.848258904013907 14.866633026006827
-2.9761308420564205 12.791269426463714
-8.92894399086002 -9.095259718249585
-1.374354082936513 -4.0693290854977135
-10.308669582283738 8.369263188865025
3.354123437513163 4.986087079720598
-8.153352268943408 14.88254683884313
6.559751522621774 -4.799546502150209
1.5746002221742579 -13.038429281118802
9.743297228358383 -1.1378978639279218
10.588996050126472 -14.939232499264355
13.535843793871809 14.08346055597331
14.506742301097983 -13.06305550501594
-2.1045588431237015 13.74079687725444
7.761458435918765 11.896317680555406
-6.6888501603706985 -14.30753717234307
4.283539545268752 -2.1308184785177833
-11.62707212981092 -0.32224194438468423
12.295350409006716 13.045108937670335
-5.874384785113987 -13.143456986207386
13.716946705047473 -3.398952724491144
-3.666096092282361 5.415647623045075
4.151522327198077 -11.047412413597948
12.229226566365256 12.907430573987885
3.140964821267577 -14.387726073469109
4.261620684246058 -13.05408377856715
-7.626271900600681 12.743402896270084
7.389843640841104 9.338616135987163
7.382229624029847 -3.9915514144040305
-4.545781348888227 -12.112669331665261
7.07864836710468 -8.877759352289443
-14.594623525844488 -8.995471242090787
14.121348015786353 -5.153241216081648
10.402010656142785 -7.339794845924014
-14.616947905721824 14.07524345326539
-10.373411570368344 1.2078113465465137
-9.08846164977741 -2.315706158204
-4.537529887273315 11.572207313033505
-1.9848049807081516 -14.549668275247436
-2.4086269654104733 -0.7238334441277399
-10.047701776106216 13.598273315533469
-0.5860504580529149 4.8025937943876755
-4.296629148470824 14.249043312090304
7.027441699507584 -5.286214423148561
8.080354513329027 -8.225647870704947
-7.23663966200058 12.876017316773211
-11.337167134339198 11.934607905186688
-14.264164803771632 -11.150983043681288
10.073153259078438 -0.546993525480806
-4.081333700874033 -9.422377775961458
13.413875361154988 1.1323628647619473
-1.7891261715141056 8.545009971831213
-3.9429104333157987 13.686105365058651
-6.063034500421129 -14.42150135146948
-14.898795119332004 -8.804747020845644
-0.7479106706259966 -2.418231342101592
-14.189333986714288 3.3833720183823317
3.870504990628639 13.62883968320573
-10.080708487037683 7.408980702705617
-9.365616369913454 -10.249425416260625
-1.3098028121264527 -3.800692692945404
-7.105179244671895 -6.891164635759342
1.7212357942679262 -10.48999437030851
1.0190170965720142 -1.5912432978086972
13.778392784897477 -14.659275601835372
-6.052330265861352 3.5100414235901063
11.435009095556026 -8.950522218669406
10.623556253845688 -4.125818507817966
6.7945491599151815 14.630495087868763
-1.0240985139212313 -0.902256754870475
-7.93927244367317 -9.060211357489322
-5.241012065459904 14.774683406600214
6.681568006429192 -7.690054781989797
0.22559997089157058 4.645745604580288
9.724692862108558 -3.9503018437020216
0.2082490281049605 -9.207601194379574
8.432591036222622 8.556573844078965
5.613918755946795 -11.388342517975287
7.445937977216491 7.291271431505572
-10.367376052074514 12.734550666411312
1.0134921528712866 -6.034818233757214
0.4874153224033577 -10.614708521545005
3.9601198349281717 -14.030943463759424
-10.00848179112113 -8.560697335488536
-0.2133169597578526 -1.2615903268302624
13.489013442062664 -4.820505901017256
-1.1434706988636272 3.876790239031738
-1.0607246108953063 8.49032560363441
1.9579103329254437 12.297528209115082
-14.518787699226975 11.548410004878942
0.2843725694403769 -7.342128168089865
-13.54453586909644 -5.539880557371008
0.9443435097173065 4.668959539132107
4.6729955833956325 -2.194139369103903
-13.630582707965344 -14.68439041114242
4.063514646614529 -11.052374937603552
13.428404204218726 -8.135020798589258
-7.377938454141571 -2.1861106335751805
8.988920085394366 12.871800794130746
-5.569314519094059 11.631038281244791
-8.599067381935773 12.215535257243829
-5.067438120996586 13.955367585728727
-4.440604445034404 2.137712382354316
-14.24557113425483 -1.1228260207497804
4.868867375263235 1.0193634443627317
-3.4343679490826773 4.338055532267159
-12.97282506783926 12.502288221072089
7.003988518678256 -11.140708896789128
10.605729865592203 13.809357161758125
8.075278153803271 -1.813348059727204
-14.440197656076592 -7.111578412854112
-11.678778503257073 12.80011279099893
-3.3257910776559854 -13.172532993040498
-5.300932361729405 4.689256404193742
2.912621568601942 12.154284233721498
13.965366595364777 -8.303046863956707
1.0230876050650153 9.204279042286764
-3.9954931465603973 -10.286953559744568
-3.5930981883215978 -11.979109371890454
-3.775296760189473 1.7518410022013278
12.349491993758988 -3.978060003428064
-4.073235852673779 10.924232247987689
-0.8815728282716186 -12.546366712188703
-8.03453996956305 -13.654098812577875
-13.784479270138304 -0.5947814282129311
-11.311590464788697 -7.30627243567125
12.745100910563828 -6.8465221188382
13.63378007804464 -12.887293690355248
3.3899602238379565 14.653254475779232
-14.891774391725402 -6.852352067745402
-11.512386032153817 11.92857477214051
1.4253828651030958 -13.947840612108541
-8.95827109337581 13.995429390744587
-3.144500042544225 -7.162435315872483
7.26563438216386 13.717604537131514
-1.6661842578866075 -6.573103909296517
12.881227396399737 13.959387240222394
0.14707829500889957 12.141921772096751
0.34615931082815443 -12.722973385077804
-12.721476726581185 -5.9493598456185595
-1.3634046796356714 12.568371746835052
-10.128236239946368 -14.587903269087146
1.706974555215222 -4.158025301202757
8.361810691467854 6.051008099156638
-8.085126406932776 13.873491089837778
-13.944228276175267 -1.9742876005628034
-11.065035749743343 -10.34464931666312
-2.047995222589453 -4.531309413765307
-1.9584902970037383 0.24734888646694841
5.286126233667783 -2.6725240716469507
3.2647974663301973 -10.520592691442905
-2.9624307875786453 -12.247460911868542
-14.322558319847829 8.533077613861835
-2.7918368661670705 2.7208949791266015
6.4020169589057545 -6.375884521914649
3.4591733370020066 8.877628229105653
-3.3261502990273577 -5.613393071643436
-12.094299317369796 -13.245383773588845
14.289561111695814 -8.192026982218419
-4.080941698792968 12.628328463524237
-3.9563523850459443 -13.197808682472498
0.12691629125733428 12.280562215022869
-0.9319094266375512 8.55901885881929
-1.8469191672271439 9.105731640049946
-4.129589861910768 -0.8452321311390882
11.151723774658425 13.502310543713882
-12.079147739663782 13.390679685548339
2.448496624374826 -7.440033009654047
12.9670948522288 -9.507531522636397
-3.729532008106883 6.067935512314225
9.957870187732677 -8.212018404114108
-3.5497395554583164 2.8255198983420087
2.8014142823149406 13.582348294643847
11.084882725690406 -9.472936579370451
12.44657560297902 -7.063739254825033
-14.80983584001269 14.838189513845425
2.4358856337685317 -13.476984336784136
13.19375703828381 -12.713702050490035
-5.231924314751392 3.8565493061806606
10.793814679994401 -1.4281410645174901
9.180220812956474 -13.207906061668197
0.14727339728909072 -14.102149614199558
-1.049193755777397 7.872746447367813
-10.722549442901855 -10.408280376930652
8.46666087080844 -11.567857997810158
14.26000997768761 -7.1093754795156965
2.3281546278241834 9.4914701575047
9.544551548639184 -4.557155062269942
-7.30023487069253 10.938126328966575
8.851078852656173 13.198665593196043
-3.86966299159303 -1.016500828927315
-0.15704628246126617 -5.2254968808557205
5.258804451723812 -6.4999377704266355
6.78654031237858 -9.31089242336959
-0.8682341754963652 6.5773513331334215
11.438706219834991 9.677495370396333
1.3218795963916037 -11.96891856468967
-3.7783053045489954 8.34800788936673
-1.5369731518630978 8.861827371279112
3.6744683145357904 -12.809020579708156
2.85752054413593 -1.3029043950756662
-14.420092747489551 5.080655117708545
-12.83889639750721 -5.166735892091641
13.323758850233625 2.1810500407538616
1.012973486569571 6.662511780410725
-9.58742559909264 3.200263681608205
12.746530657712022 -3.6476157872682986
-7.244028502450515 -10.319339946181724
-9.1024666713384 12.060880746473693
5.927329785412514 0.6759082441907083
0.5400015144547297 13.94891533810916
-7.356293988304646 -8.629138948100046
-10.36884467355037 6.771620809312203
7.743523217214314 -12.490641032912825
0.07780032250565938 12.45468175300758
-10.811482997876066 7.737045836697899
-14.293175023228981 -9.07733115631904
2.16536291251634 14.138145173409242
-13.994772008189237 0.047554979900922945
1.9210004398006433 -8.536067395572502
-3.705887002410776 1.6374548869082588
-13.365445995836229 11.758280938833781
0.3831311910018371 -3.372255790532357
9.881999555351449 -6.484271441906001
7.773509247412594 11.865766748968579
10.922926262887344 -5.138381001427485
9.117515297965568 -10.69475421999822
7.862775696684633 -6.57862142842604
10.555920228495808 13.657520106954365
6.09139745126123 8.92605181591642
3.6981234054353287 -2.3412825834292157
-10.431158251840788 -13.147732038175782
-14.704340366798071 -3.9084868960506665
4.841077870102328 -4.389729925964954
-4.148127496982578 -7.565240635107243
-13.706991079644972 14.50102533263425
0.77150850927897 6.267898147852783
0.7229869997643128 -13.328931828205539
12.504960647123413 7.947415729976815
6.775834088643926 -4.9478417456567705
14.148759093708115 -8.092266483297836
-11.26267409161364 -0.23648201621985265
-0.7839737668294813 -8.436228603961128
5.1259937888917655 0.058518207083757545
-1.5569602927315085 11.017553536006758
-2.47678537012092 2.481410861612499
-3.5884219695612547 -14.819320122624083
-9.292045831428052 -9.586567276855266
3.3221560543956272 -4.903551951236858
-1.6294095483843964 5.604705671813459
14.805949419765906 -12.212911621153037
8.400732046697662 12.903044462282313
13.071712542023349 -12.138674302950358
6.292372682161016 -3.8740483748547323
-1.8225765725232517 3.0523583984340945
4.195327185022503 -5.993302978685392
3.271702723514526 9.307119122328913
-10.159573501177201 -8.399467993824338
1.4499493798759104 4.36604292776769
-14.140475701008736 9.769434754518898
-6.606501017959856 2.517352930564993
-8.119745126621176 13.06617435814594
-1.5735325254376598 9.490157542140523
0.15157086733890424 -12.575044496779002
-4.087820577629856 11.472817715738387
-3.851856342633212 -14.929231538970662
-1.336712110626852 10.39039997701704
-0.006564052996155922 -5.147272348746638
2.1521802815350846 -9.746953279872455
9.336417728622123 -0.10992260128911724
-2.8907723243583625 5.962216851538191
1.1449268486287423 -11.56061019244162
-11.704912843138676 11.259948504530549
14.386704551520868 -3.8431260341360804
12.988976324805744 9.584778380599397
10.209938228562535 14.671682544198436
9.57299593611345 -8.030534353400046
-2.8082473519790163 -7.292700607162901
5.494171286158821 -14.428916855428778
1.7898870697945064 -9.347837100348759
9.077995252918154 -9.935332830321501
8.923295735970406 2.721096177533635
4.229872216015345 -1.1552548963636955
-11.384086921435138 -6.734455933831807
-3.0296504508459883 -6.258913406839671
6.4449960391352334 -0.17038036403148027
-4.4738097773348215 14.0992641632673
2.270054166143037 3.621905081385684
-10.087781988616285 13.148191609909414
-13.929701419119754 -11.404936167482015
-3.9004088911488033 -7.939517720145412
-4.043563793789961 7.289950875568902
2.7038004085464173 9.783324611551805
4.323702937569941 -14.930217857914686
5.170787996020035 10.843206041492984
1.5550887683863834 -13.56993563435585
-2.2120220738615686 -12.822833023716687
2.0435254125280515 2.770852859160996
-5.118743703867633 9.1118780337273
4.961992603057791 -2.237368337390672
-4.330538840287366 12.35182973187825
9.707600173660582 1.5711746375820148
6.575704516091356 -0.42512904676255303
-13.55604956836615 10.652782107006352
-3.726124917845773 3.1039403011127042
-3.9846584233471845 13.950724941349119
-14.18922384599887 4.54320509179033
-2.359815252419553 11.753331418192623
-12.578813173074996 13.002789590669718
2.468592843746265 5.717271317482378
2.5145148993097237 -8.507151420269842
-8.592484423457037 12.028513508638937
13.377208969140304 1.3582541649619582
-12.979651247853784 -0.9719134595283272
14.07232466198493 13.533400845153587
12.50229089385694 3.4651661215407406
3.0534607708897994 3.5093348156426494
1.444227942733054 14.22245503707213
-12.169606169782904 -5.236123025674187
-3.257307637917112 -5.6029653803409225
-13.126231133774546 -5.528573483116302
-0.3279861949554821 -6.925664498675811
5.953243530719867 9.765780520204089
8.880881154343719 -7.874605156564268
-0.9840765020619369 -6.587114506388328
-2.4261466920725976 9.107381185885071
-1.9749975762094643 10.401142421456083
7.130502245633728 -7.287354952367149
6.149360242459878 0.725214132810347
10.285409822476854 -2.443925981618877
-14.536766525482479 1.915866831853407
-2.541461989359661 4.379720186454744
-6.944320507393474 -11.892394222065587
3.8666962695029063 -3.433469678651983
0.7693876854884572 3.7133610741253875
-0.48730467203026784 -10.780913337113182
10.875560390038931 12.835529277807627
-11.076115892709089 7.973384149431524
11.09322322005363 -9.60350753236201
-11.262995627252431 13.497832428009907
12.333902858646823 -6.649657583056301
2.005244685118374 14.338751576217462
-12.810989385758905 3.462454526034886
4.787806969542359 -2.1543219732992505
-3.6028217602823247 11.133621867443289
-2.5613413774941574 -9.025506570333778
-6.874288206667533 -11.354780107065071
-2.650319136825342 -9.974823689454071
-2.8576076287936925 -10.781737394564008
1.290817178244275 -5.372824567440222
-1.2766452953859417 -4.226931274665057
-7.095740822532623 -6.899140624175393
-8.897193674745767 -10.75318520353833
-1.3845893161057656 -1.4252665394404183
-10.204669791050417 -13.926939546577634
4.582650357469824 -7.7286782251043995
0.5779343348391741 7.608920013026708
14.175567249095728 -10.163138623819197
4.156250873976756 -5.138857160350758
-4.942529826540763 2.2514951304314046
-14.770477694526363 10.587908717717035
-13.640857357713617 -4.968151116416928
4.855345899704226 -10.085489202938357
-5.509360992772933 -9.960554635773514
-8.490093210131784 -10.82747884357033
8.735735561823027 6.2087003114755595
7.953791303477367 -5.795248372293463
-14.733212540806553 8.737163553911618
0.41474925850128663 -6.901720917154053
4.739126967497505 -5.348673399785627
2.9695096106896095 5.073881160301283
5.9072158868979425 5.3795620211071675
-2.6971351178688288 -13.980540471726169
-7.346463714728661 -3.7150340327933367
-14.96089915968367 1.184671971558263
-6.532271458553479 12.44358583816576
4.352010609220294 -7.344479239787985
-9.429667119529938 14.31524036682515
-13.696802772380325 -10.723543274667268
-1.7002447538564205 -0.5510030982326466
-7.090923157418171 -13.378466675054248
-9.653042445389316 -8.70767489038612
14.202612313191054 -8.135175203164863
4.992498534266442 12.50386023253392
-14.999349120233683 9.11210372937811
-0.7852468945132678 10.57107204581369
-4.85924906478175 -11.89142474716715
-8.355655543297834 2.3491966515813623
-14.220695524464459 -4.9863529546895755
-6.98972570773668 -9.734638579401787
4.993387646461873 14.6519076643876
2.012893954990002 5.959313420120562
6.480641479550918 -0.8055987310227248
4.549698992800931 -4.657654488563569
5.625588626277338 -5.606260338170827
-0.7769491356877953 -5.80891804694105
-2.3887559298252192 7.729496643732034
-5.483558351443616 10.923255342353055
-12.33835392440448 -8.559318484276059
-3.9367071102187605 -7.580566770333377
-4.330203782059783 -0.44194383290092354
-1.195810545440544 -4.512334507556806
12.290651470780272 -5.7789477924019454
-5.646116437568065 11.64984809834122
-5.706447567392932 9.08001316275909
1.8848409398254056 -12.0703041400813
-5.813052252271646 -8.08628267603465
14.46622702514749 3.3886963814912527
-0.016978286830266143 -8.296467082254912
-3.466705066613727 -13.590211347849694
-10.628808945577923 2.004689791230625
-10.981186883040875 0.06261919274714955
-2.3502990851535834 -11.519289287430453
-14.1871438627841 10.434788784779926
1.9656043081969798 0.4922902786261947
-11.468875594219906 -7.694135813506233
-1.4319217031963785 -1.5287692200649268
13.848801641373491 -3.322723625613328
-6.284820126877728 -12.388439927895217
-11.057191474463599 12.752012037997293
-7.0334004076276635 -3.6761540896228353
0.5050061030040904 -6.401829736220465
1.3509478065256388 1.8190437895531595
-12.277059144522823 8.969062543493395
9.946974774285554 13.251484573143475
6.543593565469969 -10.413142052508384
-8.848816031324688 0.41863181381474135
1.133669124763653 -2.202286653328848
-3.3767767469514 7.157269171319342
-10.274451949010064 -11.400914993280873
2.9028638700852625 -11.584895907210239
-5.393435017881766 10.023988374686411
5.926525522379777 -12.968478282513889
-4.884601899427308 14.041053560613552
-0.8585463286240529 11.801484172110868
3.1758813012063634 6.1763683198835935
-4.2928021974476565 7.208345197162373
10.139663078475593 7.640734333569737
4.2305639063248925 0.02088504639185551
-9.769477070582916 0.05454996678353119
-14.15496954430304 -8.074867697320748
-9.023266469726373 -9.819006177877991
9.766932143398813 6.38275444086165
-1.9410990376957873 -8.72333565529961
3.7236272525427268 12.673480303889484
7.998039046300143 10.707367395455964
-14.96616770583839 -12.723464209706975
13.895902784730222 -3.3740346332512914
-3.979990415747956 5.842691340309582
-0.10633578968530877 3.3990556168561135
-3.47869186122254 9.272979055766687
13.482730908339736 3.08860270701104
0.9655075697981079 0.644484199672613
8.709946927620944 11.258276512702697
-2.3798715742272343 1.7383752342269538
14.282366804209111 -3.499170023488446
-12.904995894442386 -3.4018270866712665
10.050571810960037 -10.335477481020996
-2.481130980149599 -0.5523925188959584
2.660060484756464 6.277694912108039
-10.45130771216204 -8.658995906132152
7.689839721213158 -3.118076083944935
3.814683713947886 -14.34088123614483
8.833195428911967 -5.827963532193451
-9.171581453123332 2.056989374204523
12.75766973423006 -4.27062826934829
2.174340092505876 9.595233221701957
-8.494956687178199 -9.23852726521083
-1.927320293513823 6.3196586965354165
-0.8524491057136903 10.427517085765988
6.731045122509418 11.36519052932276
-2.3545785179022403 9.329582083206056
-3.7570329357588026 11.119898875339533
-9.381623786093659 13.647665720867735
1.0681719460281158 -9.098029724707443
4.355286789502994 -8.1523052125636
1.897156740270372 -10.221265217641868
10.526095066915783 -12.729252447852303
-0.713926996170164 3.3579025088468413
8.773638930076867 -9.421439643793509
-14.197740328629852 1.3456810046097907
3.5792858546434374 -0.8423451778220219
8.677450924509596 -14.68360763207851
4.391998284680181 -11.277162953492088
-9.564692523916579 13.807926080985773
-6.668733065326176 14.465922104520132
-12.661119527964757 13.822761557444927
6.018139288185484 -10.15580372206362
4.554508409049415 -5.292511373434834
13.590410774350488 -7.084333841195117
1.7000360505836412 5.666162238157998
9.678068625618227 12.266036604092953
3.304628406456594 -10.538318053889505
13.348528871248249 -4.101535332264842
-0.6875399281594756 8.590736913531753
4.333879713347532 -13.2201517321426
-13.329776572037403 -2.972550906614133
2.221446794454593 8.920333018979125
-11.167178547583697 -14.849627163138523
-3.526714086608532 -14.482965283226674
-0.300033910093207 -10.957598756298104
-2.40912732432329 -8.070855089170873
-6.919748548754821 11.160695666383223
-0.06575683093513263 6.811042264572656
-6.085280851799489 -14.76663786931476
11.956098698079504 2.0221551564696916
8.274620068153311 -5.664223305576165
-8.889765864360164 1.2991302482957856
-10.845802218910409 -7.734810610236522
13.887640805269804 12.293911383177871
-8.27528761210079 -13.81614890044182
-12.340803038082008 -0.2407572491488068
3.812356832011897 0.4360126535054558
6.810437770246963 -13.542037887115935
-2.2986932410289818 8.382261940455617
2.288239870000176 -9.165019716752168
10.03124478964093 -7.616489467349642
7.861453255118054 -14.57081463614416
-0.3280075759818555 12.567287438068416
1.6631589860007523 5.10728774489176
5.475144268375228 12.589471857743927
15.396097743366493 3.733515346332231
12.815878948660473 -3.1074103486953035
3.232910277698217 3.029967843736003
-14.81557940838126 5.147224405667632
8.256913392817385 -8.583283205546122
2.791630373980972 14.98730247468053
-12.727466233757735 -14.508647782000242
8.041580280694962 -12.600328055100043
1.8216636916042788 14.776228972064043
-11.121147545087233 -14.350698028445008
-14.609790301379972 -14.549796635171706
1.129012090660499 -14.038706276167277
-8.763203306269212 1.206760923317887
-13.566604143477607 -11.341521693222502
14.560909558891783 -8.490665226488616
-7.714807482641285 -11.379654112968979
-9.626100349550658 -13.937245393586029
-7.996240368436305 -3.4132238549522236
13.669664160065476 -7.26307634650572
9.472812583961403 12.640037012481962
-5.2940851604813375 8.144125916967141
9.410103072238424 12.363346903579064
0.8776039568780458 7.790249020154107
7.0041703604092405 -2.121181312135212
5.605594246406 -8.509279632189642
-7.7722145450952596 2.8309465029711163
11.413454605780391 -11.129252642703438
11.342059193629868 -3.653398156506226
-13.860682742679813 9.651983728810436
14.371840560931197 9.477745038414039
9.87950384613698 -3.5553500817810058
-0.05374201797626377 -2.269138475043478
7.326384961291563 -8.539761214320027
10.771329310532028 -2.0070220515690487
-7.903856203765156 2.123507605877183
15.815573962564113 2.649186815677167
8.00170698030367 -5.686108822770814
4.185047484811474 -8.427399394133243
-8.828768044728331 3.072060111088411
-2.6330101703580056 -5.322775190985613
2.8141285971399483 8.19788561966529
-3.896799787370389 -14.22901795303548
8.022522736654206 -0.8773560450382547
-11.997764576033987 -0.7489817482704932
-6.380283008149899 1.1171604714012773
-13.427035698187293 -7.770631930424735
-14.739710908184922 -5.375875448758391
4.661625055522418 -3.46462732391452
2.477214047133561 -10.93934357897803
0.4914733908698832 5.61422796187254
11.482683167397152 12.957273183683629
-4.482612542830077 -12.375144193836134
-0.20006606883078426 0.19325692026047214
-5.787161793253361 9.24108359295079
12.169940574304764 11.412083225972943
-11.82071064970424 11.150144660612995
-1.3301231312480137 -0.0863407002388108
1.2485840786796842 14.98987505418932
1.5140482483596962 -3.520759824984669
-12.216975111507669 -14.26414880218405
5.328583250249814 -6.273377118983909
11.376594151148709 -9.268885418661691
-1.7959475284995445 -5.092664615410644
13.867022653846053 -4.206391432506868
-10.729413094044062 13.766370558697488
-2.8161575745851497 7.005379099463447
-4.240682610641214 7.8373253860515675
9.730482813735485 13.038960323639419
-3.5047054122820374 11.52610106614609
6.472738129906638 14.385597932207208
-11.879911149674246 -12.421263696295936
8.076197680080405 -3.4504422559053864
-1.4771989081755805 1.5721432929544292
14.434243062839961 -4.971779467461001
-0.027582631198264096 9.972088662081415
-13.476156249271442 -11.224257370518636
4.232577370832438 2.3068015074211488
-7.058220238368461 5.444756445383155
12.879804541366557 -7.61519358755605
0.20797277050574436 -14.77537298018857
-14.508067564028387 7.616514675815576
11.339477423971648 12.091035541763418
1.1524134328058828 -5.868540300851162
-4.258804217420508 7.735919354888818
11.024049740845914 -7.590173465360612
-1.8281397523975524 -10.204114690217615
1.8865942183014859 8.477725149587563
6.187252193935759 -7.122461173811788
14.378099103568822 11.645967463563498
-2.0899769393134093 2.0773677872392007
1.4816634986162782 -6.959855323521429
-8.470584085796888 -10.650696767853685
-4.1223164053501655 7.005756639076541
14.12628355937241 -10.039968535026308
11.274654554494688 -2.253111772640958
6.515278234787331 -0.6032946721565615
1.6860825852853445 8.108943259322004
1.4894248810924395 -7.753014129168077
3.062654599990438 3.1400545832480056
4.111236409652012 13.533424907811238
-2.8674208550934495 -4.209805743013387
9.220367403727703 -13.283831339445623
4.02659938593095 -7.048283271588948
-0.19400303672806452 -10.717507510501429
3.6462362002272144 14.212896244974093
1.4434014743701837 -11.871184752985362
-3.724840195644841 -13.127068380222667
3.2996596515328562 10.896816647451168
0.9521042750234106 -9.704804711510633
-3.2504210528127278 -0.7506235754237842
14.976457324918542 10.457584515408584
13.686541694620498 -7.389939661902487
-7.305878427072047 -10.938737592113547
0.7139113766532237 10.605750222842968
4.162281954117173 11.113365487792993
-8.751492767499148 -2.969814536527391
-0.32784854267757346 -11.037649483469286
-0.6023191470829588 1.8025707189006752
-5.058963280038178 -13.196677125083415
5.953714624645073 -1.0368771758694333
-13.605255146606083 -14.81515868121146
-7.885375215432955 11.783556722384489
2.4236738361684615 7.019598965542659
6.5483252364875995 -1.1209411948257362
-0.1497637101621745 -3.8070286822658304
-13.169139619419514 3.1780151957289995
1.1315133665168986 9.82293979541388
-1.5611737757103423 7.967402392899242
10.472691584019378 4.543198135015992
5.597773542564429 -12.97864410000441
7.802726393772955 6.77004698451438
-0.9298639229452128 4.8411171180386
2.669742990611656 -4.487979129023801
4.125253774966016 -2.022227880926522
-3.8578226323098637 7.394026327075409
-0.19612281956937316 -2.2935031539281567
-0.984949256313266 -7.655250914285093
4.358554976881745 -2.5606152215559934
-4.908269465626651 6.336739631321226
6.1353194046222725 14.096193044744869
13.143924261653591 -12.15286238165957
10.41890540551345 4.6569540003504555
5.511231126725491 14.151331232848026
10.468153809987054 -6.8596575950547365
14.88132668662411 -12.451522024302239
-12.767991607381779 -6.155750259839497
-0.783622642457793 -9.56447008304078
6.683674822148557 -3.193095304768235
-7.9232097704046005 -12.183265769773612
6.556916310235007 -14.150076821060683
9.079101544918444 -6.581466330259506
1.810767587407259 -1.4781100146580801
3.2938455424075563 14.662679546954458
7.589672999694066 -14.112989946880042
-14.05743474820023 0.7582616631913339
-9.407619148749237 1.3087356335806462
6.414878874103579 -14.321860160790047
-14.648315088702178 2.6874542918408153
-11.742578844698576 -12.403506647157005
2.6212046932870905 5.448315498688892
-13.922193081692946 -9.235988984242242
-12.997991458986304 -6.980318289438124
-8.512261400888137 1.63846217185489
-3.689389132342642 2.7065166225713995
7.545786415239384 -2.098363298586639
8.444521072603823 -3.3483622608474075
8.408635785957156 -12.680259300252157
9.977389705355868 13.69809475419014
-0.9048457750751986 5.756948958068499
-0.9676242819472609 5.8141312336687925
-2.7383195287990674 5.6201167227635445
13.916811266849372 -11.3168140180655
14.912442209352477 12.042080946766063
1.2497167097695936 11.551606764233714
12.229607850042967 -11.596827542557305
9.805345254124905 -13.097891101225601
-0.963772560458267 12.745059051305013
-1.1927577857176566 -13.218280360433539
-12.910333869618539 11.145238057849735
-2.7698161869200906 3.632151163801005
8.982307991801182 -3.9311710650043885
2.8292537971511074 -8.543139995027655
-6.998294176880641 11.174633480230735
6.3290798043769705 -11.738050512722737
2.8703463747835194 -11.456762033283338
-14.398082460287311 10.228261293438383
14.315063705652879 -14.443811444443966
13.75998241035774 -14.997671916039575
-2.6219960127856385 1.9279222882522618
-7.261444020016957 1.7671058818553185
-13.924437489399402 -2.0549954208338104
11.916505374796294 -8.250395768205752
-8.048908327615475 10.785594648124562
0.5919119023760562 9.548399312344749
-8.298480413029566 -14.807493816633775
9.50516837318558 -10.871895487160785
11.198357645365313 12.727466996153886
6.1625169688052885 -1.7383683851195606
-5.044170112544348 -9.355201162120789
8.363509221832864 12.250280901499671
12.423892249285345 11.980602242479382
-6.264531347945422 -14.185232858274679
8.991859994369268 -7.208796587597024
12.337672569084525 -6.271637609443323
-8.55788956597996 -12.471988950429367
-3.996215288563702 -14.261932502164367
-2.3261854080198567 -11.663346855015627
7.57901406712242 3.8240281138055767
-12.378990362685343 -13.955756360150962
14.311322936398437 13.14392738452456
-3.2453698196987943 -8.297330646317917
-7.232848881549188 -2.874733957392876
0.4941715576696488 -0.16911688714655249
11.563312991680117 13.696745147512527
4.6289289254291575 -5.451823198582629
8.812333371725735 -7.617658293267268
-0.6477955215615481 0.6801932556355652
-3.7050054031438613 8.388302242816739
-4.7978143895924035 -8.541819325850245
4.08957983280175 -9.252134664667647
-9.626852142703871 -13.531456804201854
-12.886646719629036 -8.745088442823098
-3.3975007535236497 -7.907517494952242
10.414714091859889 -4.9957216562390325
-3.473720498654325 8.198101399858047
2.1392367180540646 -13.458348842102515
-8.749371071112815 14.407131423220314
-14.185074326739302 -1.5204725781158483
6.460316762611569 -11.913191619729826
-6.231827501688548 3.2897298366042875
9.342565604003674 11.476052318041837
12.097233913807422 11.653433311993673
-3.3461351954079195 2.9042050289639967
4.964168829733488 -10.730870891264004
3.6661111018221924 8.584520576025906
3.618689806543646 9.62217290365728
-13.048839884310985 12.289374930485927
-11.627876305246739 -14.351552343462386
12.08541631925219 -9.818196365346612
11.61040235519368 4.922491006783314
2.8414118657586407 1.4409756564189848
-7.434560829579137 -9.172339591380851
8.99301702492281 -9.066798841680745
-0.7767662362465195 5.698642545901709
6.516672035621042 13.663100317022504
2.3046779182623425 8.322142859687627
8.7680719969289 -13.48267079687682
-3.6438670019826667 -12.10857768387955
5.870169528852305 -3.762688355558838
-5.200186688247561 4.6389596009375325
-1.298801702200553 14.670389096169249
-0.30578816371296824 -14.592391669682968
-2.2372447678178844 13.11501469357139
-4.056891982780078 11.221100852366643
-4.11003845681752 13.5992536507562
7.0843680264123705 12.131120143763994
0.46557253825291234 1.6451843305326577
-3.5295755768548425 3.778752856549467
-11.709564123849532 -6.563744574506213
-14.096141749298992 12.901677342210405
-4.729094409346139 10.318282903888807
1.2959967872176321 1.1044022713834138
11.24930816308197 -5.569738966432148
2.12394813765955 -2.36820733250614
4.619753786182866 -13.998854480367363
14.572511849245966 11.476422138879077
3.851637011239397 11.106298164710505
6.718727635469325 12.018397826224653
12.91171024875824 -11.199086187414691
0.6393664299928723 -10.734049019325772
-11.963279323974069 13.204123580642346
2.8320407019636704 -8.866144593428523
11.915989072415126 -7.88641042965447
8.37583681601355 -7.962331454992695
6.082718243588822 -11.181095522841128
0.8180764257955584 12.622343058128358
6.502558168923631 -9.179029575621428
-13.577682063158242 -12.828163068652032
8.02562065210033 4.495672382494118
1.6678493796332177 7.8635748784805735
-4.16530604810907 11.622153515141978
-0.26122820483013065 -8.110718664599347
5.44858100029807 -3.2487128501878075
-8.33627887869711 1.9288644240835033
-14.734778842883209 10.220175728027595
-5.573140234374609 0.2940841156607874
4.122855531328092 0.24221640270180522
13.03490316281848 -6.734635168410495
-7.102652057849133 -10.061354631894877
13.198352992500308 -10.745148563640699
1.345577600035874 8.890801355204996
-13.18900559433527 14.875509456043169
8.535777618813288 -8.6687006792529
-1.8049292372316064 0.7259424745419096
7.394618824656221 6.916664546557145
-6.0527571586042175 -9.606062087707073
8.697099176502705 7.464459932866317
0.5076735190610844 -4.3275898282421785
10.054297091613925 -2.9772767754622382
-8.421191157360369 14.250010053911687
-0.9898458919210658 10.088009559585412
8.561761847611784 -8.223145874825303
3.677533514926374 7.416293786300784
0.34236959862102445 2.301684367468866
3.640773996420098 1.1822465425259452
10.35524659054744 6.563713543459389
-9.550754150503254 -10.548829198094964
14.175804624565838 -5.570190543232499
-13.150590039940484 -12.285099541275702
9.0704780575267 -2.566174559157922
0.9255726629725469 1.3325886572255676
12.15941714950975 -5.790708208607617
-11.688751224068593 -8.706383227500364
3.1173614318289466 5.6120958349979055
-13.682602197999774 2.4720159057402533
14.507481442902051 -12.69692868800262
-2.7127347647294773 4.157495089871418
-3.0674482708458086 -6.147391213870911
-1.8278927391424329 -2.1774118213911393
10.400781782372476 12.943004701217617
7.380494779073402 -5.344365762564683
-4.825842176500295 -7.556031173647887
5.547156140876357 12.118724583065017
14.706641670193775 -4.118425728992248
-11.385356770814184 12.319591225759456
-3.2475732473039045 13.008675625968014
12.71530834702671 -3.37377668514538
-4.218491248186995 -9.718947785540623
-2.938346407796754 -4.46562425315471
7.33081215249431 -13.954563929164857
0.08535391256967806 -7.861012226521958
-2.380045523250784 -8.577428351264544
-11.50646832739921 -13.250478192028348
6.666614363075226 -1.3729123885202714
3.6560453993924966 9.81998743412796
3.104986213309207 2.611589636598339
-14.541928217744164 -8.280290808137321
1.4788859482634997 -2.9694537992319745
12.391575715610628 -5.233110142150068
-2.755229722162799 1.3503742631762208
8.787952156562852 -8.709872273788536
-12.670175060055259 0.8022668387777578
4.211875696556422 12.985096274021192
13.017206367181306 -11.07171105827862
0.786658773866888 -14.727437526808187
1.9007027455353764 -11.878248924606572
-8.516501524311039 -11.79076263034777
-2.109215536898354 -3.0789909813767817
6.2027784957149805 14.872108281967861
3.7739446243813184 -10.348045778933702
13.072797463930502 12.799629148479852
14.071155685377942 13.493817530224085
0.5472133406577626 9.168302967855954
-13.512585392832992 13.61523488066467
7.272002311032814 -1.9852013808147575
-14.69801785149629 -0.1318547006643822
13.835525699417019 -7.528173137864366
9.2457879809944 13.278140847481172
-11.645120614080483 -6.272218539512268
-5.370356819196324 9.66962655761137
-4.494154566850291 14.341810884006158
5.3807730148533395 -8.819116192506458
-1.709127915571237 -10.151433672964053
-2.957542646382816 6.070265912362888
13.10603487729649 13.016887840818224
14.723468223561568 14.315686822203464
-6.485507605200874 0.4655828081894935
-3.140159046085703 0.4401231887652042
-8.751101952429803 14.310669746700274
10.065573810318632 13.784496915108047
0.7511384516847812 12.121540204768877
-1.1593585644601188 1.1322882572523838
-13.728177917031035 13.87857530837569
-8.548844767924248 1.4251821508090359
3.101124620356508 10.967507812100521
-9.166225380348903 -10.203981605915164
-0.3686476893427315 -7.046482940937527
-2.5533097169027723 -3.2095407904402258
-2.236820460615345 14.847941955877026
1.274944992207601 -10.368499732629765
-13.382885236804668 -6.371472817774411
-11.03805224875924 13.463331355861111
-13.848907955109267 -9.216878023330032
6.026714123966197 -2.288684237583741
-1.3001861249985307 9.075085085383268
2.2175209226065355 0.573440669477602
-6.049439541534555 -8.62367295995303
13.688082055641654 13.877243552369759
-14.23032046191095 -9.052063676576918
13.347279585988751 -5.3053111058966
-4.996769072150602 13.757696126254302
5.201029637692702 -9.521129127251186
-2.0411427570693146 -5.517774186077368
0.03680253172676018 -0.6527014137775371
5.069840812906492 11.831402712056217
12.06150177214423 13.346167377684854
13.209864788119042 -10.247618599498832
-0.24706814976740255 -14.692641551150068
2.161197669935234 9.962840815221007
-3.2591200210345423 -13.85476053205487
13.822188510812055 13.516977205359623
-1.2243664469959725 -13.000625120564896
-9.2018488151996 0.7815002525105967
10.227338356823903 8.792603615792963
-0.21795221857677838 -7.184079348308901
-9.11932237746875 -5.1992219289316335
-0.058343310411103744 -13.238426735037118
10.652447737260697 13.802925080210795
-6.44058874155149 0.5492311177837603
-1.7732149620945759 -0.8733175212408568
-2.8528579031579753 -9.451624018297743
0.7515534925311353 -5.656794050291872
-13.155508959787811 3.3210867834667255
9.23015435726158 -6.280763428437295
4.683556350348084 -9.974988116346026
9.110318700075982 -2.7238436057058877
0.14568527206859017 13.134842729396638
8.506913368618171 -4.546732192834824
14.042589068222718 14.203056635257468
-1.3356239481092231 -5.157737481112207
-14.520716245358303 6.009973024044001
-9.591762864187832 2.4557047761761766
-10.989980739473928 11.715334714339477
12.458254446504931 11.734046232775139
-2.511831652602755 3.2996103359623064
7.431230645318614 -3.8334202223486216
-8.016713589256264 -12.820645895469731
-5.575004679511661 -11.073949602187277
6.1599054601502985 12.238661621722397
3.274966786055682 -3.6264230700920965
-14.905790875160822 -5.310425686520482
7.27179749403664 -9.872204141381518
-6.5978440509147305 10.485179756927849
6.338568222033665 12.19243279175629
-11.608481004377818 -10.906131776854872
5.554054762774992 -10.948248972552841
9.751422972372055 -4.185276766183643
9.095221374707322 -0.9528026592346492
-1.4223406417510596 8.710848071721024
-7.151717151779051 -6.5789772237150235
-1.0337366391831324 -13.147211085501645
-12.292752997103136 12.883795056071953
-13.002483110332422 3.4612931866539185
14.137897298633273 -7.445929801852348
-7.744750807761602 12.925475859201928
8.189386022066 14.911052457606743
-5.284542176743329 -10.88686931784798
-14.709320172762727 7.335840479191063
7.959046958986498 -2.034296675417419
-2.7016657467186214 2.5682362974078288
-3.9586052980118893 -0.6050506895823116
4.155570842650921 -12.788711921048566
-3.280006561346747 -10.417341882608861
10.183113190371987 -9.46431222440778
6.075810486537197 14.024893807141293
-4.68764835453444 10.659142426268033
1.7243604736080584 7.817903368342062
1.3147500853283134 2.314579907245154
-2.008568772464013 -12.082193537136511
12.20201877084386 13.006973530948791
3.1338113571097423 3.3454159793456704
-0.33324760846295653 -6.954184536559346
10.525170467769719 -6.528673713991825
-13.653216056274086 3.6303758935838815
0.7263139772088927 -3.5232304462052433
14.731023634863128 -4.965548244275087
-3.6379622490533503 14.148704912345426
4.276407634608162 1.6274492399026066
7.865017314095589 -9.154920917133882
-11.642512367776186 14.088797963179765
-13.346527735890296 -11.167621981512477
-14.721217872375991 -1.272281656360935
11.632160087015837 4.990901327270062
14.729099827257262 9.930552534607507
-14.414387944728023 12.468266241985432
-5.954969250485668 -10.521145069131121
8.131969144924916 11.60018258306767
6.958944174870336 -14.32894643545262
