2500 2 5
-7.311668061879157 -12.578989806536901
-5.502529854160773 -12.063523325278894
-0.7680334866053737 -13.85096000144821
-5.671353600913294 8.941766339793306
-10.861735895325788 -11.268199048268075
-13.910436856716494 15.266710225798805
3.488252900926195 -9.579581810186673
12.471445495069528 4.518421134008605
-9.215801029094132 14.83424137669341
-11.045695902340205 13.692925443532282
-0.38512792442509314 -13.707041573198499
-4.854732686376757 7.980597452432889
-13.64270937607569 15.292353265173137
4.398992657942358 -11.102247600347582
6.403022636091186 10.327440363503149
-12.852363785270848 13.63865149291173
-6.182099929717877 7.86453725944666
4.127656497799778 11.442691277466075
-8.483786685642244 -13.640307240097428
-9.534474969579792 -8.05381122672242
6.079195756423272 8.721009907607796
4.508737348489828 8.671598051578053
6.026181381109502 8.113803634807224
7.42863978941552 14.998510443894375
-2.082795990415194 6.758005548483345
-8.031208629940371 -10.825930064277088
-10.00391858851967 -10.977701576875837
-12.777926269810106 13.997646052538075
7.4775704888455525 8.964844783922654
-8.974701362377465 -10.099947173277645
-1.645334062953744 -10.667747016682316
-4.16685802239743 7.592228108662178
-10.635013749651346 -11.197295349736704
-7.154521831288248 -11.058823931143094
-5.802199581624261 3.0231660393698156
-6.311736098153959 8.141492056762912
-7.59521459411761 -10.527670327587693
-7.2669279180748365 -9.940368506007452
-2.7779600030681277 -13.210831963007209
-8.732758389847154 -11.678793354193665
-9.235777871146626 -10.065943898321954
-13.233236944101867 15.838041843078381
7.116172217879612 8.246988539423208
-1.870001838613248 -9.78976742646829
6.209768358321398 8.562115331221111
-14.94596985010391 15.854262093366824
-12.33726171346166 14.34398899031309
-5.9318004988416835 5.575816008509533
-11.706409543164082 -15.238842229731581
-9.194531117925917 -11.038479422959027
-8.533345872783029 -9.989553831408951
6.789904820372667 10.065185138429253
-9.5388422179078 -11.522500923118034
-5.498254936997659 4.689227982800475
-14.655207488629106 -5.806591505540279
-11.794602999198066 -12.877539568091244
5.813322747255557 9.964832979944616
-4.425896610284347 -8.694669370756177
-4.892716939210416 -11.62616446322821
-3.912011093054147 6.023081976962948
8.337546596293755 12.067090961116499
4.203259043780547 7.875965219044458
-6.064432806000076 9.972301873567053
-3.292488920236255 10.376514086134286
-8.595233523503238 -8.617945306171274
-12.574548521225635 -13.792652791099245
-12.306113597561552 16.489052946938926
5.753961737161279 7.566058081070809
-3.7618728493037663 -10.042815897727895
6.052413367991819 6.3249239481006185
-3.9607667061921603 -10.668575576868363
-5.247155515408862 -12.000493248605123
-14.819624264769715 15.103731676856007
13.04542033551439 -11.35649657105185
5.157736698394515 11.019887919902233
-14.795801837713597 15.653526741397139
-9.169686390399338 -12.72633232143943
4.136143418393361 10.222731799912063
9.10716718896214 7.923969550406799
-7.176895218938096 -14.744438301717203
-8.770067426049915 -8.634729995198285
-14.283519870890345 13.939618610595963
-6.1414971416314454 9.829128819171316
-8.79375035731412 -13.101678007858037
-14.10515048391134 12.29461474784173
-12.256329403347163 16.212850301171652
-13.919154658191683 14.974015653546855
6.72271202033532 6.726277742687527
-8.085880855942149 5.635944855267114
-9.588866739862922 -13.236407377496908
-3.057219225255141 7.109246451953737
-8.411983812083065 -10.029974335122528
10.144341442884347 -14.628027504857323
-7.150781493656103 -8.81607497095315
-14.572671665547187 7.959579739048252
-4.821680979479782 -10.3643737262035
-3.810956150272264 -9.68978076180623
-13.976335598777139 16.72840190705119
-1.1439879115651976 -6.82284430567268
-17.054548582460225 14.413296872423711
-9.745531610967836 13.496087839616447
6.197914775435349 9.180653797656376
-5.876575878612536 -11.040237376799158
-10.032982035365265 -10.542523671227498
5.244764273351102 13.266688491192127
-15.8096259895682 13.04215263089662
-4.050852094301165 -12.568476281518764
11.431946128964576 -4.647982133473294
5.444905800378956 8.026133536443554
5.8030666089999245 6.697464570027352
-3.9071982727678094 -13.37590018533638
4.027645781728611 8.997952655923624
-9.31533019546626 -12.717094801745098
5.902051271566719 8.820781029861937
4.047971858654807 7.93411749722009
-2.9178481272681926 -9.824723166682952
-9.227502499414786 -10.364983608260637
-3.148588526176026 6.582631129410254
-13.74686538928742 14.368444927343232
-5.88535108055111 7.918619681956587
-13.383028506645056 14.873840133623268
12.035727445645001 -0.6336519364732496
-4.214222916573357 -11.222343508425904
-6.236145715332479 4.34598627128476
-10.250610879601304 -14.191218966693658
-10.11540361556085 -10.45235791684011
-17.033321187241256 13.963086023868915
-9.536985170007043 11.949569422386237
-15.585680669259006 15.444514792696587
5.518448905924524 8.94545248090175
-14.931548312804983 12.929120986441092
-2.906843949042907 -9.591033136954056
-6.54755296429145 -9.487650978114143
12.962716475190216 -1.1421788082943554
-7.8357076824073975 -14.16352495282473
-3.0641931958533846 9.927444299109048
-5.727369135341655 6.600572185667788
-13.060936555435294 15.092506684469008
-9.295633781175578 -10.074237815178591
-4.35154537253344 6.421581987826264
4.938409938084625 10.538992474726916
-9.081253317317 -11.210481704812135
-3.6890625845221714 -10.6634470697702
-7.641217126986901 -9.911056842859946
-5.294417064687536 6.6475570226057945
-7.9431971894301405 -12.50362046094571
-9.149547874947192 -8.538042184036001
-11.397981394503775 -7.802471411450591
-13.328377501181752 17.414804904178233
8.656502069277646 11.855270082400587
-12.3614079839633 16.06419294530068
-2.2612996714877216 5.413483823781096
-2.531491909623905 -9.517302858177873
-2.1196567976978553 13.376152987784423
-4.021992813019186 6.011708964131942
-14.202764561746331 2.3426728275316115
-14.984880327541212 -2.302716290370263
-13.442823230419192 13.425479318841825
7.969054648506673 8.610787175838325
-6.40574583767295 9.049935036462998
12.832071319653828 14.955518931811838
5.713265528960456 -8.719026001473036
-8.767390549497197 -11.432004264526968
6.968525941032398 11.30946338828979
2.814748815273736 9.899873106196097
4.600432332410682 7.503769761642884
-2.4730238361998644 10.140640280677186
-15.848684907020697 14.608994926050338
-8.550308660865857 -13.126187783495762
13.201977471212125 11.828674589673216
-9.781644048106116 -9.77303741622153
-6.644239049837322 5.513332328906903
-3.681229007221833 -10.89119423735671
-4.62509005283785 11.15276173809211
-8.572822032799435 -12.954698984771559
-4.254814926449528 8.01160951713514
-3.057841123906078 -4.694843817923145
-3.467397339760381 7.512304808624404
-1.6936735450618279 -11.718104176394696
-11.111784161373226 -12.909774562904186
-7.034706553143764 4.7686541696339795
-2.610969637963242 -11.264395883534565
-13.649869202989708 17.235987140149156
-7.1533106138156555 -12.006862313245731
-6.057114709835125 -12.063955617726437
-4.600386576276023 6.603553173652662
-13.739313279925987 -12.705822974872092
8.955178518470252 -7.9743936339745005
-2.540779316690853 -9.525335686383434
4.613121582800743 9.089740701810578
-7.355108819784453 -10.452513961956175
-15.561705301151422 13.20706168699496
-5.176724722395333 8.216831127094615
-2.376819944349323 -9.883777502494913
-11.216131913585686 -14.10669807257699
-3.4613889828193916 -11.991072974662423
-7.798054382648921 -11.189956930834187
-12.426222903645598 -14.246682320277133
-9.92163492464353 -12.98387333352788
-1.3285883445472049 3.0371232597423514
-5.0865450138568145 6.998270850308344
-14.29263407435013 12.772178485722769
-9.201301410154706 -12.373334833471215
-12.599382864205287 15.53235610726446
5.962390889912746 9.253926197297348
-3.830504137790362 10.264137075300217
-5.854082409214967 10.074605665293173
-4.1307462981198695 -9.916996609518632
-12.34908855429173 15.499615593452718
-6.928555838844282 -9.508419279275813
-4.96098834524435 7.165951699388977
-8.442145618414383 -12.955639662665181
5.977661863510458 10.08401691703274
-13.081386034793429 15.010767322905053
-10.885568896922797 -11.280192711461886
-12.504344275761863 -9.370869310138904
-12.863817705079654 15.438620051059361
-12.35031148970382 13.24259462559442
-4.696869024705244 -10.914926180566733
-4.0145710521701075 4.346268972039562
4.465056458191626 10.318936509504908
4.86235767659886 11.378664740760014
4.7816444968514595 -5.254448049757173
-9.183462692030984 -10.200451555713789
7.588776202994228 11.907071989431321
-14.00959344166965 6.481423026918318
-6.582322936396877 7.565623848610564
9.699872827995929 0.9178373694116964
-14.459940883491536 15.360965554697067
-2.6170972415204257 5.943995019615092
-4.722861084860103 -8.880584874766072
-11.835622240382758 7.659115254281975
-14.053163068487388 10.927038949853678
-1.5580785776109587 -12.11916972485409
-6.349215215617415 -13.763787760489658
-11.552166905159922 14.939668066421646
-8.40607206634423 -11.822106015326693
-11.991714369471874 16.525960237091777
-6.43663466274236 6.8269734568728815
-4.132132446244161 9.930564605611892
-8.437342526523839 -12.131469510278052
0.33498208692734543 -12.417621599705573
4.250305405852384 -8.65402476865153
-4.627117054324767 7.9519896331236835
-6.398272616585173 -12.312114856480783
-9.508039812903325 -9.68431612902676
-1.6951070653561469 -11.646321111249954
-11.778425639496822 15.75780030206128
-10.420113227292681 16.572432454092198
-14.683269347591475 14.460282251224351
-10.658190524027344 -13.180465711589838
-11.736284827719507 17.396630997121058
-12.226511292234663 13.585473670657752
-5.630873113906643 8.153835645765346
0.8931439791506701 -1.3139031825085947
-6.86155253811667 -14.279078446083172
-4.611589957611976 10.243498373753871
3.655760829153633 9.600329545065819
-4.279727831425862 -12.505274184011824
5.448665718266121 9.258525199555496
8.098996514833694 4.142049210025107
11.780890339039082 4.470889511831178
-1.6837623732743285 -14.640649878855873
-1.9938769787123354 8.005837942806522
-14.29658573924526 11.246007190969026
-7.104569543650074 6.743376624486764
-7.5449897118837725 -13.830545374463645
6.260414971416926 7.177722691695025
-9.355559294631213 -10.289969302995985
-5.344680808629532 -9.84437852718142
6.535216079514964 2.250433216824007
-7.148822765362475 6.321977879906966
11.821881495334708 -14.61314871161254
-14.006663483726754 12.871417549337991
-8.074627939950402 -13.882470294688874
6.342534400570575 1.598512599286643
-1.3900878996730612 -9.358778035654073
-3.3926691069309483 -8.25462369612753
8.033843571053918 9.619839743107143
4.72893571654325 8.261839892065272
4.108030500428987 8.154318367679473
-6.842527112633224 8.002610516269506
-5.778758964785863 8.07953508623213
6.723792170723491 8.518730248511277
-1.374415611831109 -10.872469836618857
-0.956861289681467 -10.840695474097688
-8.574822722089033 -12.58056946099034
-14.739629638316229 14.60188794499927
-3.00015335580887 2.8041986587073664
-10.526255514955945 -11.749950446299808
-12.990633486891733 15.76220153891991
12.455281657772979 2.2322322890466637
-5.0318741298289655 -8.877146405872752
-8.783302067582587 -10.687714501922875
-6.090483981705048 6.491357068971678
4.0046182298806094 5.31801962986804
5.5422668838280575 10.711749277754835
1.4864430056485105 4.35310158385829
5.373027404817608 8.85296547151806
-3.9420191219502163 -10.320307902644121
-4.927599447916846 7.342944038348622
-11.189068932098374 -9.50794125387516
-2.2989150949506385 13.814130001403825
-1.3246962024027966 -8.260652950313592
-7.446527391716884 -11.359451543618627
-9.774211544790218 -9.869714450242839
-1.8245444675558333 -10.380937667446341
-5.347281747868193 7.1211447575783104
3.805683821855886 9.565131463019327
-9.503298776395154 -12.243533059428563
-11.991442713966347 12.473531068627322
5.283360302580358 12.047388384890082
8.299935986333985 14.842104908520763
-3.5754481141684495 -9.88815309962589
-5.258124379356186 8.618808541578364
-1.6988658363464886 -8.970386204006326
-9.534701610971135 -9.956447515082939
-3.855598633698154 6.136633648134136
-4.102652563956941 -12.298412267433825
13.77765534830947 -3.7489906660155743
-8.717867031426637 -11.045923373325817
-7.89117573360827 -10.72616200311778
-8.102611495356216 -11.241271756835296
-14.251353284970566 15.147531586861499
-9.772918307392322 -10.443735197999239
-9.111171809232173 -10.193510000788912
-2.6022564615586337 -9.540956646528077
5.219907640571106 9.33185209043226
-13.016397505657336 15.253838086318366
6.615179481351646 5.8991865199449425
-9.44139414906276 -11.365642931383736
-6.910657012285787 6.391294863787751
-7.197712842920145 4.090298008147556
4.8878023384122 11.822269181447503
6.270063017037499 8.654296302913915
-13.57617850881091 13.277869690646614
-13.606471057679448 14.458578340328572
-15.71340439056224 14.076977475504378
4.267615696795085 7.310779911894603
-8.971605425385022 -12.814511635099546
8.600438775302575 -5.243624137385686
10.636836093974367 10.117499040298824
3.341314415788247 7.299075236948322
-11.881292908879674 14.192345907788436
-12.282559057598604 15.357563207374712
-7.865315366105216 -10.843352557556646
-5.448512605372974 7.496722238829814
-6.553984749810372 5.189511101236072
8.401381628266591 6.29185169530534
-12.370850215372105 12.76494752186518
-10.083234533113906 -13.217312669376035
-15.405286089622205 13.869565741548836
10.348879832195731 -0.0032441729700067867
-7.269025607820682 -11.324920578770495
3.8262196378715316 1.1136378440825077
3.570715657767294 7.685288805186815
4.541493723002247 6.331877396056784
-14.235272721716132 14.414805263040455
-5.511527341650812 3.2529889733355795
-3.561210023804694 -9.010060956056876
2.0405050420797854 9.06528726859079
-4.764843914934572 8.825869789451982
4.668923857717971 -1.8269866927628406
-2.941197109871205 -11.1720301181487
-7.409119664764514 -5.747635419519268
5.234343737977175 10.53593603602992
-2.4950484428358664 7.715432480231171
-2.9561970764462173 -10.339589796409912
-7.139034628859059 -10.351730831270682
-1.8260210780457573 1.610388746672207
-7.023042895038452 -13.30513814882954
1.1728696129538143 5.478964247423026
6.373330788494343 9.567300603153928
-15.267514878219474 17.86820490183341
-2.876402562615043 -4.648163942388882
-7.493645676832962 -10.92111691483501
-5.624241640258063 -2.076200423200593
-1.3359404782482431 -10.287630378082715
0.20200625482469903 -10.208767551909766
-9.032104956091347 -12.817255165536594
-12.87260133298803 16.171671948171443
7.002546274158249 6.948782234160239
5.374278249611593 6.852534378488036
-14.161943017596817 13.251130122970743
-12.931828782959027 15.936893002877365
7.172834969169483 10.073365306184293
-1.9235702061652935 -10.25801781283597
-4.359897870355962 -8.52652150454007
-7.02530557816938 -0.766991206552305
-1.449354584853826 -10.243259141573443
-7.07086652363267 -12.15361798907378
0.2840706005418241 -7.052178916232725
-9.132274873389704 -12.115668627850976
-11.557612529301164 -13.852505508616288
2.702022847955792 -11.492130105097011
-14.641314043826133 14.921745678562063
-0.8423736652206388 -10.43310619190635
-9.306519149125311 -14.08868957769685
-1.9501993395391963 -6.0570424897726465
-10.888028472291698 16.119583533205105
-6.871525553003847 5.3162123868631195
-12.935521378449613 13.222436452707703
-8.69010604674171 -10.908421893016348
-11.307123856293806 13.604551789961992
-8.252223043373307 -11.802760094567029
-4.115722334391293 5.30740955778812
-10.494305376549395 -3.036753355837318
5.522048174249546 7.362836890375602
-2.444474113208237 1.640256546085439
-7.434353289820692 7.2902670716210585
-1.4629615329204502 -9.73836000516564
-5.010136232291428 7.087369511647362
-5.055955390746719 11.202161013991562
-8.505428846630688 -13.599562561335542
-6.093745103685922 3.799437383946408
12.390856061607039 1.848656010700644
4.887527041398304 -14.048150477517408
-8.91754748655019 -11.793482643383271
-3.5268727372797306 -11.282800629484482
4.630164874131587 4.6706946095155395
-9.644635720137432 -13.224743989162288
-0.389063945197325 4.507548570159752
-2.1673888796101823 -14.024082182012078
-2.7722183603120123 -8.882315943528337
-9.414440441352724 -9.63861726173781
-14.994879326120463 13.277351511414436
-1.2570190695026326 -7.528502092580039
-3.485059980920928 7.245621051128099
-11.658924211062175 -11.585254565257879
-5.529620184075861 8.90043971935896
14.904400121396083 -0.3947963108383288
-1.4543733805395096 5.374308559498395
-12.932521316782688 16.911996269279683
10.645335297136281 14.277385554519348
-15.752384010054229 14.763291652564709
-0.030662864726442862 -12.851803533577712
6.341920701555864 -7.331049161271003
0.8258505468725712 -11.359543086266203
-9.802861165180651 -12.597388257778274
-8.256559248757682 10.160087168949035
-7.283239948509844 -12.464963538281907
-10.674397727284799 -12.560306137996072
-2.8387061761953105 -12.06966273034321
-2.906340321990724 -9.824221518529049
-3.027321951369858 -12.517184039724249
-11.532466922700664 -9.800955884038938
-13.68566095006572 14.355887652553312
6.40180335315597 9.72425352454062
5.8815342996248665 9.077154298017822
-3.174066532134307 -8.59529174055157
-6.336077219659185 -4.303097900521319
-6.390137955441023 6.32931509557733
-10.185773958474545 -10.87851842965706
-5.213842212879054 -10.652998125151873
5.640515236294733 9.671629761466509
-8.712552521208464 -10.547799719174538
4.23212482014338 7.975205080093733
-11.899842474460941 15.546939878564292
9.842180844965817 -12.556574283438334
6.995158820567836 7.997164939312475
3.9045352701976985 8.622617508634432
-13.064313432901496 14.102927572300771
5.258258610813866 9.247519591487514
-1.8386244562798346 -9.30817447827104
-3.0845853331266175 -10.462167167899784
7.578248487601197 6.913349974047332
-1.7417675305952809 -12.686826664663121
-9.827550118746947 -10.21544432009385
-3.3679399614511727 5.703279580860532
3.9818328469166993 -11.637769723341918
-4.310135866103798 -11.79591348852766
5.804070498029789 8.342028534186511
5.390232293950374 8.609064598144581
-8.427057116547394 -13.06994438948177
12.928564065116628 -14.545053187976896
-15.012500331379142 14.133258577598578
-3.2862635346770728 -9.973617336771925
4.753681393280121 7.780564758423415
-7.9794166695476285 9.708659729095217
-5.5895640262584845 -10.20870925189547
9.604108976410199 -9.088325340227684
1.2865096431672214 13.984839918015155
6.229189344138939 6.884450534325077
7.305990416138286 0.023126665058306628
-1.5189509516848734 -13.741650704215349
-6.317814227985142 3.0060130004507712
-5.256243532189265 7.833040969063857
-13.641210443266525 13.552786887847503
6.198737533078015 8.586959012166785
-13.30262909918705 14.930165545208277
-5.372172049076224 6.022725955216301
-5.171679921324287 5.19231980904722
4.409245690800086 8.450725465008727
-8.725537854133247 -10.921746770391406
-12.891911242260338 14.413553651749304
5.695424488594817 7.743793768848845
-12.035466072337654 15.153573514023785
7.036456006308793 11.247807878420671
-9.465525627536415 -10.587345372273454
-9.628247624685029 -12.427344471738836
-10.888145141567396 15.920385961751418
6.365062594508863 8.16965131934203
-15.218682405720669 14.349005987847857
-9.160916035341696 -10.021251417275947
-1.5352520162330858 9.25490596255219
-14.443178014028469 -13.240557182482263
6.040197005545435 10.264767526480993
0.7539488901395863 -6.456793831292986
-3.414339146568361 -15.219062014342695
-2.1240595200131334 -8.9462553766623
-5.6706778691812625 7.543675548541209
-1.2382251122922079 -11.802044124665954
-7.359770903298472 -10.94920483504811
-1.0655164389514644 -11.590046612799307
13.92739910385517 9.776264906668178
-6.090954106380674 8.667490158329464
-7.65414456491769 6.765902678207469
7.850706039014193 8.348986318778097
-3.1032625990299483 9.178920782534473
-5.910007738060358 6.633178921006447
-12.575709520709614 14.098407648212234
7.8463291239101345 9.184508440741464
9.812877811093948 2.4690573694499776
-11.925455526280842 14.252163730338495
-7.089301470358569 -11.439042995215583
8.865152144628766 -7.035183084461735
4.472726289562824 9.606418907447603
-13.903089122450744 6.935198466786357
-8.378169307086173 -11.34898476244622
-3.766795037215285 -12.860290613703405
-4.8576658941309825 6.05261892779742
-11.346162474472408 16.9448785173974
-8.45690592961902 -10.588630300278954
-1.9179145100396653 -1.3657393954991832
12.307339516845627 -3.617726478883439
-4.485693836877542 5.31256983668147
-1.4978889195314666 -12.104092638099841
-4.259572598787479 -10.906878352699522
-1.1522941229606896 -13.489879878641805
6.42405636210958 9.415370961927929
1.5383626938821813 4.973112184410002
2.5634903305376078 6.481891513088492
-13.956922447191673 3.5231876699035354
-15.713590357505888 16.436355222782105
3.452507772122301 5.924211994820058
6.437767118465088 8.126806534969468
-5.15091479029684 9.584149318286098
4.281796588227974 8.405545842946113
-6.58745305505998 8.77144842573584
-17.637471952972795 13.41910049738519
-15.066104018620162 13.230188258468294
6.620428279825944 7.205626557044073
-9.173304729297998 -12.258514832955344
5.98888528820769 10.204574212122798
-4.78942108665244 5.744097662314538
8.237250486812101 8.950194807770778
-10.24238545043595 -12.184661613737726
-3.5423270414670665 6.306435187426607
-3.8984798435458248 -7.3796319404689585
4.663161395193317 10.544503916337584
-9.572139523613266 -12.472949374728168
-2.7930851179972374 -9.176081976169101
7.015210354399315 14.859711382300247
8.59690812428028 9.130726789582479
5.452705012320829 10.429649350560556
-3.9320048292093763 -10.644079745145165
-1.2777401519489757 -12.028828101772598
4.576256820613665 -13.129801886265266
4.759254061259372 8.947003822266264
2.9011660623183815 -4.058678095353823
-2.178293985125086 -12.548039297507597
13.15153265770072 -2.961674263800184
-4.494711012906967 -10.553394162128445
-8.280377730411857 -13.16924553888902
6.4912284828140105 11.914774033111076
-1.3708225179649975 0.5706517645611413
9.981318571746485 -14.051085780721404
-4.5423935151258945 6.921286868542549
-4.501140361184051 7.770133626949851
-7.4282715220853195 -10.083348229011797
5.908086538968995 7.006252658542732
-9.253158915079005 -12.12000476133388
6.258267495744437 9.677473993955159
-4.335692061620594 6.311397136538748
7.432847334668798 9.984534929080374
4.40030498548887 7.225189895887228
-13.759538521254026 14.258598263891674
-9.14950644783536 -10.92407147945914
-3.1810931781735747 -8.878140174748784
-13.977039453694623 13.07109360178243
-4.117533709280977 5.591156311286056
-11.034812419857701 13.681284011251304
-14.484154656739552 -3.2805003383440283
-5.476908796621859 7.912750917548001
-2.065065958797902 6.607315860253371
5.844372427469515 9.157450878763832
3.789920529095871 10.256869801733057
-10.086776004995262 -14.278017008779667
-9.47509345800864 -12.80973120169942
-4.493621361713917 4.687295082971421
7.981331558903993 9.028853774974126
-4.74030637475636 -9.617428483874184
-0.976996180214817 -13.591135284827976
-9.163632429596754 -10.386212405041984
-7.1055573806174905 8.633405783986321
-5.726679365558449 6.849666840124919
-7.309615004999107 9.449412512680418
-6.290611250544639 6.473631138404663
-0.30198428033028124 -11.979338323693543
5.882002960843152 9.329251993815285
5.087768832663702 10.793759267485784
-5.656361100385759 -0.7422224155252088
-7.783080393061064 -1.323747585082696
-4.526594170790513 -9.893924887729554
5.181228694167784 9.92279216558597
-6.959315625467025 6.424662433807494
5.039156534126688 10.646712574223065
-3.0154540548603377 -9.56160157056323
6.67318414504301 8.85972841575558
-5.146089428099174 -13.06467150550107
-10.352791869407337 -12.730255266135217
-3.1955333281843 -11.028346631518142
8.032154455545346 8.470656227245547
4.658282528821861 9.903663146184682
2.059575291171095 9.231407441416687
-12.889164744707928 -14.141613452618238
-5.628485344567814 9.747433493869977
-13.619555896607823 15.375085606600795
5.276786272537664 9.239384787973757
-4.5060483313947035 -7.38275747659958
9.021365195859126 14.501434980223628
-13.34392352845024 14.050021246233907
-6.67152107730925 -10.564267530751728
-15.13010699102825 16.887996647337165
-6.702525766259337 -8.498735816093788
-5.199282451010186 5.8605760099251825
-11.213618577850124 -4.734498467380147
-5.659842039812925 7.753222761640001
-7.535024201784387 9.414045920695425
-12.23917922827903 16.980069826921394
-8.55147232480677 -6.40280366801246
-1.9534009421519563 -10.667013037009358
5.445669459715114 10.316956326720893
9.67817628105869 12.52553948373044
-10.160994881929243 -12.23629476892517
-0.49922364177102807 13.866887252019488
5.863730838695793 8.289883395783196
-4.199471277336568 7.238346158139238
-2.702928139918708 -8.5903529836648
-11.177253746922625 -10.3227576002028
-5.883058642790932 -12.029889125582843
-8.961693694960555 -5.993845659521062
14.976643454536408 -10.755583347544238
-13.645030134635235 14.01302165066545
-7.178628266823818 -12.968272695461419
-6.592594449895137 8.351410035370586
-2.2769053857665167 6.138332522781578
-3.018523730991305 -12.573576064609114
-8.090580041335365 -13.107724486872664
-11.606448299683683 -11.395384892719125
-14.662551142394861 13.069307443380666
-12.90699707535958 14.337237172955847
-7.44606733614422 8.968235818503672
-4.283813151543498 -13.506406845046428
-1.0667963382399965 -9.935633552285992
-1.3229523359512065 -10.363169843044485
-5.974575073824087 7.5906314811478275
-7.123409415948016 -9.37205613480791
4.384932726669575 10.396932679068692
-13.232097931484661 12.819887718454217
-5.66173564908642 -11.691970903503467
-9.340600842023193 -11.66309207864007
-1.595016972208631 -10.537780975218949
-13.174663287740215 13.365634037805592
-6.1720093201901225 10.993589164944495
-1.2242688191372033 -14.012330661556202
-9.950813910412986 -6.544452964597779
-11.055007281529175 -11.399962148244047
-5.999251379173274 9.167709683412863
4.104675370106324 8.295580090454964
4.62287612550574 8.227678697412461
14.169376496616934 -5.922684497084758
4.0443592806963515 11.474140753561453
-8.606413578673035 -10.596173138634386
-8.030263817393312 -13.980300496588889
-13.119437238050201 17.211933552081167
-6.256972679484323 6.208192288932052
-14.34446031572268 12.899954241771225
5.747701744220612 9.915694117565018
-2.374979136502312 -11.380089084766546
3.053315472950903 8.44149463345118
-7.50327575941793 -11.128443885347924
-11.856679822890202 6.505968943121957
-8.665004308744066 -12.19277591361962
-5.521955032404925 6.400036085842372
-2.792409713425806 -10.782113358211307
-4.626435969581891 -12.167577458782535
11.575143364306719 -9.317403044600324
-6.011311296689181 10.073540192270118
7.148393013453026 8.106722638558418
-3.826659411106056 7.206558985397239
-7.012642319161627 6.497868912822379
-11.704400512954635 12.260357450412258
-3.8463539302011287 -9.150052646084106
-12.852630152824062 14.493755451392047
-7.830149493794638 -10.740318927094865
5.251101109584859 7.8552256865988115
4.899866939662754 6.613598359872756
-9.628867230701529 -11.413883535999107
3.24536365639241 -4.225945281834441
4.224094713188194 1.9756325124976541
-2.1749241255858394 13.463867079193065
-12.164799131139041 12.589697003375239
-6.818177312956216 -10.187489699971822
-11.166330777592812 -2.562625280808561
-0.9069732584825108 -12.538748960614916
7.797058211665152 7.677521642940434
-0.5207495002096945 2.980422859103097
-9.488143226330898 -10.970420470020157
3.7699343429095182 8.11794876740898
-2.7749998899904833 -9.204854221326265
6.128611956770787 10.645185790479227
-13.641472862851508 13.72793102331806
0.8511158367705711 -12.818818787055815
12.01723408915457 11.481902731654536
-13.538104524967007 16.02188546551792
-4.195934737239757 -11.574365712197034
7.594582579884946 -0.968347911067708
9.800858056991935 -6.36322901571169
8.865700794987543 -11.709440654986595
13.288990748535639 9.044962200246818
6.032891344159 7.169607062386005
-14.189068135705774 14.662975545538568
-9.817101339750032 -11.160571202387864
-4.757718223565041 1.4067511946899316
-3.625224290141145 -11.976154659753456
-13.54789219657983 16.642413269514662
-8.574140268756619 -11.617784116747702
-4.34969179461533 -11.372600467760172
-6.845075355219236 -9.948988368959279
-1.5386697405419487 9.34738619130804
-6.183781302347885 -14.283973422536086
1.1234808958267166 7.522272684310316
4.292710138078908 6.898441820797084
-8.012275445843155 -13.076833920638853
-4.846106189542971 5.6303141909246825
-14.451782581659522 14.172359758106426
-2.9298464419955286 -9.666245663770768
-4.910237642575655 -12.073775178785597
-13.826756524117144 -14.975232138786883
-5.365966715294895 7.059159730486215
6.9018909747623605 10.523458821786427
-8.86310591095899 -8.503365390562942
-7.5630578930702335 -10.072357144541929
-8.90000225323239 -11.042468663271599
-4.38083570761205 10.715163813052953
-11.696305005445005 -7.752296622797297
-11.681068280169152 15.90211765740429
6.168975435567946 9.982006807170798
-6.572310591358156 -12.558439040535399
-3.2847508924394444 -11.783299516515683
-5.130101311550373 -11.175409541054158
-3.526937999005175 -11.512879794148198
-14.811888049228195 15.124176425204865
-1.2605604451060262 -11.153090738931324
1.7359004662061857 1.834881879419786
-12.923562538714007 13.785907567257453
-7.5330638844100815 -8.221034513115615
6.650691595903627 14.20233228976933
-1.9295164403989058 -12.566794299722226
-5.299563725196203 8.109725551240594
-14.452240692837245 -9.805526289426119
-1.0894144608899743 -13.425112794724003
-2.2116971472149434 -4.059337983319137
3.5553759557184317 10.762487602181936
2.3530493368448226 6.505062295821146
6.933109223669787 5.826048630883064
-8.878535503468282 -13.562349472691857
-2.1776221337865325 -13.753359036451984
-9.721001912709392 -10.795269588274689
-13.020894308621761 15.401255335467193
-10.073222036515915 -9.472584510430162
4.6947957532404105 6.126764073005444
-5.015721519491857 9.2736274413455
-2.515653868222313 -14.354063826052979
-13.960866941928233 14.45105531617587
-0.20471792136896738 0.6929207349459361
-12.33971203953437 14.538379323331133
-0.29102555607577685 6.107086791450449
4.919531364967236 8.542579267141166
-10.923347233554848 -10.12537876586803
-2.3662274740561156 -10.9152602240367
-11.011706833128768 15.409652841280398
7.705786678185565 12.428954780936404
6.090146254154906 6.695638197431968
-5.631820183583391 -12.288694031865614
-10.633623594491425 13.703132327235073
-9.843507295860922 -13.903643497806172
-13.648618403897025 8.99866181638793
-13.241660093873367 13.989778437521402
-1.7721016950808939 8.320290427417664
-3.1310819455658763 -8.964326706483046
-2.7098210439169366 -9.62077118697278
-13.560342564477331 14.619379015753124
0.6450377593955654 0.16860170735242086
-2.9167617437886557 -11.873389535481234
-2.1201402749060945 -12.087167699545343
0.5938858412940231 -12.292255477555052
-4.509143196476347 9.280559611343808
-5.238612385363908 6.935224762125108
-13.839213094204739 16.73189528588791
-8.57564379992684 -14.08396911362787
-3.551414094659507 7.41182253422367
-5.482381942361225 -12.961505477772189
-8.216835419247701 9.66515012210624
-2.833079239371703 -12.527293718455049
3.608352463749327 -12.575326766440833
8.537484374695094 9.72255322380373
-11.454091937493379 13.765225426554863
8.877338941590445 13.858618846825355
-2.6523222256953805 -1.8481949353404694
-11.107623742159713 -10.257107580062598
-2.5063964834773262 5.962792692607529
-4.4970735220260405 7.784793912430282
-3.5600690308572025 -9.922013618499724
-13.211689166674471 13.391211851621549
-3.68001310131178 -12.971358013890926
-15.873203811867391 16.41034233405869
-14.00913449846028 14.567729028223322
-14.018403507457142 12.759193932584713
-3.8254937410001717 -11.619658867406674
-10.580346022011984 -9.510325321064183
4.817512815000153 9.838020587668398
-13.20117398121246 14.308664539106637
-11.526377093839475 13.253914533081538
-4.173962154180635 -10.901872800155536
-3.5344868818048494 -10.471706084405731
8.898122591184812 -13.468927523169311
4.058729213850603 8.535424244827032
-3.083366747929259 9.323821877618347
-3.589827628348431 7.87552283262373
-10.285061841212347 -10.465313951091417
-7.718119938596226 -11.442866656764448
3.8072877293878733 14.7376364248559
-6.176893073918004 8.604100848025588
-4.398536490299344 -11.633146241861303
-5.450841227196581 -12.570096101792453
4.73250064125523 8.411684667172365
4.445323496852907 -1.8015586881467733
-4.18679801274908 10.016469156766204
-4.974455291541666 -10.79079282961455
8.43507973098443 2.6578213221548985
-5.419304136108167 -9.73241223958134
-7.538313526384989 -13.77767483935698
5.4532280518096465 6.4415817274122205
9.130453981879619 4.878593935404687
-11.079755547964947 11.522704505739142
-1.987227008281611 -11.700712510192014
13.783715793964799 7.848473233936879
-3.7775127315052455 -11.286933866152745
-3.030363310079479 6.751516518435708
-10.049296715558402 -11.695162790973
-12.524388415835823 14.020121821311955
-11.852582340476939 14.980140316924192
-5.48337427381494 -11.611257124075147
-10.111462212928698 -12.452083234265304
-8.7666492824846 -13.791001184690028
-7.608680343895039 6.623621258444627
-6.137955791242431 9.28779018096913
3.526981463061091 9.939231566976273
5.975830323895176 8.783518543777838
-14.083822168509872 14.86715888680973
-4.388743019863329 -12.260308157785174
-3.19353960255708 -10.899376357468773
5.564184548753421 9.642383170549367
-3.8596308522807146 5.4166524899160535
3.8443270872558664 7.404587459376369
5.112640691715565 9.071204946361432
-0.7179286938148488 -11.675377542494308
5.7330565074672215 10.544637616208256
3.9821207614533116 11.224462807064729
-9.089736114175347 4.297649051185376
-6.467570499619203 -7.452143002486201
-12.705970314339144 13.664679404446792
13.018707348447876 -7.075151935643513
-2.0010989886614183 -10.467817752489553
4.0776807044261005 6.347389051135215
-5.371626091851774 6.593504859973908
-14.645399491476043 16.12847117033856
-6.7620130774675875 10.63182119946513
-1.3194397376424134 -11.500261148144867
4.574310699433143 9.143008191224967
-13.12125538934016 13.872128621225242
-14.983272281964876 12.136297663263282
-7.196962190902049 -11.620935072579124
4.79339717816475 11.307659512840997
8.521081015842615 -5.3169142840619195
5.065511211200011 -9.611325329318186
-5.75609956814575 -12.176798958536112
-9.646673008462853 -12.070959387165676
-5.276672779246871 0.13554625622487926
1.7661643255465336 5.374048557990118
6.177058118225137 -9.671541081923307
5.0683522074943905 8.748964266559224
-1.7978009562699808 -9.248107218980827
2.8770528386748686 6.463547176837215
1.5081632793513213 -11.897657968834736
-5.524772663559146 5.140730794295055
-5.617214147743745 8.412809441601349
-6.881786169601023 -9.094151903607411
-5.4939599149911365 6.954928810701791
-8.696767589628669 -11.364853617240716
-10.939044653377069 13.930716712870096
3.9206142725048974 7.832809885297565
6.033050657063664 10.28593735593266
-13.612643093126698 -9.14425039912899
-10.643914671429373 -12.927133594108309
-9.27092591227431 -12.136826475290478
-12.035179849146079 13.917574231645718
-13.003483761673223 -13.05099056547623
-13.885754538364944 13.531693088444678
-13.238340471558296 13.030907301283467
-11.410285075011478 16.131118614599227
-14.551653284067218 13.449503171196252
4.386632788245026 6.919802927585364
-11.866582526402386 15.394617369188907
-9.415978098936947 13.614083613876623
-5.487128554630117 5.687577601080665
-3.8341763164544096 -11.386797385912548
4.547794420712692 12.241841051705102
3.8957102452153762 -8.825577875143019
-5.952581976978082 5.792061475102519
-7.1719876374304015 -10.605581711318008
-11.240467269925244 17.092544218086527
6.742818029369308 9.50705208368367
-1.302261252954915 -11.141864130115673
10.727979288933838 -9.733034561805294
-1.750513479010192 -11.395535772302157
-14.690428457888991 13.11145220174575
-16.466135225256032 14.21964206596889
-15.473221511420352 13.688237827515026
-14.96935205295335 13.482421994425223
4.881482669930828 9.002266679562455
-6.050526735087558 -11.821034737804226
-6.224658095965053 10.950354589017621
-10.614639243247145 16.307140327468822
-4.24531033012521 9.678323369023571
-7.261713024086344 -1.682498178266254
-9.9140120273014 -3.5128431182068525
-3.3164253590763213 5.039726933866804
6.106274513721403 10.605311250786519
6.930005704717356 14.400137597840217
-7.551569616313457 -10.85579720479834
-12.617509259663558 15.33496166583837
6.384905506096389 11.582596859633677
-15.293917841955018 14.77365801510489
2.9026159876748694 8.113181651433333
-14.280873889381416 13.12974294439956
4.575411819275228 1.7030306427692636
-9.638472323047456 13.652970285536895
-14.616020359440679 13.326444055860934
-13.077816282414837 14.170004879202697
-2.5802026435784082 -9.243311165811651
6.6663823210146536 9.663057306570026
-2.458413241666143 -8.672483200380183
-4.640724917563707 6.5314385384955855
7.673845432329445 8.04918171038812
-4.677199983347305 -10.839919784834034
-15.583543629722868 17.194876684959368
8.229218676662423 9.51496613023
-8.620508506068152 -14.008818969046418
-13.125358450346855 14.104677203602899
5.080490576921323 8.262985866986988
-14.344000550393543 10.04317121173095
-10.146361593070772 -10.949594435386985
7.632387693964809 3.3823059073082042
11.033245485595604 13.209669632536333
-1.8687002990964423 10.405930016846934
-11.739997942040805 3.5982903826354935
-4.125152635313784 10.527237839553397
5.325767374115922 10.317255841826654
-4.455686426272505 7.088204660590615
6.169458050399057 9.549893126877228
-13.192022046828285 14.659642076701644
-5.204754130504622 -11.29689137235534
-3.2913448923194095 9.26021264065718
-5.2475818208278975 8.267395459691365
-10.72180712902231 13.045335087628565
-3.0514282072404963 -6.269192832315957
-3.078879216305098 -13.988224084842791
-4.558225164426679 -10.644216955804817
-4.278143873925821 9.079151554652487
-2.8349447083896817 8.004616288688606
-9.697971224762014 -11.892889178875073
-5.762791704099406 -13.579081056431441
-3.053713356121814 4.325897607678246
-2.6733123751775647 5.520289386552204
-10.194404947916746 -11.243576216605174
-7.897402623088476 -12.274918340006984
-4.111409957926898 -10.922094594742326
-4.630689942789719 -12.427268491622353
-8.461988475576986 -11.8784254079613
-14.46328855770738 13.948062902593254
6.492258676621944 9.027075616315447
-4.32249796638503 -14.078625088804179
-11.499256663064351 14.643513861632382
-4.068478701434736 -12.909677665377508
13.666713089853033 -4.842735049288576
-1.7584928652546368 -9.880005712506156
-1.1900286884156837 -13.052560008455353
-5.012233373008856 0.4606870453178331
-15.171217465765913 13.80561111703844
2.6853282689199736 9.22716671822638
9.591236955816314 2.0717535268770746
5.481748930145538 8.569336886607264
11.176953305114601 14.658623627595809
-7.609027763991181 9.36955898061505
5.272664765100565 -1.63404772572696
-5.3543513873716515 8.234718724823434
-0.8353360047581604 -10.11848503708304
-13.39187501615721 15.967195862416805
-10.196922606488446 -8.458320612219454
-6.056208207711342 -12.451441809267447
-1.3343526507699988 7.052147366008128
-4.419804681420487 6.734819264203945
-13.526445768788184 15.8168869786802
-14.037783438902716 15.643757621802582
-2.736449411012036 -11.143658992417196
6.662096475322292 10.317747447383239
-12.667866193496137 14.3679670471535
13.902959321769355 13.773845966906524
-9.302610210612091 -11.166664393693516
-5.133219462887235 9.366322783775631
-2.173032781164036 -8.857891595838456
-3.771302999452335 8.922188518835059
-10.800512328176879 14.82233618140979
-10.122659177204074 -10.428208080626293
-12.688679274190656 12.272635547602171
7.709704248784361 9.722931037222223
6.21968310412444 10.204339813170503
5.995609414729469 9.359102279699977
7.005797777064878 -14.919396113595973
-2.924194374310774 -10.181257995475445
-5.892558211182108 10.186019109154625
-12.806948619664066 12.97727988249743
5.327652162791282 7.856310017865649
-4.5723253198931015 6.517084151631366
8.048979606516205 -10.60581463293882
-11.42060961287272 14.596516074932262
-13.865689807709352 14.180608219328116
-4.12606325930736 8.671509331496384
-2.276982768572247 -12.239536435989482
-12.099944256639446 12.00532149442192
-4.299843541940431 -9.728604052906865
-1.4329370406064776 -8.121858271816862
-9.82343057040027 -11.887198163355189
5.361645155130827 14.156299450328465
-10.33448805794419 -11.330401457399512
5.780134142367027 8.018475009012574
6.673682042381593 12.407364217901055
0.04809505936134428 -10.836444189307434
-13.309403355939777 15.633950836400775
-13.638362920974183 15.55173508119528
-1.452304444010295 -10.241104142577445
-4.060228561725482 5.734824693784121
-6.375679107499289 -2.581811264983047
0.8273199317989519 7.964180170823042
11.420751111151137 -13.633216338451577
-4.714859579566381 -10.854317346733273
-6.61338906416978 7.500174963769236
-5.094048916926889 7.73339345639953
-1.8188237034959138 -13.012969753407406
-7.689191135182128 -12.782207991405343
-14.386822923299475 12.370163354659987
-9.07517078636682 -11.542814278443077
3.61227438411466 10.558519163860062
-4.291746184464262 8.144150010268921
-11.138674240059244 -9.563016674911268
-3.5511117389590376 -8.784192127074537
11.480043067190742 -5.2044077833663
-5.52259816704494 -6.800700811534048
13.659623292919367 -1.753910610178309
8.637085941110026 5.019803318405369
-13.56287224205073 14.50984797112896
-5.830086497763297 9.81674825511131
6.496352196431458 8.453548985450935
7.069290655088608 5.14924140686802
-12.418995349731043 14.98439765152006
-6.310146478127641 -11.848244473329013
-3.417315380519497 9.96059160414202
-3.0715979194279672 -10.786792285891854
-7.44962950879772 -13.204695970359108
-5.260402348092149 7.158157757065177
-13.525333612553208 11.494567640471459
-0.3283059304052127 -6.682119923702219
-6.6957327408468945 7.012513789853088
-7.996133437966182 -12.745599880628681
5.556673701664277 -7.298894679509557
-6.520059628970062 7.961242204933172
-10.280741406411293 -11.456734706636977
-2.7253690736637077 -10.666682932527126
-3.354219020580322 -13.929204315187926
-5.07812042027742 7.800257727702153
-14.706863319146457 -6.016317164849065
-2.185642728683895 -11.445587974461137
3.974360619014026 10.366469102208885
7.415244596977056 9.012101098123114
2.2304381152140103 2.735706764781334
-6.425400309589653 6.264465168255421
6.3643666877365 11.683000489804012
-4.92695642488809 -13.122403030381477
-7.56147431384416 -10.691516440734661
-3.2858867474210793 -11.658159949066627
-15.5216951031423 13.416384880052291
-11.28999270266054 -12.22295596797597
-5.749561546438836 8.319296888500489
-4.2030331190595565 -11.322669167117924
-4.597806922747207 -12.646357344169854
12.012857057710786 10.99326478724996
-2.6668459457228297 -8.335676972690816
3.475240397131594 9.335020341240277
-4.236590433325688 -9.97446395509922
-5.386485371236629 -10.191565803097127
-13.188729938424819 13.715486623535861
-12.746309106654255 15.862339305535091
13.550992250458656 1.0319136146540195
-3.521981350600755 -12.540764944165234
-9.588132474364066 -12.027209141666953
-12.57334721903716 18.381371009322983
5.829649513708855 -4.531244171679909
-2.973244644693268 -9.66977638489706
-0.31844760992657495 -7.935240826728206
-11.890361612924035 15.373186608363879
5.2535721164511475 9.532865698518235
4.770537184083802 6.612145986043394
-3.5713457405894005 -3.4507787277339457
-2.568472425881515 3.2448095215265864
-12.401014253862714 13.625487809894736
-3.3907374181489813 -10.942441662995298
-4.249357540923792 -11.645749522221788
11.650427681786837 2.1549285480137996
4.579525327856388 9.33738015901266
8.627021792795809 -6.7292726737561726
6.798236253906578 9.698548268925382
-3.2143501426660603 6.03818564568923
-3.3075004429952237 -10.459675753176134
-6.702150941105307 -12.445179281615653
-3.893936395592574 -10.91422413516324
-0.7787252642130642 -11.00187351366729
-4.029461696836739 -12.92404789098626
3.27353338826347 9.114095861560703
-13.576526960772807 12.86109349410018
-5.06671244455484 -11.675731149672027
-14.34595212395386 14.990972685084797
7.351858448336461 12.595393677041141
-6.252445687911295 -10.447801567051387
8.614790928376198 -3.308640421985741
-6.849888343013236 -11.032080410566472
-10.577441023600489 -11.494593061098891
-4.490572109569303 2.1732218927432783
7.783700782109962 10.90688678686675
-6.438111608899716 -10.790848777731133
-4.185336879472189 3.849931154788484
-3.407112223896897 -0.2760677472066817
-8.079856823104773 6.595792303831626
2.1351199304786874 -5.670464913286464
-2.720288820454158 7.7568384067268905
-7.353094568997446 -11.926187524483701
-4.653075881366557 5.062832515075435
-7.071184017083061 -10.69043873868711
-2.944327093366148 -1.6908372617099925
-11.953727697436648 -8.724865374103471
-1.6085351392870701 -11.58316282834508
8.180036786854583 7.98027044619746
8.172624657188315 8.17219341624622
-1.2079972442069749 -10.246831320474348
-7.341061258990787 7.545805394214168
-16.030064277759948 14.422763750625007
4.212125341910303 9.629416804349647
5.086985727857577 -6.538505136239689
5.4767232017925185 7.884433845013996
-12.995348764139486 12.74017791585075
-11.409866432952665 13.86965937137835
-11.856813535550895 4.7080153634945106
9.575389193998696 4.721381665876418
4.4495182680943515 11.195000084280485
-4.032915921561889 -10.390272066585759
-3.778522098934783 8.870985490575388
-2.8709385602451216 -10.254187434363653
-6.987960672221133 4.865584610114788
-3.419229782405097 -11.789442246251006
3.7110378352015125 7.6498300660688985
-1.1173138981669486 -14.0938468226093
-3.8419940008856575 6.094619852571633
-7.953114262271328 -13.854967443422456
-10.100903703570662 13.126238092144728
4.396135741263905 10.152123908706272
-5.345233554779704 5.220272486679733
-13.581349310845363 12.17700308271866
-13.17475291601281 12.189151586374289
-7.97686852668601 -9.563184740712728
-5.613393009479818 7.779312978918506
-8.853860160385082 -11.92057211657809
-4.82608238288061 -11.404481683343263
-9.674343882892073 -10.031566176836971
-3.7594073314002965 -11.628588865059815
6.055063264349525 7.653733736571488
7.598626273357649 10.70968029805774
-8.40816724906027 -12.405784397928327
-4.339075959573244 -9.094888244913372
-2.8568045208787582 -11.621837994372534
-5.331258971506751 7.806259292190587
-7.427695808590483 -11.514271938844942
-4.947541555633732 6.5048855710760165
-3.713185594694201 9.977215036929296
-6.443362151450012 8.461375224386098
-8.954990578967113 7.32080821091315
-7.3129492586734095 5.816868075695679
-1.0540179672275372 -0.9958657904290078
14.70386969048197 -12.189455984048733
-7.368798896461386 -10.451704892071557
-7.36284668459483 -11.116256806906227
-11.8952640671563 13.49165271970876
-2.434891956933971 -13.662235302930842
-5.7509766386664145 6.781766246156682
-12.960960479908325 12.955963810123233
-12.220403126811291 -6.235951266406129
-14.67682789412829 13.77005376541713
-14.788771393950672 -5.741029119317638
-4.797041391263528 3.614489658874116
-2.352393452766406 -9.779000571489
-6.433992408165964 -13.596977218409194
12.530038541733909 8.365004656881524
9.913674411718258 -4.846662603383807
13.73379820805157 -0.29360866487395043
-1.2202868748254323 5.964495447102493
3.2757607221988825 9.809054422684659
-4.837161526793102 -12.23340844108285
4.576348052819905 6.794882180860327
-4.19413512380826 -9.499162111860006
4.468674586547848 8.95191827846006
-14.34514307923085 16.113424767195234
11.37937470690235 -9.820765422442754
-8.455929616427733 -14.634311381001023
-2.8658733029944603 -0.007499287894518147
-11.8495864096664 11.089982189586024
4.8632149952366115 9.134229380801074
-1.4738192610020202 -12.520045652943633
-9.94836643277224 -12.355897405634582
-4.021653980941397 6.804403769934768
-12.931363287930477 -14.365689965249558
-7.65190334136498 -10.340631751742016
-5.458631232199817 5.393966598240267
-6.95221049957823 5.713147475832383
6.967380664869455 8.886903793819927
-12.43419026719516 14.907534560673886
5.4786986661547745 8.37449549814153
-2.3896264768740423 7.177279543697912
6.752579539775988 10.402824318609325
6.200529935048871 10.39913025000817
-1.8373180983742081 8.447975079125381
3.077047759194624 -0.6454439197590514
-5.761367373996923 9.3018509731546
-6.731348923907455 7.891777972003148
-9.856589266702498 -10.094625156780806
-5.11885962842488 8.121727946780593
-13.930751278947321 14.05056382965158
-3.354490751101136 8.515679910182499
-14.505247325185213 6.349284327779756
13.472532376413856 -3.099104364895677
-3.7647972344796305 6.646316717344142
6.622905084503522 7.195071536753169
3.9847031239225323 -1.092576169012787
1.8131884979786372 9.298768105320988
3.9456059607519656 3.661682028206279
-3.950914927481179 7.218650208836244
-14.390953512772233 16.035110177735252
6.8167360276552635 2.8199688958244806
-2.300401065952221 -13.487942140465641
6.181891259357193 11.639364928077098
-4.735578173014475 -12.171445026108465
4.928164540031507 8.602792971796049
-14.194597339711313 -3.593545426704761
6.1867557532479935 9.464095616126919
-8.682802093233768 -10.98003857842023
-7.35244790223101 -13.323465209663587
-12.430463466187854 15.543986831359003
3.9274092347158067 0.8021001849462746
-5.424208788121756 6.448218601355582
-6.315710615894371 -10.942807336705622
5.827821743774756 8.379266992182423
-8.694113065639016 -12.77746074864926
-7.347291110413887 -11.329439683071511
-4.197497228309557 7.623599956849999
-5.932871512958144 7.077487200649909
-3.795184810280469 6.123926082335919
-13.556811322804268 13.258551941335499
-2.187867797391031 -13.253731688551495
-1.899748253932782 -10.779340448529705
-11.260966342609091 17.06674671031802
2.5244342220888925 11.083926816726901
-7.559965766835045 6.964523404503973
-13.09828387123769 17.14766629929569
-10.555942099263884 -10.20190858716148
-4.937326527842985 7.40514870329457
6.062081579835802 6.3163658691533
-8.645507429000316 -13.605874735584653
-0.5792247849890031 -11.95472301822506
-1.4819157718787124 -14.369519753419935
-3.2500605783110172 -12.006392241094863
6.600617371556962 11.6822718699447
5.155339865561615 -12.168908679739612
-5.821545202751997 -12.146122464638824
-9.446561000821118 -9.475804265840981
-13.237998540915072 15.883367404582998
-1.8064177898152067 -12.037491513399948
-3.569107571237113 -8.452472713614151
-3.9404143733251464 -14.128584372690055
-5.6253533430312554 6.79151255948514
3.875564706198146 8.815711306138262
5.518605458080145 10.684887956923301
-14.945798068673898 17.589979619882513
-10.12523525175114 -14.49126501394808
-4.635909126376735 7.808452887922685
-12.946672581963139 14.317264609768781
-5.986168150081303 -13.065169644656562
-4.554217150909912 -0.7964507317483402
-12.002572660218558 17.602165793136194
-2.1771321916113777 -11.471982238425431
-4.751546802977045 -11.96419703114665
-3.1105263273122414 -12.675131347427829
3.7998178728046668 8.934974385005352
-6.932557304179175 9.509043753598286
-1.4331579940481571 -9.768519850168978
-13.041247656288055 11.923489701073606
-11.433437531162129 -12.41093001436201
-9.155944283989776 -12.756382002879972
-2.3588047167105706 -9.168529842527919
0.18879875073785035 -13.81984749088469
-11.730888880074014 12.716451858412011
-2.729274623846753 -11.605750181551647
7.685725834382 9.718521652463657
-12.169635122014371 15.545371166167287
0.5483826090797912 13.487169561736511
-8.153014813404589 7.669340810260433
-0.7120506290685427 -5.663660081995772
5.587083798939784 9.873195155417438
5.009797370750428 11.247227131889773
-5.526988548674535 5.589828680573099
-11.520269263298669 14.460346508241011
-11.409592498270882 13.41813125196051
-1.9319862874090274 -9.237118605669725
-0.6814424609181327 9.96242484502104
-4.018866737340106 4.6921112270043
3.409204799018977 7.5025767751457
4.494128627881819 8.055759664101664
-3.315612601060722 -10.195654910485642
5.281533346653754 8.35215401009202
5.851950746852152 9.021789469595506
-5.634962192285846 -10.063212077578108
7.874749854173317 8.293759345545942
-4.471895067387783 -7.850009131339158
5.057574351433701 -12.553703423394929
-7.705328521635632 -10.193931021378146
-1.4857934928806937 -12.963644058819874
-3.399125715626977 9.485873514039397
-11.913574983030106 -10.015045523136935
6.6224139953460135 7.693131429961879
-1.5723323901571764 -14.79077517022132
-8.888062459753861 -11.78408159545621
0.1852272395758856 -0.8693098856470112
-14.905602173951655 14.141658419928078
-5.573261315809183 10.221248090826823
-8.631154279241706 -13.53275294678655
7.296114303604071 8.46656829231364
3.866043554579705 7.97524416500638
-10.12183363064321 -11.243956559067367
-3.0068888426937233 5.299907520887174
4.372468597859532 11.824234633586652
-5.9283461550671 4.356368115322816
-10.07928606064404 -14.087134544491017
-2.958539336504672 -10.778076408374723
-11.54508445805941 -13.7343504743299
-10.098732247322443 -13.027933620200184
7.348938730063651 11.139498792518584
-11.655023708424467 15.206733389458808
-3.9454957668105424 -10.015484526750388
-8.41442601245985 -14.539696621489096
5.729588583657957 -0.5408643099151362
-5.06323841151497 5.160951819153654
-4.377213893220233 -4.787307944227168
-1.8422910591289348 -13.936634461723331
-2.8365419776621836 -10.312982611812995
-3.1080634238586295 -10.707050227092259
-5.903549956108205 9.072562499823402
-4.213849304212629 -10.51956379906926
-10.678019227602888 -12.375189407397228
-0.8840965582388796 -12.710584208544931
0.8957018827313501 -14.644958800973779
-4.626348232983462 6.681963383497853
-8.621893642266873 -10.655866884020988
-10.849442592315343 -12.259863572207827
0.9071088860529848 10.280753771307158
4.479661886524709 8.907701820665572
-7.170567052437442 -0.5079756772139685
3.6490693702702863 10.260706509759661
11.33708205351644 0.09174964116036932
9.258890084247849 11.37098846243846
-2.631955462942221 -12.675640082237946
-13.555580075466242 14.37866906726943
-13.316727176953565 16.850208900858423
-1.1023842298045796 -9.298647065041077
9.075041266299966 1.4360135748350622
-13.135902859754744 0.6444972424645456
3.364335364038192 8.881870491836187
-0.5565061414548982 -11.293924185123787
5.065839951790777 10.364665624528051
7.434886693723531 10.829742142381376
-4.713169441434214 -9.159319150970344
-13.248156311491902 12.214387971046454
-8.216181603708266 -9.503505825565737
0.9788561827421667 2.6258349142907527
13.258782101874 0.4762353637129628
-2.926861312873982 -15.259784248560184
-14.269273257094131 13.87013274149946
-4.649111273738566 -11.91381125557729
-4.222630996008581 8.84362260883809
5.937358969818678 11.44852211944405
12.757755249273519 -0.41064898897148794
-1.0097918185449575 -9.70991397547798
-8.862914703320413 -12.1392162778806
-10.313672071589284 14.87631238551502
4.217873209956823 11.398580278786794
7.684878485803091 7.412988310633736
-9.291259925497792 -12.368624908715157
5.601210534316227 14.053806902067656
-6.17400067254259 8.996489633367261
-6.68454145086094 8.607244706959163
-5.274710654060842 7.031871841365199
-9.867270737301718 -10.70711025284466
-4.743120146455027 -10.182287473576713
7.702757840871279 7.774858656575228
-5.1377713398148925 6.254626878115722
-5.009358651105062 -9.692059462609139
-3.4526877737437376 -8.47281519908834
-3.85052568438375 4.707870789546955
2.421710087511426 7.376402042597771
5.923147395208446 9.029451091485663
-13.04444431273022 13.4866203271776
-8.264376883117542 -10.241186957747841
-7.554639063174237 -11.902216219173704
-8.250482663637436 -10.47543858953223
-6.524169277421328 6.936957082127592
-7.270288040783677 -12.277985117548067
-11.580402796006293 13.354277989319892
-14.614210629812877 16.832789419447195
-15.207025935476446 16.264771906981693
-8.92312182665833 -12.725147447365028
-15.515491236766087 14.347198055328779
-10.521708942503027 -12.577990365236435
4.288534447592715 5.950079221721932
3.50547542273197 9.381256108323685
-0.31851540987938165 -12.351379876230752
-3.6569816926188627 -8.132476558861379
4.256336383396553 8.88414494298999
-1.8245426455767486 6.138049564093848
-3.1608123937493056 -10.181144606189571
-1.9883780117420198 5.545743180285385
-12.053194740888472 16.87194405665562
11.902411070634507 -4.318794144357925
-8.345790152254533 0.8442895415020484
-6.425700706431718 7.531994674561057
3.6046808897249027 9.681008378393166
-2.318618566417989 -14.51642920920098
-8.106214745024474 -8.304528971964855
-14.063944505424134 17.477443959121405
-7.866476125969656 -12.957621304459483
-8.876954438590072 -11.402778694580318
6.306097424949657 9.515463225101858
-10.608618239419059 -0.9781768895204532
6.3247916292222595 9.356182047353677
-7.721910261494758 6.117198223235414
6.256769724151022 8.711718666412334
-12.6195202497782 9.929683191511252
2.461487146568489 8.371167257791635
-7.578762107923142 -8.923793439679928
-14.186845740699317 5.169735807358794
-13.664497297431154 12.802726801898029
-8.416941444418919 -10.194955161653965
-11.150711861827409 3.046637324322127
-9.734230250249214 -12.361725234117943
4.717162420442453 8.573171146194676
-7.413600688205303 -12.05081827156828
-7.38651243973322 -9.024785042489842
-6.410644053000757 -11.33881348316349
4.909574431491667 8.876356584923998
-3.984451314785301 7.361014389672352
10.831667449015974 1.6986797269696012
-4.080693114252666 5.641478822137417
-0.9245056538599588 -10.887849824951507
-10.653156856330591 15.705283103765712
-11.03471006270171 -9.909135765911671
5.438360267860184 9.199052241004804
-8.40008828750141 -9.008880129682636
4.953494872787116 7.315724210768947
-4.711899688994379 6.131637239951928
-9.941060463328608 -9.928926611031
8.055859577448748 9.115141806967209
-5.096079603248568 7.456092594379699
-5.861192420230849 8.733128806947153
-7.090605634112098 -9.791453778887327
-2.5958931827782723 8.43896443766917
-7.765428301980857 -12.844085801583388
-2.6683500992690434 -10.54661081002704
-13.623158138676775 12.87505686118924
-6.854635186483385 9.007081674809838
-6.491969871821473 6.8076827679802685
-11.100640495809657 15.243235407375211
-5.167845373735963 -15.027100805420808
-8.041761366280765 1.4413711705695817
7.821709623144447 8.568534542021041
-4.360313003695159 -4.220284092187519
-5.254818189817531 5.914944827621595
5.0156041762965735 8.323984258713573
6.31060035037827 11.033295854610223
-12.324908109831437 16.667147153325928
-11.750280288182712 16.29478660650049
10.320070366390127 2.409779842403605
-13.278776622830085 18.772307822835806
-11.79789028356275 -14.066046965567487
-12.448154333120442 2.553283531072683
-6.555166585483565 -10.9995175711436
-10.079075730180678 -12.45590948522175
-4.0108330983608225 6.137055333388128
-5.443221592431322 4.8589054791468085
-15.547489273814007 14.641816882498278
-5.023545731253321 6.031285614374641
11.07410645891473 12.27185439958356
-4.89385965490576 -13.49918100788867
-13.545144417019475 14.680196000565367
-4.764704960883751 -10.057653959352287
-8.959061372399459 -15.502067945298386
6.548449541496364 10.300540682064764
-4.297019740503828 6.313012952163405
-11.91410971152767 -12.001837862248033
-4.489620147144117 8.18577065847953
-5.340581914006629 5.917843583268776
-3.2082510855316535 -13.094598334163516
11.443284492149903 -14.424331385429484
-4.0119382564818125 4.214820626449747
-4.364743804161468 -11.373648926041339
7.2634186513670915 11.135753884282714
12.83399282664115 5.13854091348157
10.657828094498559 -8.530587518414077
-6.040063116046955 -12.778882667038962
-3.0187725228178595 -10.72735251969387
4.495614503076861 11.776641088222231
-3.9009271031757917 -11.435885333021517
-12.549281018951639 14.638069843270582
6.85062427506754 8.791838561606903
-12.443172543304257 17.114884454796904
-12.754450842086895 16.29209725627048
-4.67760745205425 5.093657664599283
-9.212312239894604 -4.067524673242037
-15.72819793324975 13.852291578120129
-10.13272255054286 -11.35665859380336
-0.12537476454637542 12.832520803323725
-10.825974581038277 17.82871486271399
-14.472514259559908 15.895577003098607
-13.163919848892528 15.229892521751108
-8.360330276757683 -12.502182410466691
-1.361686639953569 -10.753566349921975
-4.221069781325852 -9.797791703829851
-4.250931942450206 1.8368457910908589
-14.190722930926425 16.181339203861825
4.072884120412803 9.219653330910843
-9.97742289332692 7.263278572237358
-9.469132911658845 -13.177455786651276
-7.253455779363294 -14.439526524639177
-8.88598377242152 -12.130782245078459
-14.221898157082599 13.396979044025247
-6.9208998396409385 6.171555292285503
-12.099961720941034 14.389984741752244
-3.3438233593316182 4.184479034041197
-8.093918603954277 -11.82211362881589
5.4939278115303445 8.21346382964954
6.285419870348312 9.69491629019162
-7.9049928768360544 -10.344474000135444
13.225117864769896 -8.358386284001948
-5.091264579907317 5.172369294760109
-8.660735374618449 -11.589701626673087
-10.623715651174045 13.864078339280512
-13.757537712881224 13.640753991242672
-16.74669226184607 14.065889677132967
4.225334913027165 -7.270837322157412
-1.0283659308549549 7.911187874835349
-14.841877006052911 15.986330436644545
-12.550121974487187 13.483124751075309
-1.2392745756156793 -11.705178543175588
5.075191627347753 7.587588038961849
-12.427211375690357 13.631135347303964
-7.9874460131798095 -13.799267751028006
14.635245116162718 -10.75304402741919
-0.8938491453023119 3.092262809255775
-3.142433482177632 5.0506540156083695
4.693139851101326 8.179616396650752
-5.082790470497978 -13.045155959023012
-0.9909942590325826 6.819041488198918
-4.579966272715801 -9.972277631979303
-2.4533935781908847 -11.249544406209514
-4.338596185360642 6.577890262482233
-11.12742177932819 13.44180648449177
-8.287542241236483 -12.161617094919833
-6.233450365013884 6.469665039159828
-13.035597318903998 14.149319512786287
-2.7816321774089134 -14.260483386784665
-9.405360792907585 -12.011279531779316
-13.16607266107225 16.597684508937384
-13.37282851314266 13.525308746792351
3.3864787689463784 9.23511477820179
-3.9104173896484697 -10.547564977415181
2.7387692831087507 9.333164226306625
-6.749650298557479 -11.877211155049883
-3.6651596246761238 7.6890170825746935
-10.306125281652367 13.712600806235246
-13.331920603775869 15.07407867668407
7.2005604565993515 12.570391278643516
-14.158977277953786 13.057886888323868
1.9361885184980814 6.755486530772796
-10.785855109281767 14.98707960654753
8.929458696330997 3.6811572412805376
-9.53835282856272 -12.133761217681855
-8.877104716936179 -10.95516531012737
-8.255923350610807 -13.743857268686876
-12.127681272352696 13.718879163720459
-11.09346001805853 11.48202512188746
-2.6726833838997326 -9.640300836657998
-7.86852766739803 -13.211739866458757
-5.775884267439457 6.876814332598391
-2.5671029439432616 -8.57363093522405
-5.055683907168847 2.7987890526775168
1.9451730296567646 -1.737469509857302
-5.972108281728286 5.908286562502644
5.585645817238488 7.057300163010813
-3.5345622566264288 3.957967544384373
2.767815952096306 11.395342702004992
0.15833057851800802 5.0614956089913825
-2.543780241980104 -13.39224795265837
-13.66480471617772 14.868312746416043
-7.073294428200553 7.19128644533091
-4.852168953718958 8.630210675868009
-9.3806961215019 -10.148622654668225
-4.118206572762249 7.894146708052932
-4.8404405403789905 -8.367837336681578
-3.2791509969429424 7.746368386512055
3.339700042457225 6.349163398825014
-2.535534756974986 -10.693355805493505
7.1677125444007785 9.455004969090119
-7.882997246632336 -12.008957607346893
-6.649911086891819 6.558109855240915
5.3483357792488935 7.878848476310793
-14.973539252016847 12.532710484779347
-2.506088647150662 -8.755988384366894
-7.6340551882098495 -10.36632022228667
-6.39240176734695 7.921469712825086
-11.551130759791622 14.197703491735576
-12.677910347226625 10.923749162420922
-13.45975483559806 16.00062696261442
-5.600741277867948 11.824035258470431
3.9023676682410606 9.630208181296716
-8.207278946058619 11.350404489733762
-7.729745428462295 -9.159666898273121
-10.62390491486248 -9.453598671493822
-12.424532708289087 13.448978670236624
-1.243298717704795 -9.88757308639029
8.616773360104283 -1.7090453996512966
-2.9389568267614976 9.768246859352827
-12.392885797404956 14.187825218901953
3.3336142714677037 8.82197437907999
9.307589168788038 -7.07691706567812
5.472446760905906 7.605224060881474
3.6476592404329367 -3.9826356873997
-6.546196291206589 6.9270335643618095
-1.8581750881462673 -12.564474288170242
-4.420589153099193 -5.889516110836027
6.255749716456012 10.055231616100526
-2.5150547059662287 -10.666752556580667
-4.295626359326395 3.279187947678487
6.017946140799252 10.63120659583707
7.007732030381771 8.533229937595507
-14.361584388738688 1.100154078767865
-3.8111698127474334 11.09932396937382
-14.250463808368641 -2.7691789665906246
-8.783524112549383 -12.893417299793633
-14.757774457797519 14.06498071882791
-6.606181887903217 5.638168116702037
-3.0125536748228257 7.58715520498195
4.155041188992285 7.57816995387379
-13.79292390983754 14.866918271087483
-14.027135173701478 15.777656331487156
6.895021978816594 7.409716628753966
-10.755242070726428 -11.74448779484371
-13.022408641528806 -4.819728359539923
-2.918732013216722 -10.97506139305467
6.801691556747855 -1.3276781737860954
-14.956837673467666 13.28344356234511
-14.268691445921123 -2.5413608303456456
-6.590798102431609 -12.912910585799578
-4.146794523726179 9.271029134961426
-9.836732717025281 -10.774127063502538
-5.362469875652073 5.941891515995127
-7.029529336306166 14.035661468009202
4.133310897750555 10.832148092461765
-2.2220290130521256 9.402772843167755
-5.508395232529311 6.36740329804999
-11.327510033848858 -10.601934778879325
-10.693992811617226 -11.822961831120569
-13.235295414159179 13.803533168398367
-12.476606789743455 14.966026366668132
-1.4377752907200365 -12.972874059363589
-15.123593866015023 13.412055427454295
8.585576194191049 6.501924276871275
-11.421874040821091 13.355833838432403
-8.839806750696365 -9.593059408360894
8.278782135414705 8.194634993606673
-8.611043076176333 -9.50825156433536
-3.665261059020717 -12.567145331640381
-7.260409508746476 -5.512026868006712
-7.486538011182837 7.993670305390536
-0.6341509977534177 -10.810505216964994
-3.995949170604108 -11.57776160166769
12.653390689655705 -0.38422602811252027
7.142318013483518 10.871693882805745
-5.826556721057212 6.771521113818156
2.702816133464406 14.219878261331463
-11.250700865201976 8.917677212259983
-8.420848708147105 -13.211295796642537
4.569328812392762 13.947414881449127
8.286547022320363 8.379481170680332
-6.167092093315922 -10.22744367191886
-12.225033116252547 5.070902270387016
-11.606567091390447 15.127377480581725
-9.773901999641351 11.564834560984512
-13.138690874084622 12.852698643725939
-4.3696035783675455 7.047310686077313
-7.159281762189215 -13.404883876204384
6.97282618803861 -10.657598467649557
-14.35331650266286 15.126016219094879
-15.617675275019492 15.304343833446191
-9.29222842052189 -15.439324435631905
-10.67644192681289 16.163890918249564
-13.453331199253213 11.894147006932272
-4.185062407666155 8.939196911207606
-11.663985678976458 16.97683204223278
8.217006304109784 7.857745803001416
8.908249705280335 8.108897192569113
-1.7546216936153143 -13.271912650312379
9.993453375372901 6.495696416151186
-8.723129370099912 14.504438401417346
-6.109006695326679 -9.798840481559656
-4.73654240141525 8.793706998339232
-5.874701585979558 5.366480396211513
-14.179275759296045 16.630623341415376
-9.413260897600352 -12.67084777987809
6.813965767557061 -7.3482615346134
-14.070051925891857 16.744469191941434
-7.112584334296625 -12.554235017733504
-8.80418164090438 -12.23623110458342
-2.898903087168745 -8.80600840275211
-2.421889987081199 -11.938347130339904
-9.80799364609278 -13.543657884482682
6.836779772978383 7.4612169368375785
6.568286850555399 8.620853039862162
-14.290510736912664 15.355112253646123
-7.430126117514732 -12.239551073790983
-3.8763006587312177 6.563134227656732
-6.47132046275351 6.103222396565336
-11.74771588509148 16.06808713226984
-8.188257568887666 -13.455254973380622
-1.4925256844955301 -8.121967570129499
-5.907563742661474 11.177475097521626
-11.868501856274282 14.758771931790923
5.1829232509999565 8.210985374282515
-0.6847492226419449 -11.938136561427523
-6.021683395967569 -13.664774040996218
-5.523257687697902 7.852638899367344
-11.352170461389814 16.838000049667173
6.433483886134674 13.255921254399663
-12.59101076833856 17.293809764392222
-1.72960939161894 6.953215581232604
-1.1021500524921701 -10.236039600223338
-12.999119425058314 14.343410181562705
-4.18952944562974 -11.516445870658826
-13.660528447706389 12.797306553501906
-3.57443564485423 5.486958282541614
6.144513350006967 7.120028492475143
2.5043496438328483 6.14545509221986
-8.29323286895411 7.242199274769795
4.618864999624151 7.878063745345175
-13.017717740947788 11.424158527420424
-14.124036645824376 14.693209680224534
-0.2431592812476402 -11.493055290209817
-12.974550673967384 13.323785608735674
14.664777762833605 5.611251704752565
-9.424316703651769 -12.566164744020199
6.913150902085242 0.9258520963214103
-13.783209918848904 0.5199206049510448
-14.371545139929083 13.45119581544679
-0.6794256894791015 5.195638665300663
-12.73663638534272 -11.26048744690939
-13.874564362304229 14.718582071264509
-5.877636989490047 4.913103752407727
-2.662501268182554 -11.867614409640431
6.382280681004687 5.718534590738404
-9.764630116024772 16.697356562864297
-0.8664331691615046 -10.460341031215751
-4.574761563027871 5.951530963983185
6.613684485240125 7.1264563354341535
-16.177445885407003 13.440518454631697
-0.27977012793945466 -10.032298243315916
-12.136872057750896 14.184134953169279
-3.4469176876609424 8.280646078195783
-5.050497044289982 8.412350613639425
-3.89354883600236 -13.180378089413988
3.779337309830926 9.313291145408005
3.0467674430226532 8.125652327351869
-6.266428880172469 -9.122726256068361
0.6673297602651775 -13.777474053874952
-14.305807319562774 13.94946163224498
11.257175631300349 -13.263301210904974
7.901719897851365 -9.760655040081257
-0.5398636607880882 -9.444731590979123
-6.450465349740631 -0.28985369737991284
2.15355142628421 -3.217646504569977
11.21639909356228 9.296490232332776
-9.299181808540654 -9.210628887566973
8.492495339502959 10.987877207301256
-4.558917895469693 7.458770883283065
-5.4614363603824065 -11.845855099105224
-3.3639604779994103 4.057149619333366
5.381634365823641 11.724174321133372
6.7680566195377985 8.751758020213648
6.024569143753805 9.0830262860913
-9.24794659507257 -10.2877390716809
-6.179336425416872 8.803167689890852
-1.0323410701627813 -12.086493818940122
-11.631279720268017 11.458165663316791
-4.655594789577908 -7.016352133892758
3.6776512937616634 9.955003383088739
-3.6124109095210564 8.21082740320196
9.037455134772856 8.53630893591664
-14.037045923506385 13.576716121058322
-9.339980132917493 -11.237665210449126
-7.869351455133624 -11.724776010982929
-7.98089713815138 -12.089392679469446
-6.833029127696726 6.970374873021974
-1.3427584458870336 -9.518878751650323
7.224285033294585 8.260183471322996
-2.388864334655968 -8.195763315437517
-7.041693742612061 9.372651189745405
-15.531562909163533 15.908689533778062
-11.163763780868091 -12.449317850230695
-10.40421160212152 -4.713411154630743
-2.2062423149873407 -13.980886350304802
9.50241113355601 -0.8679895170352978
-10.312349740118789 -14.296146874268931
-17.282093981993594 15.583128232709988
-14.14509458590093 14.73496041340795
-12.919448188412803 14.374856533661958
-5.781093397501194 6.63228880427914
-14.405444966098536 13.245715549203153
6.910483646289384 8.284949958754082
4.022692149789497 11.705800478112913
-9.902651791516494 1.4401164865039746
-12.502017856020178 12.199856568125695
-2.7258598572188864 6.59870853433883
-12.422232874718027 14.540678511270164
4.810499978705788 8.518778184962898
-3.8759578489020736 -10.472651839057528
-6.5337040019024535 -10.602330695371592
-5.332821708441827 8.126143650413749
-9.304162957936475 -11.46619988094883
5.933648528502163 8.083622074342244
4.380106743524369 -6.102561807896052
-13.432095693875713 13.049834397667317
-1.4363105223879078 14.006422300240963
-2.9345199289473274 -12.347783630359709
-1.9441107562776265 -10.712401524614144
-5.061616975474657 8.018675368612605
-12.795605856081124 12.304991710190027
-4.82704107794759 -9.971805520886644
-13.63334231019019 5.094851833993385
-5.067156430066581 4.998369846286035
-3.160499062416206 -10.890979771316164
-13.877878825248168 15.658615010672932
-8.985542721379904 -13.57959651734385
-12.437936699820344 -14.079589654061241
12.736009908628596 0.04962304585917998
-0.5235953924697849 -11.638698316988037
7.584607546265481 8.019874543318329
6.322135595864828 9.049393113736848
0.33433303473483544 -13.952469983258558
-4.750043977451147 -13.822082655713201
-13.056401640204554 14.918335621194002
-8.821631923072276 -12.373656146538224
5.578795042152443 13.675914005530604
-10.178858501745584 15.040052009313872
-6.858518499934858 -11.218333007533543
-6.213417662553707 7.034778153325585
-2.51294756409911 -13.58250683393867
-4.989002854041866 -10.169848719840326
-10.705536287787147 13.324462326754023
-12.545707149291742 14.156021378904063
-6.746706503138075 13.58173323867808
-5.273082486828147 8.654381340936148
-4.06754152278177 10.3511482293138
7.906573201140841 3.0417294603385407
-5.549990414883281 7.655727200960342
-4.195209919335958 8.40680046222793
6.104456770992253 8.677340407528199
-10.048431912612916 14.952203595406225
-2.6634541087636863 -12.87617265567131
-0.1936606659799125 -12.754898429988948
-12.809608183360526 13.14492260739351
-0.8735910273320815 -12.685384672117628
-12.364222212174788 13.176844925303048
-12.909227237840657 13.524493377244488
-7.109992554373518 4.011518038833465
-8.108416870758477 -10.549147848361976
-5.193730466777017 3.4078203125972415
-15.47608510236683 17.297663828403795
-8.276228238028388 11.316443243326436
-3.530184986638374 8.265682338357514
-2.9635503965847008 -10.684814601842007
-12.186407038708099 15.398514547871848
-12.598237710940646 15.197871484597686
-2.7681674085304215 2.1347292103132576
-6.58057088753903 -13.13823432126425
-1.9106043281015481 -10.832670931886387
-9.64210444179405 -14.047270783865024
-1.9995580828566548 -9.273703189457834
2.4173262218424467 8.64437604971949
8.56440346128818 11.469994885206148
-7.851771217055908 -12.37227716888012
-13.427996779206309 15.509213016417654
8.069023901777024 9.365450541523787
-6.802715458104457 6.14379240030186
3.585093807146106 8.640966343088683
-5.052512220808551 -11.186851549980446
-6.825350872982109 7.787628323811614
-5.218434929462232 8.162879261712865
-3.9310873139198907 -4.484065173433116
-13.515551602237068 15.245782256918869
-5.326862999122305 -10.869794264177992
-1.0378564987436505 -11.012788066134329
-4.906357478191925 7.074448730750188
-7.821416083467128 -10.874425892598921
-3.161931063975973 8.278077198168443
-5.317381997089427 8.987475832485787
13.987468758569761 3.1861167516662228
-8.864518896536332 -9.663818848604091
-2.5087242626506425 -13.545113680696648
5.5555539757276255 9.17885358396549
-3.177601573977637 -8.205259640867986
-4.055262413932626 8.78723864892443
-10.242403744388396 -9.701983662563691
-10.073167432287258 9.83331632493141
4.862676031396592 3.8662160054197443
-7.39828705465121 7.431118531059156
-0.697799214826258 -11.536550354823905
-7.0577254626439325 6.03417686934516
-7.4604011138207404 9.059320656772414
7.330920810143963 10.927354176518577
-11.463668481174103 13.587969692233735
2.8418799839440467 1.0027978910288091
-4.481220337498791 8.101187703366296
-10.847545352504085 -11.025687622203867
-6.773844650440431 4.80104550779423
-2.8412896033406216 -4.806761628974876
-6.97885023601296 -11.71764154454539
-1.9603184832355245 -11.3817527474526
-4.569465840777557 -11.869404683869426
-7.554087635333519 -9.681974124673307
-3.7618833957046585 -9.651898716291893
-0.43591331369107955 -11.801598293068627
-8.386330089947911 -11.118923141149054
-1.9563466583180458 6.192568694817707
-8.0725270283731 -10.890220989015333
6.2752086276008106 11.31203387476112
-2.662565010373566 8.037523102164773
-4.6556511335606166 7.629268349646731
-9.63126369413745 -12.347691926460987
-5.787644771433484 9.058412591721234
-10.715666011151072 -10.865278752715472
-4.246771883582673 -9.952350539576347
-3.7366462401771763 6.268651347342065
-7.859964477553266 -9.44013842807027
8.17990850630625 9.280808966439176
-1.730858916868522 -8.046046304627252
2.8327176647450756 10.541972835490768
-5.016091516469145 7.304342744765141
-2.81689455582806 -12.5807311567225
-14.72447431165425 14.919088108674138
-13.369000537394083 14.632583585478692
3.487361144887452 9.094242400301276
12.671070136279877 11.358623440217393
-14.775157874107196 15.934150536630737
4.882970866189359 9.360766349571755
-11.726858556072612 13.169251949797665
-8.94934613637775 -10.274755323618592
-11.264247093255362 -11.61971983050118
-8.864297484427219 8.850378363192906
-3.980223737041323 -10.765163292880537
-8.058104273038593 -11.541275681723615
2.9010235693021733 9.924088588733811
-14.774536468862673 15.963425978236662
3.958305960105431 8.082979672903965
-1.6257324944797098 8.051121375553365
-2.654268255980776 3.9699416009452726
-0.7481533177152695 -10.638428680665845
-12.583246583990618 15.38021918015361
-6.052096301126385 5.890251201543957
-12.57357826088421 10.833903945078283
-3.840318720365433 10.21317960657407
13.45218968108248 -12.608454260230468
5.353997059766616 -2.0452323445927334
-13.200167182969283 15.157084886751353
6.052369194255684 7.712715606390182
-7.787319523076337 -9.012169654008286
6.308338896851278 7.823115792341317
-10.912054919873121 14.787070893103392
12.832734334699076 1.5343248970891068
-7.940418550018255 8.660818158348649
-8.515453158445318 -11.750520556838257
6.208649520915872 8.109391083124029
-7.129784231752609 -12.467655618772547
6.979875697205813 -4.207933027841474
-3.186626172685352 -9.439243310533435
9.017952551802956 3.6037825482109405
-9.70997014726683 -13.217265757825736
-4.7210004829540875 5.8920256199699725
9.749535212509741 1.2717821398631273
-11.402008635809251 14.134852792888324
-10.87313726337926 -12.346790320149555
-2.3728426466571446 -12.1887482338261
-12.498957129176185 3.6382400970457525
-3.2852511077662476 7.467636847873463
-7.2073519300247 7.678492047172518
-2.6691965767111814 -11.376113745586604
-14.461625974732602 -8.691323329511114
-3.920384938355509 -2.5269654443595293
-3.601564404649716 6.9731549713289045
-7.381830579870616 -11.38183563749067
-6.832774187008763 10.543280879073563
-4.757431862880809 7.594784264288084
-5.896488390018086 4.17482664092511
4.983026091203752 10.847992448323716
6.72352021549718 7.21972024225983
-6.839103303861037 -8.84967296704642
-6.18936002775942 9.408938558817797
-5.62507987784472 5.931392502701689
-13.2614883932802 13.600719564011712
-10.920808327617916 -11.31156697138547
-9.0128928845794 -11.357243398182561
-2.5480390006898936 -9.735205756020068
-5.80687009943676 6.097647022600368
-8.888739376776197 -11.312221377208807
5.468902825726984 11.879100619870714
-3.3396595862963387 -11.73517986355128
-3.491438417079358 -11.756595495513363
4.2273244266598935 11.177344787097958
-2.767484814161709 -12.401895793884869
-6.763959227949146 7.975241948371184
-2.2894627475094977 -10.355931717659848
-13.194002121382594 14.195697896190135
-14.695440485718429 14.392009102548363
-15.25934708235167 13.89419873823948
-12.115365706827987 16.07166628325455
10.370391854502301 12.951837182112293
-5.282309898473739 8.569668604546006
4.314198324128431 7.932618467698781
3.377616933011625 7.459741182843688
-4.569373999696273 8.902628296496395
-5.4804060017899205 6.27387999753573
-4.659171527828905 -10.435580694044322
9.208014326860798 10.835266740652308
-5.6374672696849535 6.488573091608718
-3.578498132711532 7.357549598831913
5.756461607142785 8.30723927904347
-6.6752856024325835 -11.570951792295503
-2.7683057658359425 -10.308413177720771
13.879136524703515 -5.525270679835717
-2.0510856536144786 -1.2087628923917002
-10.26186645295645 14.77067043066491
-9.472326328701007 -12.968030288055353
-13.495984581325905 13.205025554196808
11.349315726354707 -0.3299579220134561
-5.853803305973924 8.331717648509718
-1.4007152186297211 -11.55119876404781
-12.959247573671831 -7.914618865890288
5.53135966061698 11.28499995302019
4.017161910159859 9.365767908151698
-2.282684076287978 -9.243843431713623
5.0588210193736955 8.48601537527827
7.203518596530442 8.0265555863575
-10.180416363698319 -11.37218609595387
5.334077339679405 7.781054529909811
-7.429340908695459 -11.27553015991154
8.328147837203396 2.9479407547696503
-5.727999702345546 -12.180615858349901
5.146479166197288 8.566271961367413
-11.88623526194467 16.34854356819887
-3.844596904206523 -12.623626956302111
5.064484770469431 8.21368273051679
-13.18606806611095 14.221973849688132
-9.803267204202339 -11.18615639501289
-3.94178169819074 -11.815916393675455
2.461860330773 3.7702704878773154
-1.1738419941671534 3.5230442360784338
-5.373499830460396 8.857450122667478
-1.3085041941047693 -11.853805175697198
-14.286389567717686 11.648642857675917
3.6006435523783384 10.423400758173212
-0.6501866268933032 -10.164624515338268
-3.890031432865584 -9.70334710554072
11.410811731040464 -14.861743977422105
-6.9708671349104545 -11.399509907259286
5.52502016919035 8.640372832404893
-13.709144797151723 17.026917419743157
-3.1161092991483823 7.118784997407632
-4.648181121985712 6.920680316150587
-10.411262731334707 -7.732273005261195
6.6011734293255735 8.803751229782852
-2.6326565898110594 -8.245535061660103
-3.800261596177525 7.279940537621769
-8.959280056535716 -11.746021269850285
-1.8987009059800488 -9.454763550459894
-14.508448981494238 12.11350568119579
-6.465149579885585 6.274806284210083
4.846840045912536 1.5508455780281345
-10.78645735840368 -10.42617674177035
-2.581440404810795 -10.808853275071057
-7.898256158467111 7.897720994360341
4.553291289648534 3.1437945596559267
-5.651016238801457 -1.0299431318108816
6.892577016450823 10.319314934091713
-11.142368605814138 -7.422954972939255
-13.18767305343407 16.860171806196604
-12.532209704225613 13.2323207037638
-9.051694029989942 -12.596489089632772
8.370132154348903 9.96228753038821
-9.882751228486068 -0.7135389564124477
6.487540067649192 -0.39534984042547805
2.9056676987672234 9.242592736429398
-13.554475320286517 16.242905451414178
1.5716701909128226 4.745280353064718
5.13023357487436 10.190341287059258
-7.6691178852373145 4.931861269174018
-7.379115013502684 -11.010935065478588
8.85640736869924 8.046200195427067
-11.360770224787574 -12.665567391678122
6.56554562895555 10.643995215168598
0.44213382468718976 14.192965584209194
-8.661510170844341 8.23067486838804
-8.085518701533609 -16.004676616324577
-10.589887473776962 -12.972838856672158
-7.308978821681043 -11.801826015519566
5.942504229771433 9.186277160517548
-16.052986434674853 14.652580327863237
-2.1941040240015286 -13.38344660586716
-6.677741051366694 8.611317673127225
-9.906366120338348 -11.029563386736745
-4.925298165135906 7.466355553904114
-3.0784145675716186 -12.444308332612371
-2.4616023345597724 -8.744277429031033
-3.8293862788436868 -9.83560578235661
-5.807834519386748 9.109077465013165
-13.417710184021296 -11.32632367154957
-2.992181364378454 -10.386479793430524
-9.643627446368146 16.015893746218826
-12.472724545663194 14.00872176509382
-5.676516361817535 7.429535513106189
5.368204879516323 6.8843182998624135
-6.3561574950058795 -16.317089242733097
-3.688459389251462 8.666252166867231
6.803043746668106 2.3010178824643184
-7.11643857627327 7.402673426696114
-6.4699349477017325 11.483264112191463
-6.429482086198158 -12.53841534229757
-3.6971069523522093 6.5836684466744115
-10.107766694508596 -14.6948931228629
-9.723196045560455 -10.649909059800242
-5.806017440604631 7.474415527694504
-8.529554223846395 -10.322846273070311
-4.806516583123303 6.759135480191314
-5.634427038837326 6.797340820154087
3.0864945054254918 -1.4357211898168885
-4.110156989720251 -11.201673311514963
-13.60563013690746 17.625775028147697
-12.701893056689238 16.8554483421011
-4.24034918544651 -14.888725960039459
-9.873203581126075 12.179394405099357
-9.3735021641466 -11.782709099635559
2.0923724467830125 9.892516666810163
-14.937032439345915 12.410127735749516
4.133168075216632 6.908335509371813
-10.403713173819517 -9.544936853259859
-3.361408405792446 -12.577791593225475
5.547592033010788 9.69231191673962
-8.729549080545915 -8.811088416162807
-11.753575743304198 14.99579764396872
-3.320833075098651 -12.027464045307514
4.666857076954564 9.499585887333176
-2.222617163322774 -13.129343831942474
-8.126198718230974 -10.351326929325447
4.639035934464401 9.935175451694079
0.8086454965497367 14.661869510895183
-2.2314547705719807 8.09654223765671
-12.550591182523917 15.193464608492082
-2.855983781600504 -9.497407648384376
-8.781548851817558 -11.44484091873614
-12.379305514755348 16.09845095475356
4.4404741243751795 8.752068034786943
-12.052787439933532 14.023735313629555
-15.908697464692672 13.188147279901656
5.288079827429018 9.63458878258667
-2.3267939831683404 -13.588508667347138
6.01317299826832 11.130810057821382
-0.2759711117020536 -12.553373606106653
-12.27859468966166 16.21886598903884
-6.315370496437243 8.935586518547304
-6.535806627533637 1.765306990096498
-7.207288942482901 -11.088572584308805
-14.335500926308178 15.14011059573701
-4.8212205639862455 8.480724540484955
-8.588689597115783 -11.265936225594142
-13.534881031431548 14.496124525671458
6.2333385538417785 10.478543847163545
-9.703866743262592 -10.867026854192286
-9.745669327936021 -13.79411281631411
-5.822980404395743 4.993577918444789
1.381164360704374 9.572822307219248
6.389617707283841 8.590625191072254
7.70934803056528 8.794671896624035
-13.610111377177644 -14.991637758107329
-5.0350998926381125 7.661592786210534
0.16780418397076247 14.214973712076294
-10.137456623431593 -12.06333664403732
-11.19354599803712 -14.665930576169256
-13.067315248813893 -14.265598242942453
-7.3390705314145634 -11.19707425418121
5.490075360345439 9.766625606861133
-3.9326824602968 6.384916341846996
-9.509057595650624 13.610474598327393
-4.58609831544563 7.940497356690065
-0.9900631043649715 -10.076847322567659
-8.591825302795968 -10.375715609823203
-7.903071142775394 -11.382301384268912
-9.673909204786467 -7.420101043402113
-5.16280323600584 3.8390354289428066
4.16050360145935 10.20009407679797
-9.63053206023969 -11.324605232177447
-1.7369055111563574 -11.04451837795935
-14.809514317815522 16.562740278301437
-2.4661656209219958 -9.97027128736572
-12.229804317201033 14.916760898196209
-12.684218246418407 13.434907413695253
13.224312362030734 -6.141866287366311
-14.482165136672245 13.32465622007878
-3.7931514214020723 -10.302651048200286
-2.375884699867867 7.06108513738248
-14.841096652800063 12.379937649438995
-7.148824778909198 -12.265223325651663
4.5986447730776625 -13.259357825360818
-5.3417417060018515 11.533518668099337
-4.4100559535057595 9.678905111308847
3.4398270392307486 9.358994045295022
-13.84892138642564 14.981762660565195
-11.71619665665333 -8.984404917953102
-1.9915057006533399 -5.013205852768742
3.7041897457294937 -6.43058367510735
-1.2592311026769547 -11.697668366345955
-3.3496081259454122 -9.982554678620586
-3.141162502011115 11.852553434287682
3.7554835520075893 6.455226624387035
7.780752522346155 9.744347886992227
6.8523220906074895 11.03469475186084
-5.4300542432640615 -11.568486270787446
-5.285947891214248 7.287006148543874
-2.3786683614353414 -12.114747501651761
-13.299700333664587 12.715394127488924
9.867708726242707 -11.327119417785735
5.334407636645575 8.22102498493059
8.059462966627306 9.403866834185948
-1.8229731015302393 -11.974523907374682
-3.9979227521842793 -11.89027805961501
-7.29177056286246 -12.421620321099553
-6.795211560183019 -11.208091577544653
-14.180177458198436 12.691994553173972
6.168768011576521 -1.803296701638832
-2.628245321260797 -11.9473467518638
-3.6463080077980123 -9.25113964986765
-12.041332951440332 11.735757939760102
8.182447137457672 7.99093525876995
-2.3998623101781633 10.159795203600087
5.334454765382038 10.166124745620685
7.32182385342853 6.13668473042339
-2.6431183550108384 -12.230521835979333
-4.928431122732704 -10.707412686722282
-4.9698555568885885 5.714666383326745
-7.241701596461164 -8.528286787790513
-2.212248779046912 -9.128177888730239
4.096541205828313 10.01808150778701
0.18903679089271108 1.6453941259641987
4.4936286631931255 12.43089721108015
4.1134858699845696 8.744074948381028
9.256483242599476 8.561666595089111
-11.85561624126169 0.48005501808770923
4.9774246313259285 9.107338573056271
-4.068819288100603 6.671144420147854
3.06372790254823 11.77031396888541
-12.24000220594821 16.059735245222765
-6.112052632607488 5.973932529608609
-10.060679062389886 13.518402722489773
-7.805546756736439 -12.634793799750963
-9.072822324221686 -13.790419867369742
-5.280659749763601 10.29933507807349
-3.1877485570169126 7.488106380629919
-6.418298408816076 7.565187113485421
-15.611988047498766 14.494736414942436
-5.50677128576284 -5.760979429204058
1.7231194922889728 -9.624556502599706
-13.25265383950475 16.851613397379502
-4.953938561002308 5.281301363314998
6.2556546675392095 13.069537986873883
-2.543790099872551 -11.735318947980563
-8.048349262361452 -7.644389128144525
-10.984759229778973 13.413785396846539
-7.538898386983946 -12.61791503579612
3.2606468220797993 1.3342032243092525
-10.157616242788556 -14.117806907850992
-8.592477325966811 -13.126499292329324
8.356384344718743 9.697360488393171
5.9492781104299715 10.983055484660355
-4.165106632471082 8.209533620978728
6.7254596754847515 10.685572959391653
4.591051733874879 7.121249841219881
-14.919072377628254 4.7199594323214455
-4.3427873130470935 7.625224256979697
-4.613271201822996 7.910881600573851
6.177820126206527 9.80259112209032
-14.547216750153723 14.436253500365414
-9.050713915203783 -9.387687688134843
4.042009644766438 -8.068970757979962
-13.78240403580779 12.388030272474415
-12.09758825963451 13.519699676183931
5.5772478461417645 10.940285566369765
-3.9644215850263076 -8.91214292999149
-8.00263723344134 -9.028123913105208
7.5203687727496416 6.536419243049537
-9.042613091359744 -1.6463886773824683
6.0582281907770605 7.335494205191828
-7.119742565120028 -13.008421957113288
6.1570575605716655 -11.579188026714878
-10.993877058139969 15.071295676401894
-6.039078124181385 7.541354632673906
8.528253697523528 6.959561734603856
-1.5699730991984235 -10.54923987746301
3.3993268329160635 9.949810206422281
-3.4296772418292885 -8.706778755670635
13.588322286073783 -11.939723818683138
2.8387877688628316 8.377328162466103
-8.70883659831753 6.461134126378871
-9.579572074866343 -15.352314958513
-14.91535091969093 14.238826327737359
-3.680182368737664 -10.750386893927761
-4.588296528010105 -10.996522451929277
11.683398885424985 -13.839009915943056
-12.735819427884431 16.87000987793133
-1.7008633162886189 -10.56720255559946
-4.772490906929147 -9.685139388975296
13.435968007945565 12.123920599079696
-7.431809542946606 -9.736562310732575
2.1827069038554043 -13.0161551519951
-3.6529553898905496 -14.861296869410753
-1.0878856158945671 -10.919877204422795
-2.962567042849648 -10.601893301133293
-2.238866258182607 -9.648418000724506
5.449464760742424 11.112085526785513
-1.5512764633772598 7.920026851207517
-14.871143659636697 -6.33670696113983
-9.027435711767245 -10.674237809236658
-3.128813826590317 -9.751921345989052
-4.653291561596577 7.009102593798614
4.3906950271701355 8.902914882147904
14.401840752801988 -2.591863483639113
3.829961499400151 9.494508709126293
-2.473805365123823 7.863830172121281
-15.761429390448582 15.7984096361148
9.419405020411505 8.019627267082612
-10.502861894542669 -10.09178788870221
7.237307932833264 6.221259033755032
13.62201194670136 -2.203891493105182
-4.461537950821503 -11.209860293793266
-10.801853711780469 15.159877895443278
-11.483467918600468 13.613312179394741
-12.272846053985855 14.452392702323264
-2.779702617900495 -8.581124235020738
-4.960051856906329 -9.943206458971462
-13.392463750823243 17.472777389043188
-12.549287682584449 -14.562622591386473
-14.8962510268083 14.399788866903933
-9.532485886314214 -11.302356387281435
-4.244788902608942 -11.887953580925242
3.4100269218120784 8.742081892691536
-14.017035238591948 16.62313319727857
-3.6791450993459174 6.996184310928152
-3.853951144500348 6.1635239766812235
-8.402000754631587 -12.207612130001692
1.4883365630691152 9.915188998683636
-1.4763914602490644 -12.004478645963793
-8.09059926183809 -3.5153309823259757
-2.086507733888599 -11.469321394230766
-13.056622855478878 14.936630717682366
-4.2797164235253184 6.152412159062538
14.208620709682016 12.476605845627326
-4.722777970680067 5.478274999997588
5.627306462982292 8.73294467944352
-3.4140738788288245 8.610972557935648
-4.879805511491507 4.597406561779861
-5.369950873802716 5.9425020532644925
5.181798492833014 8.750918637290798
5.3958734170767375 8.532423117700398
12.307954745301497 11.946487021993669
-8.124268668321095 5.544146375633257
-0.8476068704123065 4.959361430751208
-13.769000053894647 13.666214496731797
-14.00184805641691 14.556917315499334
-2.7264114807114463 7.412341609010142
-9.22678285532629 -10.115851826515632
-2.3486192034327456 13.155744133770352
-7.941767187777407 -15.2114281427665
-13.322988975796717 15.067371121981212
-11.501567465578933 13.604042836475564
0.654556998767887 -13.227095679745771
0.6133209340791588 11.119643207001282
13.883579500854587 -7.50990288892639
-5.322192282945302 -13.815292199673554
-3.735728672414708 6.258555758417577
-9.505500518593543 0.8894682165414469
-12.658884842651341 1.526940591167552
2.1857492413701793 8.987679510957387
7.171347127391671 8.533996499836414
-1.5982920532096898 9.296042855048775
-3.2184738246967903 5.682629150468266
-7.368315556724192 -5.672934077038148
-7.149031226146727 6.63223279758107
6.605005180155196 7.982304556870092
-12.248560516923144 14.262897128672575
-1.0821492352045599 -11.110778649069683
5.766150896953519 2.6042196613802346
-9.610926317394258 -8.901878329924251
-6.022590351648805 10.455437444793915
-1.4372120790129328 -11.939728082225889
0.16877657080477793 -9.01132053837092
-4.419719875609722 7.547473313475888
-0.6324050387341948 -10.302756082868942
-14.038812380757935 15.096376225922437
-14.699345087790233 13.727179187800184
-10.911454645192103 16.25649080871271
-1.5660913587119634 -13.239190338955778
-2.191359605013126 -12.698510264619301
-5.096743749882599 8.89388372458082
-1.6624495156423968 5.960934285340562
-4.058506406735884 -9.375956563586147
6.373064553623156 11.204269779973862
-5.29086270031071 6.45081930858403
4.917028166870394 8.974378852241932
-7.290593261534758 11.604242689300364
-9.325033152938554 -12.240245762493766
-13.954996552870979 16.24452079004189
6.3983950901777815 7.428576818938618
-3.4964165313045346 -10.254803741680217
1.8919475535523498 8.81353605711394
-6.85016753374471 8.045797821738475
-2.461127312628251 -9.930856212822192
-6.6879123206125275 -16.416392110566036
-5.562335612555107 4.569827988144109
-9.061622454158382 -5.709670125855643
-12.871366359669935 -11.686027178126215
-16.23676788646393 11.168524898628366
-14.742727310393201 14.295840439063056
-4.620501653347587 -0.2302340885188805
-6.710703149011452 -14.26446195965853
-6.294050447500792 -11.055662229487744
-10.80061369947513 15.771172545993238
-9.889399939431689 -10.4415103543083
-6.189939603320663 6.718557676566627
-13.356222738100957 -0.37691668861031147
2.720270653956784 10.109776213360561
