2500 2 5
-12.90699707535958 14.337237172955847
-13.910436856716494 15.266710225798805
-5.802199581624261 3.0231660393698156
13.30326833665611 8.238765737101904
-7.460729366886248 1.707296594677043
-3.893936395592574 -10.91422413516324
-6.553984749810372 5.189511101236072
-10.80061369947513 15.771172545993238
1.1721001732212848 -5.152874717892354
-15.123593866015023 13.412055427454295
-12.931828782959027 15.936893002877365
6.3643666877365 11.683000489804012
-6.907106668015386 2.1578490038925047
-3.6651596246761238 7.6890170825746935
6.85062427506754 8.791838561606903
3.0852726491152467 -13.23520275818382
0.11875263842604689 -1.1931855711676338
-8.574140268756619 -11.617784116747702
-2.1240595200131334 -8.9462553766623
7.5203687727496416 6.536419243049537
-9.405360792907585 -12.011279531779316
4.0443592806963515 11.474140753561453
-2.300401065952221 -13.487942140465641
5.258258610813866 9.247519591487514
-9.889399939431689 -10.4415103543083
-10.07928606064404 -14.087134544491017
-12.746309106654255 15.862339305535091
-14.72447431165425 14.919088108674138
-2.9178481272681926 -9.824723166682952
-13.04444431273022 13.4866203271776
-4.96098834524435 7.165951699388977
-3.578498132711532 7.357549598831913
-7.347291110413887 -11.329439683071511
14.624561614810272 2.7868967686146355
-10.420113227292681 16.572432454092198
-8.505428846630688 -13.599562561335542
5.283360302580358 12.047388384890082
-9.63053206023969 -11.324605232177447
-15.713590357505888 16.436355222782105
-2.581440404810795 -10.808853275071057
-3.713185594694201 9.977215036929296
-5.88535108055111 7.918619681956587
-3.2143501426660603 6.03818564568923
5.4939278115303445 8.21346382964954
5.373027404817608 8.85296547151806
-5.524772663559146 5.140730794295055
-9.227502499414786 -10.364983608260637
-9.534474969579792 -8.05381122672242
-2.238866258182607 -9.648418000724506
6.033050657063664 10.28593735593266
-4.764704960883751 -10.057653959352287
-10.26186645295645 14.77067043066491
5.564184548753421 9.642383170549367
7.673845432329445 8.04918171038812
-1.0323410701627813 -12.086493818940122
-13.865689807709352 14.180608219328116
-5.573261315809183 10.221248090826823
-13.649869202989708 17.235987140149156
-1.216634500227002 3.2190993253024267
1.7505114211037558 -10.937894379399076
-13.45975483559806 16.00062696261442
8.478639996422249 2.4956333573775566
-8.200242133022229 -2.996433865882917
-6.425400309589653 6.264465168255421
-14.305807319562774 13.94946163224498
-9.674343882892073 -10.031566176836971
-3.7594073314002965 -11.628588865059815
-5.821545202751997 -12.146122464638824
-9.337479535835392 12.904834446100018
-3.9071982727678094 -13.37590018533638
8.370132154348903 9.96228753038821
-3.8293862788436868 -9.83560578235661
9.214235357271722 8.605112738210671
-12.617509259663558 15.33496166583837
11.03328083212758 12.684654685880389
12.490711904440204 -12.083756050506603
-6.167092093315922 -10.22744367191886
-13.369000537394083 14.632583585478692
-5.75609956814575 -12.176798958536112
14.800488234749068 10.120939397847849
-8.80418164090438 -12.23623110458342
-1.7417675305952809 -12.686826664663121
-4.359897870355962 -8.52652150454007
-10.67644192681289 16.163890918249564
-3.186626172685352 -9.439243310533435
-11.79789028356275 -14.066046965567487
-10.137456623431593 -12.06333664403732
-0.8476068704123065 4.959361430751208
-12.035466072337654 15.153573514023785
5.181798492833014 8.750918637290798
-12.806948619664066 12.97727988249743
10.50423970727751 13.334786037919468
-7.578762107923142 -8.923793439679928
-1.899748253932782 -10.779340448529705
-0.8735910273320815 -12.685384672117628
-14.699345087790233 13.727179187800184
-5.386485371236629 -10.191565803097127
-2.779702617900495 -8.581124235020738
5.009797370750428 11.247227131889773
-4.852168953718958 8.630210675868009
-3.800261596177525 7.279940537621769
4.639035934464401 9.935175451694079
-2.543780241980104 -13.39224795265837
-4.222630996008581 8.84362260883809
11.597619114633144 -12.100736920608366
-2.506088647150662 -8.755988384366894
13.556041323686788 9.91017870289393
-10.048431912612916 14.952203595406225
-9.051694029989942 -12.596489089632772
-4.764843914934572 8.825869789451982
7.052692597206697 -0.7712511137829061
-10.11540361556085 -10.45235791684011
-12.754450842086895 16.29209725627048
-6.92768110905943 4.8947826016524445
11.218477347175625 -1.0054495919543882
-6.022590351648805 10.455437444793915
7.2634186513670915 11.135753884282714
-0.8423736652206388 -10.43310619190635
-3.5994155236978393 3.7991564864359333
2.0405050420797854 9.06528726859079
-13.03742860202102 11.159830068334692
-7.148824778909198 -12.265223325651663
5.710202631667414 1.3414203521942163
2.9056676987672234 9.242592736429398
-11.88623526194467 16.34854356819887
-9.032104956091347 -12.817255165536594
-7.798054382648921 -11.189956930834187
-10.312349740118789 -14.296146874268931
4.794208711968295 -4.839884301754852
-3.6124109095210564 8.21082740320196
-14.459940883491536 15.360965554697067
-4.319249624050963 -8.057699039323793
-4.279727831425862 -12.505274184011824
-7.139034628859059 -10.351730831270682
0.7854205821158171 8.535104740954196
-13.755630207723083 1.4205227248183796
-3.9607667061921603 -10.668575576868363
5.368204879516323 6.8843182998624135
11.907262394395744 -3.6382291967509346
-6.090954106380674 8.667490158329464
-3.467397339760381 7.512304808624404
4.618864999624151 7.878063745345175
4.1134858699845696 8.744074948381028
-8.783524112549383 -12.893417299793633
-7.821416083467128 -10.874425892598921
-7.882997246632336 -12.008957607346893
-3.1161092991483823 7.118784997407632
-15.218682405720669 14.349005987847857
-8.188257568887666 -13.455254973380622
-10.72180712902231 13.045335087628565
-5.762791704099406 -13.579081056431441
-4.165106632471082 8.209533620978728
6.132218118153048 -1.5514062114604101
-5.6253533430312554 6.79151255948514
-2.8568045208787582 -11.621837994372534
11.225743825788829 -1.9358845595969036
-3.3907374181489813 -10.942441662995298
-13.243681772537933 -11.838622826792026
8.237250486812101 8.950194807770778
3.7554835520075893 6.455226624387035
-2.8709385602451216 -10.254187434363653
-15.617675275019492 15.304343833446191
-12.370850215372105 12.76494752186518
-7.316937860127236 -1.5277656922548886
-7.149031226146727 6.63223279758107
-1.2202868748254323 5.964495447102493
-7.01944487918589 12.698112517875863
-14.29263407435013 12.772178485722769
-1.987227008281611 -11.700712510192014
-11.8952640671563 13.49165271970876
-4.297019740503828 6.313012952163405
-4.485693836877542 5.31256983668147
-12.099944256639446 12.00532149442192
6.492258676621944 9.027075616315447
-5.091264579907317 5.172369294760109
-12.811631609968071 -0.35658712829586925
-8.864518896536332 -9.663818848604091
-7.427695808590483 -11.514271938844942
-13.79609031794743 -12.698127331035252
4.72893571654325 8.261839892065272
-10.445823630672802 -14.267615001466634
6.789904820372667 10.065185138429253
-10.111462212928698 -12.452083234265304
-13.78240403580779 12.388030272474415
-3.810956150272264 -9.68978076180623
-1.9155687055720243 9.121261865100916
-0.6324050387341948 -10.302756082868942
-8.890959849607706 9.393702976771653
2.837946914953541 0.07623616203387762
7.685725834382 9.718521652463657
5.334077339679405 7.781054529909811
-1.9295164403989058 -12.566794299722226
-5.055955390746719 11.202161013991562
6.615179481351646 5.8991865199449425
-14.641314043826133 14.921745678562063
-7.353094568997446 -11.926187524483701
4.133310897750555 10.832148092461765
-14.070051925891857 16.744469191941434
3.4398270392307486 9.358994045295022
-4.713169441434214 -9.159319150970344
-14.695440485718429 14.392009102548363
12.359211354018466 -13.6223219280613
-6.872443239012618 -1.783956437327424
-12.285402883680174 -1.2831684712947897
-12.272846053985855 14.452392702323264
-4.579966272715801 -9.972277631979303
8.337546596293755 12.067090961116499
-3.3164253590763213 5.039726933866804
-3.161931063975973 8.278077198168443
6.144513350006967 7.120028492475143
-3.3031459006444717 0.9673155691075586
6.67318414504301 8.85972841575558
1.0426135165366404 -7.949007722596103
-9.534701610971135 -9.956447515082939
-12.424532708289087 13.448978670236624
4.79339717816475 11.307659512840997
-11.260966342609091 17.06674671031802
-7.851771217055908 -12.37227716888012
-5.010136232291428 7.087369511647362
-9.781644048106116 -9.77303741622153
-12.50716890271269 -0.7234560383798456
-6.645291856620652 -3.62755873613086
1.2717350355783879 -4.772386494548137
-14.775157874107196 15.934150536630737
-13.834720771067738 -12.184854038950643
-13.299700333664587 12.715394127488924
-13.200167182969283 15.157084886751353
-0.38512792442509314 -13.707041573198499
-2.185642728683895 -11.445587974461137
3.442332481714516 12.608042933343402
-4.214222916573357 -11.222343508425904
-1.9106043281015481 -10.832670931886387
-7.44962950879772 -13.204695970359108
-0.08770872412675601 7.916283758670801
-10.847545352504085 -11.025687622203867
-0.1910754522543474 -8.476361335765674
11.568094084473291 -1.4739349919372042
-15.873203811867391 16.41034233405869
4.86235767659886 11.378664740760014
-9.70997014726683 -13.217265757825736
6.351714817672587 5.516460929940294
4.666857076954564 9.499585887333176
-3.1608123937493056 -10.181144606189571
-7.196962190902049 -11.620935072579124
-9.843507295860922 -13.903643497806172
5.146479166197288 8.566271961367413
-13.034869183217086 4.5922303085688405
-1.6951070653561469 -11.646321111249954
6.229189344138939 6.884450534325077
-4.854732686376757 7.980597452432889
2.755977174105464 -0.6728941971270821
-8.012275445843155 -13.076833920638853
8.318708594721727 2.3182946184680304
10.876940040136425 -5.6485924614322744
5.0683522074943905 8.748964266559224
-5.365966715294895 7.059159730486215
-0.5398636607880882 -9.444731590979123
5.490075360345439 9.766625606861133
-16.052986434674853 14.652580327863237
-9.183462692030984 -10.200451555713789
6.026181381109502 8.113803634807224
-2.6185314417499512 -6.905786981472708
-6.910657012285787 6.391294863787751
1.4448927006463776 -6.044263880907899
-3.9979227521842793 -11.89027805961501
-0.9912382818013086 11.86447697503958
1.3193409212925786 5.329066014197636
-6.310146478127641 -11.848244473329013
-4.489620147144117 8.18577065847953
4.430301972773272 12.845217946111784
7.2895714563728085 -14.559250313775369
-4.653075881366557 5.062832515075435
5.334407636645575 8.22102498493059
-13.979161618372052 -3.8437987411155543
-14.841096652800063 12.379937649438995
6.824131848574787 0.08757405155531117
-6.47132046275351 6.103222396565336
-7.731675390392304 -2.661961869601228
-13.709144797151723 17.026917419743157
-13.304134415593936 2.755895217329229
-2.924194374310774 -10.181257995475445
-8.280377730411857 -13.16924553888902
5.448665718266121 9.258525199555496
-5.907563742661474 11.177475097521626
-3.078879216305098 -13.988224084842791
-8.217366272429457 10.185550696797694
2.360703377490921 -4.956246128621087
-14.179275759296045 16.630623341415376
-14.269273257094131 13.87013274149946
-15.47608510236683 17.297663828403795
-1.5386697405419487 9.34738619130804
-4.481220337498791 8.101187703366296
9.7804424413568 7.105205364368409
-3.3438233593316182 4.184479034041197
-13.235295414159179 13.803533168398367
-6.555166585483565 -10.9995175711436
7.783700782109962 10.90688678686675
9.672389474676418 6.324163192797254
-2.276982768572247 -12.239536435989482
12.695450029548098 11.577206003994139
-12.271429912742747 8.560486309663897
-6.684599968406266 2.4903684357694047
-4.8576658941309825 6.05261892779742
3.50547542273197 9.381256108323685
5.4532280518096465 6.4415817274122205
-3.3496081259454122 -9.982554678620586
-14.795801837713597 15.653526741397139
-4.398536490299344 -11.633146241861303
-7.50327575941793 -11.128443885347924
-1.4857934928806937 -12.963644058819874
-6.61338906416978 7.500174963769236
-5.345233554779704 5.220272486679733
12.640562733268947 0.040670771614529144
4.882970866189359 9.360766349571755
2.8436024814848295 6.6003326850607
-0.31851540987938165 -12.351379876230752
-6.38640730238278 -8.089654110648805
-1.3194397376424134 -11.500261148144867
5.1829232509999565 8.210985374282515
-9.64210444179405 -14.047270783865024
-0.8830387447917509 9.551020752717001
-5.549990414883281 7.655727200960342
-15.267514878219474 17.86820490183341
4.770537184083802 6.612145986043394
-2.0010989886614183 -10.467817752489553
-1.6257324944797098 8.051121375553365
-13.757537712881224 13.640753991242672
-8.92312182665833 -12.725147447365028
6.6224139953460135 7.693131429961879
-14.508448981494238 12.11350568119579
-8.246524834892917 -8.400928375607368
-4.118206572762249 7.894146708052932
-3.0784145675716186 -12.444308332612371
-13.237998540915072 15.883367404582998
-11.704400512954635 12.260357450412258
-2.6691965767111814 -11.376113745586604
-3.7931514214020723 -10.302651048200286
2.167805900119184 -12.870818787937266
-8.093918603954277 -11.82211362881589
11.758404167660565 2.1813666190386236
-11.501567465578933 13.604042836475564
-8.783302067582587 -10.687714501922875
-6.825350872982109 7.787628323811614
-4.425896610284347 -8.694669370756177
-11.177253746922625 -10.3227576002028
-14.037045923506385 13.576716121058322
-12.545707149291742 14.156021378904063
-3.558524088030854 -3.9504047591026286
-17.033321187241256 13.963086023868915
4.270564834408596 2.42483413683928
-13.839213094204739 16.73189528588791
4.127656497799778 11.442691277466075
-11.847221720641844 -3.5620507439510583
-14.742727310393201 14.295840439063056
-12.392885797404956 14.187825218901953
-1.302261252954915 -11.141864130115673
-11.571806974856703 -4.3024176041612545
-7.252460924699888 -14.527209007793612
-9.072822324221686 -13.790419867369742
5.640515236294733 9.671629761466509
-13.68566095006572 14.355887652553312
-12.628266482987172 4.159814767084949
6.6011734293255735 8.803751229782852
7.1677125444007785 9.455004969090119
-4.960051856906329 -9.943206458971462
5.169344596980359 -0.07415179104750003
-10.502861894542669 -10.09178788870221
-1.4819157718787124 -14.369519753419935
-3.6890625845221714 -10.6634470697702
-11.736284827719507 17.396630997121058
6.258267495744437 9.677473993955159
5.219907640571106 9.33185209043226
-6.050526735087558 -11.821034737804226
-4.714859579566381 -10.854317346733273
-7.11643857627327 7.402673426696114
9.258890084247849 11.37098846243846
5.827821743774756 8.379266992182423
5.522048174249546 7.362836890375602
-15.207025935476446 16.264771906981693
-8.41442601245985 -14.539696621489096
-9.173304729297998 -12.258514832955344
-2.5958931827782723 8.43896443766917
-14.956837673467666 13.28344356234511
-9.155944283989776 -12.756382002879972
-3.589827628348431 7.87552283262373
-4.021653980941397 6.804403769934768
-12.136872057750896 14.184134953169279
-5.972108281728286 5.908286562502644
-7.1533106138156555 -12.006862313245731
9.554972958872895 -11.05307577990563
3.7971401705922645 -3.8048206386999226
4.8878023384122 11.822269181447503
-2.5087242626506425 -13.545113680696648
-5.260402348092149 7.158157757065177
-1.3427584458870336 -9.518878751650323
-6.039078124181385 7.541354632673906
-14.037783438902716 15.643757621802582
-5.1377713398148925 6.254626878115722
6.2333385538417785 10.478543847163545
-1.7546216936153143 -13.271912650312379
5.8030666089999245 6.697464570027352
-7.444683895918908 11.450532871754426
-9.836732717025281 -10.774127063502538
-3.844596904206523 -12.623626956302111
3.0051997777273236 -11.921578968130104
-14.302159351006846 3.930063408791156
4.613121582800743 9.089740701810578
-10.674397727284799 -12.560306137996072
-3.177601573977637 -8.205259640867986
12.434203666455385 -11.23919790084731
-6.592594449895137 8.351410035370586
-8.574822722089033 -12.58056946099034
-2.7045964652390957 -3.959626975797377
4.881482669930828 9.002266679562455
-8.712552521208464 -10.547799719174538
-2.6668459457228297 -8.335676972690816
9.10977985901662 -0.5192800180997494
-3.5511117389590376 -8.784192127074537
-14.31279047289859 -9.8130963346903
-7.940418550018255 8.660818158348649
8.217006304109784 7.857745803001416
-14.931548312804983 12.929120986441092
-2.319870292444099 10.341312700879538
-2.855983781600504 -9.497407648384376
-7.859964477553266 -9.44013842807027
-13.13856664386695 10.036299878936333
-14.774536468862673 15.963425978236662
-2.531491909623905 -9.517302858177873
9.473756172228914 0.31893820419049135
9.12473189288918 -5.775171246571096
-8.821631923072276 -12.373656146538224
-2.973244644693268 -9.66977638489706
-7.429340908695459 -11.27553015991154
-2.3097750811682367 0.8934626718445582
-2.9561970764462173 -10.339589796409912
-5.424208788121756 6.448218601355582
-1.449354584853826 -10.243259141573443
-6.833029127696726 6.970374873021974
8.628473985199648 10.217504964878223
-7.39828705465121 7.431118531059156
-11.53148740323083 5.5914890522601475
-5.372172049076224 6.022725955216301
-2.7683057658359425 -10.308413177720771
-10.403713173819517 -9.544936853259859
6.40180335315597 9.72425352454062
-5.806017440604631 7.474415527694504
-8.124268668321095 5.544146375633257
-14.482165136672245 13.32465622007878
9.67817628105869 12.52553948373044
-2.720288820454158 7.7568384067268905
-2.212248779046912 -9.128177888730239
-6.1414971416314454 9.829128819171316
-5.822980404395743 4.993577918444789
-9.576063753708201 6.725003643629432
-3.681229007221833 -10.89119423735671
2.059575291171095 9.231407441416687
5.080490576921323 8.262985866986988
5.727079802108538 -9.837499651381025
-12.532209704225613 13.2323207037638
-0.338929807454857 10.474505747228779
-8.742584125245369 -0.973701811313747
-2.3267939831683404 -13.588508667347138
-4.195209919335958 8.40680046222793
8.537484374695094 9.72255322380373
4.3906950271701355 8.902914882147904
-4.677317185682657 -7.901144616523482
6.968525941032398 11.30946338828979
4.386632788245026 6.919802927585364
5.962390889912746 9.253926197297348
5.585645817238488 7.057300163010813
-6.86155253811667 -14.279078446083172
-14.973539252016847 12.532710484779347
-1.1476607429509862 6.39091450172565
-13.37282851314266 13.525308746792351
-3.6569816926188627 -8.132476558861379
-14.811888049228195 15.124176425204865
-4.653291561596577 7.009102593798614
-2.0777164217030624 14.88586506940473
6.2556546675392095 13.069537986873883
11.787408675724215 -4.06811703857317
6.181891259357193 11.639364928077098
-11.521235723678771 6.579593461856081
-4.526594170790513 -9.893924887729554
-1.8373180983742081 8.447975079125381
-7.689191135182128 -12.782207991405343
14.399101912831416 -0.7129288908050953
7.432847334668798 9.984534929080374
-3.8763006587312177 6.563134227656732
6.8523220906074895 11.03469475186084
-15.515491236766087 14.347198055328779
-8.533345872783029 -9.989553831408951
-4.085274005853806 -14.075333838523287
-7.903071142775394 -11.382301384268912
-13.174663287740215 13.365634037805592
-12.115365706827987 16.07166628325455
-10.755242070726428 -11.74448779484371
-10.87313726337926 -12.346790320149555
-3.94178169819074 -11.815916393675455
-11.794602999198066 -12.877539568091244
-8.592477325966811 -13.126499292329324
-7.311668061879157 -12.578989806536901
-6.410644053000757 -11.33881348316349
-2.9389568267614976 9.768246859352827
-5.130101311550373 -11.175409541054158
-3.00015335580887 2.8041986587073664
0.611357381916326 1.143887393742741
-5.299563725196203 8.109725551240594
-5.617214147743745 8.412809441601349
-11.045695902340205 13.692925443532282
-5.48337427381494 -11.611257124075147
-8.00263723344134 -9.028123913105208
-5.450841227196581 -12.570096101792453
-8.878535503468282 -13.562349472691857
-8.959280056535716 -11.746021269850285
6.568286850555399 8.620853039862162
-0.7787252642130642 -11.00187351366729
4.104675370106324 8.295580090454964
9.001865830867935 0.5301300658480628
-9.323308271052756 -8.158113802637095
-10.678019227602888 -12.375189407397228
-0.2519392742560882 12.292426454575676
-2.086507733888599 -11.469321394230766
13.308400089724085 -7.738172626116908
-7.35244790223101 -13.323465209663587
-11.483467918600468 13.613312179394741
-6.011311296689181 10.073540192270118
-9.588132474364066 -12.027209141666953
11.386289856427815 -13.784520835759688
-9.697971224762014 -11.892889178875073
-14.295645373043607 4.3933871771250175
-13.316727176953565 16.850208900858423
-8.57564379992684 -14.08396911362787
-2.7253690736637077 -10.666682932527126
13.42060100981508 12.977700655839435
-5.373499830460396 8.857450122667478
6.128611956770787 10.645185790479227
-7.8357076824073975 -14.16352495282473
-12.688679274190656 12.272635547602171
-9.906366120338348 -11.029563386736745
-10.196922606488446 -8.458320612219454
-7.159281762189215 -13.404883876204384
13.961748408270214 8.054151524168791
-7.148822765362475 6.321977879906966
-1.374415611831109 -10.872469836618857
5.157736698394515 11.019887919902233
-2.792409713425806 -10.782113358211307
-7.9874460131798095 -13.799267751028006
10.772215189320221 3.1877019357936582
-7.554087635333519 -9.681974124673307
-9.92163492464353 -12.98387333352788
1.5351071822941051 7.3237183980236935
-7.865315366105216 -10.843352557556646
4.953494872787116 7.315724210768947
-5.280659749763601 10.29933507807349
-8.216835419247701 9.66515012210624
9.288248128992482 14.736299487301089
-1.9938769787123354 8.005837942806522
-13.16607266107225 16.597684508937384
-2.628245321260797 -11.9473467518638
-2.8365419776621836 -10.312982611812995
-6.112052632607488 5.973932529608609
-8.378169307086173 -11.34898476244622
5.804070498029789 8.342028534186511
-9.723196045560455 -10.649909059800242
4.759254061259372 8.947003822266264
-11.240467269925244 17.092544218086527
11.453050774972436 7.5325575529455016
-10.521708942503027 -12.577990365236435
-16.030064277759948 14.422763750625007
11.372868168567233 -2.084027572750905
6.72271202033532 6.726277742687527
8.055859577448748 9.115141806967209
-9.734230250249214 -12.361725234117943
6.208649520915872 8.109391083124029
-10.160994881929243 -12.23629476892517
-12.226511292234663 13.585473670657752
-1.72960939161894 6.953215581232604
1.62481979144928 9.076869944336945
-8.529554223846395 -10.322846273070311
11.369552472501326 -11.294680706444966
-2.9167617437886557 -11.873389535481234
-2.1201402749060945 -12.087167699545343
4.994048763035114 -5.615198519987537
-4.335692061620594 6.311397136538748
-11.881292908879674 14.192345907788436
-3.0715979194279672 -10.786792285891854
-5.826556721057212 6.771521113818156
-0.7481533177152695 -10.638428680665845
-5.273082486828147 8.654381340936148
-10.252942720481752 -0.15631806554145378
14.747748664684128 3.255569295178958
3.260641890985852 2.7422529173139054
-5.631820183583391 -12.288694031865614
-4.711899688994379 6.131637239951928
-9.191789366974469 11.7470824198594
-3.855598633698154 6.136633648134136
-10.313672071589284 14.87631238551502
-11.421874040821091 13.355833838432403
-11.991714369471874 16.525960237091777
-10.801853711780469 15.159877895443278
-10.306125281652367 13.712600806235246
-14.67682789412829 13.77005376541713
-10.693992811617226 -11.822961831120569
-8.88598377242152 -12.130782245078459
7.538957997230806 -12.20285557738121
-13.192022046828285 14.659642076701644
5.41365419741912 0.8679510441110025
6.209768358321398 8.562115331221111
-6.349215215617415 -13.763787760489658
-5.659842039812925 7.753222761640001
-5.149026839815802 -0.7786240539584028
-13.355842717857927 0.551723943002262
-13.34392352845024 14.050021246233907
14.860969017014604 7.687749446389894
-2.581453838117829 11.957395215684475
-6.465149579885585 6.274806284210083
-5.247155515408862 -12.000493248605123
-10.888145141567396 15.920385961751418
-14.158977277953786 13.057886888323868
-1.4329370406064776 -8.121858271816862
4.155041188992285 7.57816995387379
-13.232097931484661 12.819887718454217
-11.778425639496822 15.75780030206128
-11.327510033848858 -10.601934778879325
-14.809514317815522 16.562740278301437
-11.706409543164082 -15.238842229731581
-5.787644771433484 9.058412591721234
6.31060035037827 11.033295854610223
-12.3614079839633 16.06419294530068
4.40030498548887 7.225189895887228
-14.547216750153723 14.436253500365414
7.626534769802898 -2.532587993171724
-15.473221511420352 13.688237827515026
-8.665004308744066 -12.19277591361962
-4.197497228309557 7.623599956849999
-13.233236944101867 15.838041843078381
-9.703866743262592 -10.867026854192286
-5.023545731253321 6.031285614374641
-1.4738192610020202 -12.520045652943633
-4.772490906929147 -9.685139388975296
-6.749650298557479 -11.877211155049883
-7.56147431384416 -10.691516440734661
4.508737348489828 8.671598051578053
-4.677199983347305 -10.839919784834034
-5.171679921324287 5.19231980904722
13.709404974546715 8.270190774420087
-1.7584928652546368 -9.880005712506156
-5.067156430066581 4.998369846286035
-6.021683395967569 -13.664774040996218
-8.550308660865857 -13.126187783495762
12.228444624011498 -2.316091214791747
-11.307123856293806 13.604551789961992
-1.337538898266894 0.5032957948564238
-2.962567042849648 -10.601893301133293
-11.397981394503775 -7.802471411450591
-1.9534009421519563 -10.667013037009358
-1.9319862874090274 -9.237118605669725
-9.169686390399338 -12.72633232143943
12.701541693186805 -9.960726489779907
-7.38651243973322 -9.024785042489842
8.286547022320363 8.379481170680332
-1.2382251122922079 -11.802044124665954
-2.5802026435784082 -9.243311165811651
-7.493645676832962 -10.92111691483501
-4.944603869313495 -1.9676103264067368
3.285782022946364 -7.519946346627796
-11.163763780868091 -12.449317850230695
-3.0154540548603377 -9.56160157056323
-9.579572074866343 -15.352314958513
3.789920529095871 10.256869801733057
-10.185773958474545 -10.87851842965706
4.468674586547848 8.95191827846006
-5.362469875652073 5.941891515995127
-5.294417064687536 6.6475570226057945
5.288079827429018 9.63458878258667
-13.556811322804268 13.258551941335499
-11.216131913585686 -14.10669807257699
-4.195934737239757 -11.574365712197034
-11.410285075011478 16.131118614599227
-2.458413241666143 -8.672483200380183
-11.119857912809255 -8.006753341776122
-7.123409415948016 -9.37205613480791
-9.803267204202339 -11.18615639501289
4.7797225032353445 -14.62443021568401
-9.194531117925917 -11.038479422959027
8.069023901777024 9.365450541523787
-7.729745428462295 -9.159666898273121
-2.5150547059662287 -10.666752556580667
-10.555942099263884 -10.20190858716148
-6.0178487450262335 -14.332568909281221
7.127724038829861 0.4877792006073438
-14.00184805641691 14.556917315499334
-9.149547874947192 -8.538042184036001
13.092754941556532 6.853999016606
5.695424488594817 7.743793768848845
-0.2431592812476402 -11.493055290209817
-4.32249796638503 -14.078625088804179
-9.646673008462853 -12.070959387165676
-5.218434929462232 8.162879261712865
-5.628485344567814 9.747433493869977
6.3247916292222595 9.356182047353677
-4.021992813019186 6.011708964131942
-4.73654240141525 8.793706998339232
-1.3359404782482431 -10.287630378082715
-4.89385965490576 -13.49918100788867
13.55467501978995 -4.729915273314441
-10.00391858851967 -10.977701576875837
9.256483242599476 8.561666595089111
-2.6326565898110594 -8.245535061660103
-8.515453158445318 -11.750520556838257
0.12751759413845853 14.105231737802828
-3.320833075098651 -12.027464045307514
-1.3900878996730612 -9.358778035654073
-11.04389002738331 7.350290173372763
-7.97686852668601 -9.563184740712728
-3.5754481141684495 -9.88815309962589
5.923147395208446 9.029451091485663
-13.664497297431154 12.802726801898029
-3.2847508924394444 -11.783299516515683
-0.6354248073748199 8.810381744618319
-3.6791450993459174 6.996184310928152
-9.68298749852171 -5.576286693579599
-6.606181887903217 5.638168116702037
-10.049296715558402 -11.695162790973
-13.534881031431548 14.496124525671458
3.3099044455514566 -4.891546457478691
-3.057219225255141 7.109246451953737
-12.583246583990618 15.38021918015361
4.753681393280121 7.780564758423415
-5.274710654060842 7.031871841365199
-10.285061841212347 -10.465313951091417
2.9026159876748694 8.113181651433333
-13.84892138642564 14.981762660565195
-7.6340551882098495 -10.36632022228667
-3.174066532134307 -8.59529174055157
5.929816558479459 -8.149955212019771
-16.23676788646393 11.168524898628366
-9.80799364609278 -13.543657884482682
-0.5792247849890031 -11.95472301822506
-8.718002454539384 -6.154783287999038
-8.661510170844341 8.23067486838804
11.978871258316218 8.71135242774918
-5.443221592431322 4.8589054791468085
-13.452108574341691 4.885442969863558
-5.6706778691812625 7.543675548541209
-5.952581976978082 5.792061475102519
-7.554639063174237 -11.902216219173704
6.308338896851278 7.823115792341317
5.5555539757276255 9.17885358396549
-12.306113597561552 16.489052946938926
-8.90000225323239 -11.042468663271599
-11.730888880074014 12.716451858412011
-4.06754152278177 10.3511482293138
-2.5671029439432616 -8.57363093522405
-9.424316703651769 -12.566164744020199
-12.27859468966166 16.21886598903884
-11.655023708424467 15.206733389458808
-5.892558211182108 10.186019109154625
-12.55818578748924 -7.294405255244618
-9.827550118746947 -10.21544432009385
-14.472514259559908 15.895577003098607
-0.6847492226419449 -11.938136561427523
-1.2592311026769547 -11.697668366345955
-6.881786169601023 -9.094151903607411
6.933109223669787 5.826048630883064
-8.69010604674171 -10.908421893016348
-10.178858501745584 15.040052009313872
-13.525333612553208 11.494567640471459
-14.94596985010391 15.854262093366824
-10.250610879601304 -14.191218966693658
-10.083234533113906 -13.217312669376035
4.479661886524709 8.907701820665572
-4.640724917563707 6.5314385384955855
-14.605132886458557 7.9920809390935155
6.052369194255684 7.712715606390182
-1.2605604451060262 -11.153090738931324
-5.634427038837326 6.797340820154087
-7.705328521635632 -10.193931021378146
-4.626435969581891 -12.167577458782535
-12.472724545663194 14.00872176509382
5.325767374115922 10.317255841826654
-4.74030637475636 -9.617428483874184
-11.54508445805941 -13.7343504743299
-9.14950644783536 -10.92407147945914
-5.5895640262584845 -10.20870925189547
-8.645507429000316 -13.605874735584653
-6.418298408816076 7.565187113485421
14.870382437638547 2.9968061889596846
2.0923724467830125 9.892516666810163
-4.92695642488809 -13.122403030381477
-2.473805365123823 7.863830172121281
-9.291259925497792 -12.368624908715157
-13.194002121382594 14.195697896190135
-11.913574983030106 -10.015045523136935
6.836779772978383 7.4612169368375785
7.203518596530442 8.0265555863575
-13.331920603775869 15.07407867668407
-13.056622855478878 14.936630717682366
-5.096743749882599 8.89388372458082
-3.1955333281843 -11.028346631518142
-5.487128554630117 5.687577601080665
5.065839951790777 10.364665624528051
-5.529620184075861 8.90043971935896
-5.749561546438836 8.319296888500489
4.494128627881819 8.055759664101664
-14.335500926308178 15.14011059573701
4.579525327856388 9.33738015901266
-7.869351455133624 -11.724776010982929
-6.524169277421328 6.936957082127592
-4.659171527828905 -10.435580694044322
-5.326862999122305 -10.869794264177992
-0.8310813636379759 -6.943640437882355
-0.05176419478009997 8.686736973573598
-9.721001912709392 -10.795269588274689
-11.681068280169152 15.90211765740429
8.587574918636193 13.82552406812146
-9.82343057040027 -11.887198163355189
-10.825974581038277 17.82871486271399
-13.854208583519354 6.255496887142094
-6.040063116046955 -12.778882667038962
-6.67152107730925 -10.564267530751728
-9.07517078636682 -11.542814278443077
5.933648528502163 8.083622074342244
-13.616962888655769 7.48023440917763
-11.360770224787574 -12.665567391678122
4.133168075216632 6.908335509371813
-5.778758964785863 8.07953508623213
-3.3926691069309483 -8.25462369612753
8.85640736869924 8.046200195427067
-7.9794166695476285 9.708659729095217
-5.727369135341655 6.600572185667788
-14.708248288000249 -7.4167890447403915
-1.8581750881462673 -12.564474288170242
-7.641217126986901 -9.911056842859946
-1.9535740245192699 -7.94123902613849
5.547592033010788 9.69231191673962
-1.1900286884156837 -13.052560008455353
-11.346162474472408 16.9448785173974
-2.3786683614353414 -12.114747501651761
-5.562335612555107 4.569827988144109
-12.990633486891733 15.76220153891991
6.024569143753805 9.0830262860913
5.76394528664763 -8.134165837694853
-4.34969179461533 -11.372600467760172
-14.190722930926425 16.181339203861825
5.334454765382038 10.166124745620685
-4.12606325930736 8.671509331496384
-1.8386244562798346 -9.30817447827104
-8.507261516086915 0.8124880134259413
-14.96935205295335 13.482421994425223
-14.006663483726754 12.871417549337991
-3.1080634238586295 -10.707050227092259
4.691358682215313 0.07452293568596247
-4.757431862880809 7.594784264288084
-3.315612601060722 -10.195654910485642
-13.660528447706389 12.797306553501906
-8.591825302795968 -10.375715609823203
-10.993877058139969 15.071295676401894
-1.4372120790129328 -11.939728082225889
-5.06671244455484 -11.675731149672027
-3.526937999005175 -11.512879794148198
6.373064553623156 11.204269779973862
-12.932521316782688 16.911996269279683
11.515402042630107 -3.3050384647327107
-14.017035238591948 16.62313319727857
-6.832774187008763 10.543280879073563
4.318550690224942 -8.162923706811068
11.69055478784377 -10.475715877305444
12.65516190625451 -9.354691051356214
-13.554475320286517 16.242905451414178
4.50503566552743 -3.749318498868515
0.19951190130043983 1.6263376747739287
-6.677741051366694 8.611317673127225
-6.649911086891819 6.558109855240915
-2.906843949042907 -9.591033136954056
-8.631154279241706 -13.53275294678655
-7.535024201784387 9.414045920695425
5.7330565074672215 10.544637616208256
-12.634965590203025 -10.157949059168548
-6.839103303861037 -8.84967296704642
-12.053194740888472 16.87194405665562
-8.256559248757682 10.160087168949035
-2.461127312628251 -9.930856212822192
0.5408781634532822 9.157890874927592
-1.7599528456190132 5.834552134874745
-12.684218246418407 13.434907413695253
-5.317381997089427 8.987475832485787
-9.764630116024772 16.697356562864297
-5.204754130504622 -11.29689137235534
-1.4978889195314666 -12.104092638099841
8.356384344718743 9.697360488393171
2.421710087511426 7.376402042597771
-9.413260897600352 -12.67084777987809
-12.169635122014371 15.545371166167287
-7.765428301980857 -12.844085801583388
-6.315710615894371 -10.942807336705622
-14.161943017596817 13.251130122970743
-7.012642319161627 6.497868912822379
-6.987960672221133 4.865584610114788
-1.5580785776109587 -12.11916972485409
-8.058104273038593 -11.541275681723615
3.660242852803613 5.166255922787574
-6.702150941105307 -12.445179281615653
-13.74686538928742 14.368444927343232
1.2475285113109287 12.327432173723402
-11.28999270266054 -12.22295596797597
-12.935521378449613 13.222436452707703
13.373506597371293 8.12157836722276
3.6006435523783384 10.423400758173212
-13.035597318903998 14.149319512786287
-13.495984581325905 13.205025554196808
4.738972992160679 -12.679846493477166
-5.29086270031071 6.45081930858403
-9.644635720137432 -13.224743989162288
-7.609027763991181 9.36955898061505
7.981331558903993 9.028853774974126
5.813322747255557 9.964832979944616
-5.883058642790932 -12.029889125582843
-10.00133636308463 7.909258311727978
-8.93473137243566 1.2169191953335137
-13.919154658191683 14.974015653546855
4.919531364967236 8.542579267141166
-2.6431183550108384 -12.230521835979333
5.194254194766369 -4.030866190490887
-13.581349310845363 12.17700308271866
-15.71340439056224 14.076977475504378
-3.551414094659507 7.41182253422367
-2.1771321916113777 -11.471982238425431
4.574310699433143 9.143008191224967
-3.8463539302011287 -9.150052646084106
-14.083822168509872 14.86715888680973
-13.66480471617772 14.868312746416043
-6.093745103685922 3.799437383946408
-12.041332951440332 11.735757939760102
-13.038683876198734 11.634118940162093
-3.9644215850263076 -8.91214292999149
-3.027321951369858 -12.517184039724249
-6.43663466274236 6.8269734568728815
-2.736449411012036 -11.143658992417196
-3.9404143733251464 -14.128584372690055
-2.9014232146709382 2.564097224392256
-8.924304211465405 7.01004555110962
-15.25934708235167 13.89419873823948
-2.9586147448662796 2.406316365451982
-1.4331579940481571 -9.768519850168978
-13.515551602237068 15.245782256918869
-1.4863286168549674 3.605920282537255
-4.974455291541666 -10.79079282961455
-4.5060483313947035 -7.38275747659958
-12.598237710940646 15.197871484597686
-5.4939599149911365 6.954928810701791
5.53135966061698 11.28499995302019
-2.729274623846753 -11.605750181551647
-15.72819793324975 13.852291578120129
7.785538360922008 -3.0693919459776495
-3.85052568438375 4.707870789546955
-2.9345199289473274 -12.347783630359709
-2.9491034517086945 10.296812803009757
-12.87260133298803 16.171671948171443
-4.461537950821503 -11.209860293793266
-8.255923350610807 -13.743857268686876
2.720270653956784 10.109776213360561
-7.368798896461386 -10.451704892071557
-5.11885962842488 8.121727946780593
-13.638362920974183 15.55173508119528
-10.785855109281767 14.98707960654753
6.256769724151022 8.711718666412334
-8.694113065639016 -12.77746074864926
3.588490192829223 3.5379211053925985
-6.546196291206589 6.9270335643618095
-4.947541555633732 6.5048855710760165
-10.788904040488275 6.1586980658686805
-3.9454957668105424 -10.015484526750388
-4.600386576276023 6.603553173652662
-3.3075004429952237 -10.459675753176134
4.396135741263905 10.152123908706272
-14.34446031572268 12.899954241771225
4.033763260779438 12.641202643618044
-11.520269263298669 14.460346508241011
-9.160916035341696 -10.021251417275947
-3.2858867474210793 -11.658159949066627
-13.57617850881091 13.277869690646614
-15.405286089622205 13.869565741548836
-3.826659411106056 7.206558985397239
-4.613271201822996 7.910881600573851
-2.082795990415194 6.758005548483345
-7.308978821681043 -11.801826015519566
-4.806516583123303 6.759135480191314
-2.767484814161709 -12.401895793884869
0.862491510790699 2.663952007175027
-5.347281747868193 7.1211447575783104
-4.380484827326965 13.1320748739785
-12.923562538714007 13.785907567257453
3.487361144887452 9.094242400301276
-5.799515446101704 0.7934158255211461
-8.386330089947911 -11.118923141149054
-10.635013749651346 -11.197295349736704
13.39607909137765 -5.743878706032161
-4.574761563027871 5.951530963983185
-3.995949170604108 -11.57776160166769
-6.491969871821473 6.8076827679802685
2.4214353830013735 1.7870039094021486
-13.64270937607569 15.292353265173137
-4.648181121985712 6.920680316150587
-12.59101076833856 17.293809764392222
-5.4614363603824065 -11.845855099105224
-2.7098210439169366 -9.62077118697278
5.234343737977175 10.53593603602992
-4.221069781325852 -9.797791703829851
-9.53835282856272 -12.133761217681855
0.39008330573646965 12.457110496081015
-2.1673888796101823 -14.024082182012078
7.002546274158249 6.948782234160239
-8.085880855942149 5.635944855267114
-13.623158138676775 12.87505686118924
-2.631955462942221 -12.675640082237946
-6.057114709835125 -12.063955617726437
-5.66173564908642 -11.691970903503467
-3.601564404649716 6.9731549713289045
-12.736758232270091 9.669473761010309
-4.751546802977045 -11.96419703114665
2.8327176647450756 10.541972835490768
2.3530493368448226 6.505062295821146
2.9010235693021733 9.924088588733811
-7.551569616313457 -10.85579720479834
-13.12125538934016 13.872128621225242
11.80788537722421 -14.13387167205674
-14.34514307923085 16.113424767195234
5.902051271566719 8.820781029861937
-6.754737189186123 -0.5189224317148486
-3.625224290141145 -11.976154659753456
-6.17400067254259 8.996489633367261
-13.238340471558296 13.030907301283467
-0.5565061414548982 -11.293924185123787
-4.19413512380826 -9.499162111860006
-4.821680979479782 -10.3643737262035
-1.361686639953569 -10.753566349921975
1.4530315353407346 -12.601795255156285
-7.9431971894301405 -12.50362046094571
-1.8064177898152067 -12.037491513399948
-3.569107571237113 -8.452472713614151
6.605005180155196 7.982304556870092
-6.520059628970062 7.961242204933172
-8.862914703320413 -12.1392162778806
-12.422232874718027 14.540678511270164
-2.535534756974986 -10.693355805493505
7.330920810143963 10.927354176518577
-14.551653284067218 13.449503171196252
-5.781093397501194 6.63228880427914
6.6663823210146536 9.663057306570026
-0.6501866268933032 -10.164624515338268
4.217873209956823 11.398580278786794
4.314198324128431 7.932618467698781
-12.035179849146079 13.917574231645718
3.409204799018977 7.5025767751457
-6.725425167453432 3.240207118483866
-10.032982035365265 -10.542523671227498
3.61227438411466 10.558519163860062
-10.194404947916746 -11.243576216605174
-3.980223737041323 -10.765163292880537
-7.866476125969656 -12.957621304459483
-8.559741653472983 -5.204821660254998
-12.23917922827903 16.980069826921394
-12.599382864205287 15.53235610726446
-9.347853833351255 -8.486751336409199
-1.1023842298045796 -9.298647065041077
-13.138690874084622 12.852698643725939
4.4404741243751795 8.752068034786943
-8.29577842497213 9.634680883856
-7.0577254626439325 6.03417686934516
-11.03471006270171 -9.909135765911671
1.6989695109764433 4.647638855568804
6.322135595864828 9.049393113736848
-13.60563013690746 17.625775028147697
-6.644239049837322 5.513332328906903
-1.6337588710039306 -5.37988492224267
-1.7978009562699808 -9.248107218980827
8.182447137457672 7.99093525876995
-8.971605425385022 -12.814511635099546
3.06372790254823 11.77031396888541
11.907401243916055 -5.777698966451565
-8.732758389847154 -11.678793354193665
-2.9298464419955286 -9.666245663770768
-7.270288040783677 -12.277985117548067
-7.996133437966182 -12.745599880628681
-5.094048916926889 7.73339345639953
-2.7779600030681277 -13.210831963007209
6.177820126206527 9.80259112209032
-8.621893642266873 -10.655866884020988
3.341314415788247 7.299075236948322
-12.84594401696436 7.758301659090883
5.3483357792488935 7.878848476310793
6.798236253906578 9.698548268925382
5.445669459715114 10.316956326720893
-12.437936699820344 -14.079589654061241
-4.906357478191925 7.074448730750188
-7.431809542946606 -9.736562310732575
4.136143418393361 10.222731799912063
10.956882818847689 -12.241236237392776
-9.235777871146626 -10.065943898321954
-6.39240176734695 7.921469712825086
-5.199282451010186 5.8605760099251825
-5.9318004988416835 5.575816008509533
-4.58609831544563 7.940497356690065
5.882002960843152 9.329251993815285
7.434886693723531 10.829742142381376
-10.658190524027344 -13.180465711589838
-16.466135225256032 14.21964206596889
-7.023042895038452 -13.30513814882954
-2.543790099872551 -11.735318947980563
-3.620213748265485 -0.001322827301091678
-14.46328855770738 13.948062902593254
-12.002572660218558 17.602165793136194
-8.264376883117542 -10.241186957747841
0.7380570822431238 -2.2416879888643777
4.9774246313259285 9.107338573056271
-14.235272721716132 14.414805263040455
6.967380664869455 8.886903793819927
-6.959315625467025 6.424662433807494
-9.588866739862922 -13.236407377496908
-12.24000220594821 16.059735245222765
-2.065065958797902 6.607315860253371
-10.861735895325788 -11.268199048268075
-6.46243998695504 -13.882591259418918
3.526981463061091 9.939231566976273
-0.8353360047581604 -10.11848503708304
-7.5330638844100815 -8.221034513115615
-3.5344868818048494 -10.471706084405731
-8.030263817393312 -13.980300496588889
-10.146361593070772 -10.949594435386985
-4.24531033012521 9.678323369023571
-3.7775127315052455 -11.286933866152745
-12.443172543304257 17.114884454796904
7.969054648506673 8.610787175838325
-10.100903703570662 13.126238092144728
-10.849442592315343 -12.259863572207827
6.373330788494343 9.567300603153928
-1.8188237034959138 -13.012969753407406
1.3379051352811757 -8.563269501472485
13.513398665079109 -5.494418939449092
-3.0125536748228257 7.58715520498195
-3.4964165313045346 -10.254803741680217
-4.635909126376735 7.808452887922685
-9.572139523613266 -12.472949374728168
6.9018909747623605 10.523458821786427
13.858015952729126 -8.41504840367806
-11.551130759791622 14.197703491735576
-3.57443564485423 5.486958282541614
-4.213849304212629 -10.51956379906926
10.502219573541659 -5.562648025852589
-5.448512605372974 7.496722238829814
2.4173262218424467 8.64437604971949
-2.3998623101781633 10.159795203600087
-5.613393009479818 7.779312978918506
4.108030500428987 8.154318367679473
-8.853860160385082 -11.92057211657809
5.0588210193736955 8.48601537527827
-2.7749998899904833 -9.204854221326265
-15.531562909163533 15.908689533778062
-4.611589957611976 10.243498373753871
4.292710138078908 6.898441820797084
-12.852630152824062 14.493755451392047
-10.912054919873121 14.787070893103392
-10.352791869407337 -12.730255266135217
-2.540779316690853 -9.525335686383434
-3.083366747929259 9.323821877618347
-10.157616242788556 -14.117806907850992
5.962174379096368 -1.0994923789537214
8.229218676662423 9.51496613023
-13.442823230419192 13.425479318841825
-5.254818189817531 5.914944827621595
-7.090605634112098 -9.791453778887327
-9.339980132917493 -11.237665210449126
6.892577016450823 10.319314934091713
-12.995348764139486 12.74017791585075
-3.7618833957046585 -9.651898716291893
-11.557612529301164 -13.852505508616288
-2.926861312873982 -15.259784248560184
3.7998178728046668 8.934974385005352
3.0467674430226532 8.125652327351869
7.415244596977056 9.012101098123114
-8.085518701533609 -16.004676616324577
-2.6634541087636863 -12.87617265567131
-8.090580041335365 -13.107724486872664
2.814748815273736 9.899873106196097
-11.46433262170181 9.206894765386131
-7.3129492586734095 5.816868075695679
6.062081579835802 6.3163658691533
-6.559921526532406 11.22639700535344
13.66747872893001 -4.247640444119982
4.281796588227974 8.405545842946113
-8.7666492824846 -13.791001184690028
-7.608680343895039 6.623621258444627
-3.5268727372797306 -11.282800629484482
6.38971049476347 -3.10056714308965
4.62287612550574 8.227678697412461
-13.081386034793429 15.010767322905053
4.409245690800086 8.450725465008727
3.9045352701976985 8.622617508634432
-0.30198428033028124 -11.979338323693543
-10.44990824216735 -3.191515676900453
-9.488143226330898 -10.970420470020157
-5.876575878612536 -11.040237376799158
-1.4763914602490644 -12.004478645963793
-4.626348232983462 6.681963383497853
3.974360619014026 10.366469102208885
2.5043496438328483 6.14545509221986
-6.68454145086094 8.607244706959163
-2.2894627475094977 -10.355931717659848
-12.430463466187854 15.543986831359003
-13.885754538364944 13.531693088444678
-1.7721016950808939 8.320290427417664
-2.9635503965847008 -10.684814601842007
-1.9235702061652935 -10.25801781283597
-11.580402796006293 13.354277989319892
-9.0128928845794 -11.357243398182561
-5.727999702345546 -12.180615858349901
-6.795211560183019 -11.208091577544653
-5.853803305973924 8.331717648509718
-1.8987009059800488 -9.454763550459894
9.728937849897324 3.212481839645637
3.9821207614533116 11.224462807064729
-3.4526877737437376 -8.47281519908834
-4.494711012906967 -10.553394162128445
-9.47509345800864 -12.80973120169942
4.45122342666361 -2.9962838630111133
-14.018403507457142 12.759193932584713
-12.229804317201033 14.916760898196209
-6.773844650440431 4.80104550779423
-3.19353960255708 -10.899376357468773
2.53459959694095 -0.3438322471928039
-5.167845373735963 -15.027100805420808
-1.9897661855750997 1.2131853192483675
-3.778522098934783 8.870985490575388
5.281533346653754 8.35215401009202
12.921770420864 -2.8822363414026313
-3.7366462401771763 6.268651347342065
1.8919475535523498 8.81353605711394
-13.905875564920217 -7.453610435813729
-5.806545664619955 -10.596061593441503
-3.030363310079479 6.751516518435708
-12.584646689766785 -10.372627653045843
5.942504229771433 9.186277160517548
6.910483646289384 8.284949958754082
-9.355559294631213 -10.289969302995985
-4.989715416036082 -13.953896296661256
-10.62390491486248 -9.453598671493822
-7.269025607820682 -11.324920578770495
-7.034706553143764 4.7686541696339795
-9.941060463328608 -9.928926611031
-4.364743804161468 -11.373648926041339
0.5750558784469266 1.5209931151364344
6.130395666023929 5.562874863119831
-11.055007281529175 -11.399962148244047
-14.8962510268083 14.399788866903933
-4.797041391263528 3.614489658874116
-8.126198718230974 -10.351326929325447
-8.70883659831753 6.461134126378871
6.600617371556962 11.6822718699447
-7.89028888095215 12.351746843890748
2.5911330683705707 14.512021305795177
-8.80577732302886 -7.895496329190211
-8.877104716936179 -10.95516531012737
-11.100640495809657 15.243235407375211
6.270063017037499 8.654296302913915
3.5553759557184317 10.762487602181936
-2.282684076287978 -9.243843431713623
-16.177445885407003 13.440518454631697
-6.179336425416872 8.803167689890852
6.935894005401629 2.0101649752131827
-14.366005142907593 0.04808334501762879
-14.616020359440679 13.326444055860934
4.810499978705788 8.518778184962898
-7.141415565742174 0.03811211621014898
4.402217555592003 -5.330318632129616
-12.57357826088421 10.833903945078283
3.452769357665435 -1.7474998109621946
-0.5235953924697849 -11.638698316988037
3.27353338826347 9.114095861560703
-4.5723253198931015 6.517084151631366
-15.8096259895682 13.04215263089662
-8.40008828750141 -9.008880129682636
-14.124036645824376 14.693209680224534
-4.299843541940431 -9.728604052906865
3.958305960105431 8.082979672903965
-4.749452035879068 -3.892427531503351
-4.0119382564818125 4.214820626449747
-8.717867031426637 -11.045923373325817
-6.85016753374471 8.045797821738475
4.072884120412803 9.219653330910843
6.104456770992253 8.677340407528199
7.215862654051108 1.447180086106055
-6.6879123206125275 -16.416392110566036
-6.176893073918004 8.604100848025588
-7.2923138668167535 -3.6750394309964527
-9.817101339750032 -11.160571202387864
-5.3543513873716515 8.234718724823434
-14.221898157082599 13.396979044025247
-4.338596185360642 6.577890262482233
-8.696767589628669 -11.364853617240716
-10.577441023600489 -11.494593061098891
4.256336383396553 8.88414494298999
-8.437342526523839 -12.131469510278052
10.816819843458461 4.497922563010306
5.112640691715565 9.071204946361432
-5.854082409214967 10.074605665293173
-10.12523525175114 -14.49126501394808
-14.662551142394861 13.069307443380666
9.250781326133989 -6.640023059763983
4.899866939662754 6.613598359872756
14.146872772468932 13.313376118292751
-13.538104524967007 16.02188546551792
-13.954996552870979 16.24452079004189
-4.068478701434736 -12.909677665377508
-1.6094485778733532 9.838443696579773
5.481748930145538 8.569336886607264
8.475441966293644 5.480168851651072
-6.923680005414168 13.666734669548447
-7.44606733614422 8.968235818503672
-13.759538521254026 14.258598263891674
-9.24794659507257 -10.2877390716809
-12.974550673967384 13.323785608735674
-8.176235943632957 -0.8485258285151236
-2.941197109871205 -11.1720301181487
-9.918915881435536 5.28634284544319
-8.660735374618449 -11.589701626673087
-13.976335598777139 16.72840190705119
4.047971858654807 7.93411749722009
-7.071184017083061 -10.69043873868711
-10.12183363064321 -11.243956559067367
-11.402008635809251 14.134852792888324
7.797058211665152 7.677521642940434
-13.606471057679448 14.458578340328572
-8.73726490208675 5.660019038541595
-5.331258971506751 7.806259292190587
9.076307511469611 8.406037118880441
-2.515653868222313 -14.354063826052979
-0.9069732584825108 -12.538748960614916
-5.344680808629532 -9.84437852718142
-9.760815681547657 -3.440041986833828
3.585093807146106 8.640966343088683
-13.241660093873367 13.989778437521402
-14.54614206172485 0.2927452410811977
-2.376819944349323 -9.883777502494913
-9.873203581126075 12.179394405099357
-12.999119425058314 14.343410181562705
-4.291746184464262 8.144150010268921
-5.332821708441827 8.126143650413749
6.389617707283841 8.590625191072254
5.975830323895176 8.783518543777838
-10.33448805794419 -11.330401457399512
-5.7509766386664145 6.781766246156682
-9.253158915079005 -12.12000476133388
3.7699343429095182 8.11794876740898
-0.7252628764480598 -8.308257386616274
-4.649111273738566 -11.91381125557729
-3.018523730991305 -12.573576064609114
-10.180416363698319 -11.37218609595387
-13.581555439964415 -6.503264489129329
-5.999251379173274 9.167709683412863
-12.909227237840657 13.524493377244488
0.13416729253524728 3.0769039086546712
-14.371545139929083 13.45119581544679
3.571947072149122 0.7732653887831482
-3.419229782405097 -11.789442246251006
-11.079755547964947 11.522704505739142
-11.606026701312372 -8.184883248895556
-17.054548582460225 14.413296872423711
-9.745669327936021 -13.79411281631411
-3.414339146568361 -15.219062014342695
4.372468597859532 11.824234633586652
-14.451782581659522 14.172359758106426
-3.1032625990299483 9.178920782534473
0.19107001421509473 -8.831722456623876
11.434014344115567 2.4127760871593686
13.516596193592036 8.35984212296258
9.993453375372901 6.495696416151186
-7.721910261494758 6.117198223235414
-13.248156311491902 12.214387971046454
9.936271417025544 -2.6815975621544528
-12.33726171346166 14.34398899031309
-8.770067426049915 -8.634729995198285
7.569502907584969 -1.7130020245484836
9.499794850646698 -11.565729012266166
-9.802861165180651 -12.597388257778274
-1.7369055111563574 -11.04451837795935
-5.874701585979558 5.366480396211513
-8.541333872124536 -1.01744394792005
-6.54755296429145 -9.487650978114143
-4.18952944562974 -11.516445870658826
8.278782135414705 8.194634993606673
7.812961249710064 5.682403129729096
-7.65190334136498 -10.340631751742016
11.23133217596542 10.778539272771404
2.4941484230163624 14.135116646514753
-4.111409957926898 -10.922094594742326
2.025740620519553 11.738441444324572
9.649998376294274 -12.711784002301005
-7.538898386983946 -12.61791503579612
-11.352170461389814 16.838000049667173
4.4936286631931255 12.43089721108015
-3.795184810280469 6.123926082335919
14.176094894376362 0.8448380451292365
-13.022080643615876 1.2077976071866665
-6.702525766259337 -8.498735816093788
3.6046808897249027 9.681008378393166
1.1968110731205712 -3.529798953859652
-5.974575073824087 7.5906314811478275
0.29589274403535093 7.680452309266588
8.477350138308012 -13.61305331116123
12.019959733033804 5.952235514315365
-7.89117573360827 -10.72616200311778
13.519156592349319 14.49241569425537
-10.191467430209116 11.02440961626099
-4.173962154180635 -10.901872800155536
-7.559965766835045 6.964523404503973
-5.2403704106039815 -5.7139744660344345
-6.137955791242431 9.28779018096913
-8.0725270283731 -10.890220989015333
-14.290510736912664 15.355112253646123
5.13023357487436 10.190341287059258
4.917028166870394 8.974378852241932
-13.060936555435294 15.092506684469008
5.472446760905906 7.605224060881474
5.276786272537664 9.239384787973757
-3.361408405792446 -12.577791593225475
4.576348052819905 6.794882180860327
-0.9900631043649715 -10.076847322567659
7.4775704888455525 8.964844783922654
-8.287542241236483 -12.161617094919833
10.560701849052165 -9.485925196893819
-7.089301470358569 -11.439042995215583
6.42405636210958 9.415370961927929
-15.13010699102825 16.887996647337165
5.390232293950374 8.609064598144581
-4.283813151543498 -13.506406845046428
7.224285033294585 8.260183471322996
6.255749716456012 10.055231616100526
-3.1877485570169126 7.488106380629919
-2.421889987081199 -11.938347130339904
-11.890361612924035 15.373186608363879
5.518448905924524 8.94545248090175
-14.20936329225469 7.970876012791031
5.714059460908405 -14.057213708169142
-8.420848708147105 -13.211295796642537
-7.486538011182837 7.993670305390536
-6.233450365013884 6.469665039159828
-4.339075959573244 -9.094888244913372
7.702757840871279 7.774858656575228
-6.3561574950058795 -16.317089242733097
-11.890108717891625 -9.734637968586508
-0.6341509977534177 -10.810505216964994
-5.050497044289982 8.412350613639425
-3.417315380519497 9.96059160414202
-12.891911242260338 14.413553651749304
5.251101109584859 7.8552256865988115
-10.13272255054286 -11.35665859380336
-4.937326527842985 7.40514870329457
-9.509057595650624 13.610474598327393
-6.854635186483385 9.007081674809838
-5.015721519491857 9.2736274413455
-3.053713356121814 4.325897607678246
-11.463668481174103 13.587969692233735
-9.856589266702498 -10.094625156780806
7.2005604565993515 12.570391278643516
3.7301624009717074 -6.259290584386166
-9.27092591227431 -12.136826475290478
-7.381830579870616 -11.38183563749067
3.200363206954009 2.6858331603402696
-1.3246962024027966 -8.260652950313592
5.11081778903478 -13.893464201727083
-14.945798068673898 17.589979619882513
5.753961737161279 7.566058081070809
5.5772478461417645 10.940285566369765
3.377616933011625 7.459741182843688
-1.0655164389514644 -11.590046612799307
0.33433303473483544 -13.952469983258558
6.548449541496364 10.300540682064764
5.087768832663702 10.793759267485784
3.6092465058055687 -9.104408975213456
-12.379305514755348 16.09845095475356
3.475240397131594 9.335020341240277
-1.3730514125666264 1.9045003709548354
-7.953114262271328 -13.854967443422456
6.511843698970996 -3.624139098429559
10.56508087400875 9.669035676337433
6.052413367991819 6.3249239481006185
-12.09758825963451 13.519699676183931
-9.089736114175347 4.297649051185376
-9.081253317317 -11.210481704812135
-11.606448299683683 -11.395384892719125
-1.0097918185449575 -9.70991397547798
-10.643914671429373 -12.927133594108309
-14.180177458198436 12.691994553173972
-5.671353600913294 8.941766339793306
6.032891344159 7.169607062386005
-12.256329403347163 16.212850301171652
5.452705012320829 10.429649350560556
-3.4296772418292885 -8.706778755670635
-11.852582340476939 14.980140316924192
-14.00913449846028 14.567729028223322
10.749583428762776 -5.202880017581839
-4.9698555568885885 5.714666383326745
-9.532485886314214 -11.302356387281435
-14.983272281964876 12.136297663263282
0.7146275513535372 8.489614968923718
-5.521955032404925 6.400036085842372
-12.550591182523917 15.193464608492082
-9.465525627536415 -10.587345372273454
2.062742360716509 2.4932290358601676
-14.038812380757935 15.096376225922437
-3.890031432865584 -9.70334710554072
6.913198932940126 4.474882005757792
-2.4950484428358664 7.715432480231171
-9.508039812903325 -9.68431612902676
-8.79375035731412 -13.101678007858037
6.620428279825944 7.205626557044073
4.294185542430299 -14.83558298412494
-6.73894799074216 -7.1854163657794325
-13.54789219657983 16.642413269514662
-11.663985678976458 16.97683204223278
-4.068819288100603 6.671144420147854
-6.459797389402722 -1.7238351320373972
-3.399125715626977 9.485873514039397
-9.415978098936947 13.614083613876623
-13.2614883932802 13.600719564011712
-5.256243532189265 7.833040969063857
-2.906340321990724 -9.824221518529049
-8.402000754631587 -12.207612130001692
-13.576526960772807 12.86109349410018
-15.293917841955018 14.77365801510489
-2.2314547705719807 8.09654223765671
-2.4533935781908847 -11.249544406209514
-4.324480408257248 10.776153620631629
-14.841877006052911 15.986330436644545
-13.365145678384053 1.8957670197786811
6.56554562895555 10.643995215168598
-4.879805511491507 4.597406561779861
-7.253455779363294 -14.439526524639177
-4.67760745205425 5.093657664599283
-2.178293985125086 -12.548039297507597
-6.572310591358156 -12.558439040535399
-12.121415751693753 1.0291574631211091
7.874749854173317 8.293759345545942
-6.763959227949146 7.975241948371184
4.777719948427237 -1.522090376692006
-13.545144417019475 14.680196000565367
10.06264899997753 -9.815735357168883
-4.980599333178887 -13.92902813539308
-8.427057116547394 -13.06994438948177
-4.310135866103798 -11.79591348852766
4.203259043780547 7.875965219044458
2.767815952096306 11.395342702004992
-12.33971203953437 14.538379323331133
4.600432332410682 7.503769761642884
-5.369950873802716 5.9425020532644925
6.3688367497768965 -12.838903038526768
-15.547489273814007 14.641816882498278
1.7811545004812537 -7.167654409642935
6.662096475322292 10.317747447383239
-3.9104173896484697 -10.547564977415181
-5.2475818208278975 8.267395459691365
-4.493621361713917 4.687295082971421
-4.696869024705244 -10.914926180566733
-10.923347233554848 -10.12537876586803
4.288534447592715 5.950079221721932
5.518605458080145 10.684887956923301
-0.2608074391796329 11.504701759333127
4.6947957532404105 6.126764073005444
2.461487146568489 8.371167257791635
5.374278249611593 6.852534378488036
8.59690812428028 9.130726789582479
-15.585680669259006 15.444514792696587
-14.937032439345915 12.410127735749516
4.591051733874879 7.121249841219881
-3.3639604779994103 4.057149619333366
-9.29222842052189 -15.439324435631905
-6.582322936396877 7.565623848610564
-14.683269347591475 14.460282251224351
10.644498469427294 -11.017638739526257
-3.6463080077980123 -9.25113964986765
-9.295633781175578 -10.074237815178591
-12.524388415835823 14.020121821311955
-8.588689597115783 -11.265936225594142
-4.145303121133569 11.528900099011992
3.6776512937616634 9.955003383088739
1.9933984143285635 -13.434796756509416
-5.258124379356186 8.618808541578364
-15.761429390448582 15.7984096361148
3.364335364038192 8.881870491836187
-8.606413578673035 -10.596173138634386
-3.853951144500348 6.1635239766812235
-6.871525553003847 5.3162123868631195
-12.324908109831437 16.667147153325928
-2.7209440935783604 -14.347670186850014
-1.452304444010295 -10.241104142577445
-5.0350998926381125 7.661592786210534
-13.064313432901496 14.102927572300771
-7.65414456491769 6.765902678207469
5.863730838695793 8.289883395783196
-4.627117054324767 7.9519896331236835
6.7254596754847515 10.685572959391653
5.851950746852152 9.021789469595506
-13.645030134635235 14.01302165066545
-3.485059980920928 7.245621051128099
-6.883685347608017 -13.92641559365899
8.299935986333985 14.842104908520763
9.118573475880513 -6.834480248762775
-6.802715458104457 6.14379240030186
-0.8664331691615046 -10.460341031215751
-8.483786685642244 -13.640307240097428
-4.569465840777557 -11.869404683869426
-8.767390549497197 -11.432004264526968
-10.280741406411293 -11.456734706636977
-8.572822032799435 -12.954698984771559
-1.750513479010192 -11.395535772302157
8.865130477618841 -0.46973239618303175
-4.18679801274908 10.016469156766204
-5.676516361817535 7.429535513106189
-0.7941068651879739 10.558237078750942
8.67636448153192 -4.3637680716616245
-8.252223043373307 -11.802760094567029
-5.482381942361225 -12.961505477772189
-4.722861084860103 -8.880584874766072
-8.113644322066607 7.648190689382673
-2.958539336504672 -10.778076408374723
-3.160499062416206 -10.890979771316164
-7.241701596461164 -8.528286787790513
-4.953938561002308 5.281301363314998
-4.060228561725482 5.734824693784121
-5.282309898473739 8.569668604546006
-0.48180572898364993 8.215113531794671
-9.927948251498135 -6.109466297784422
7.578248487601197 6.913349974047332
-10.885568896922797 -11.280192711461886
-12.164799131139041 12.589697003375239
-4.743120146455027 -10.182287473576713
-7.341061258990787 7.545805394214168
-10.24238545043595 -12.184661613737726
6.403022636091186 10.327440363503149
5.0156041762965735 8.323984258713573
-2.2220290130521256 9.402772843167755
-13.555580075466242 14.37866906726943
5.444905800378956 8.026133536443554
6.4912284828140105 11.914774033111076
-3.1105263273122414 -12.675131347427829
-5.213842212879054 -10.652998125151873
-14.739629638316229 14.60188794499927
-14.283519870890345 13.939618610595963
-7.041693742612061 9.372651189745405
13.62570436638413 -4.440996947850991
1.2018579531601183 3.3339665302055437
-10.939044653377069 13.930716712870096
-0.7179286938148488 -11.675377542494308
-11.71619665665333 -8.984404917953102
-12.302173485043753 -14.652215450528367
-4.910237642575655 -12.073775178785597
-15.561705301151422 13.20706168699496
3.9023676682410606 9.630208181296716
-12.777926269810106 13.997646052538075
-13.641472862851508 13.72793102331806
-4.750043977451147 -13.822082655713201
-12.186407038708099 15.398514547871848
6.21968310412444 10.204339813170503
-9.271887572622507 -7.117022896217264
4.983026091203752 10.847992448323716
-9.904334688948797 -2.0539228186186413
5.064484770469431 8.21368273051679
-5.761367373996923 9.3018509731546
-7.430126117514732 -12.239551073790983
6.496352196431458 8.453548985450935
-10.107766694508596 -14.6948931228629
5.9492781104299715 10.983055484660355
-8.45690592961902 -10.588630300278954
-13.328377501181752 17.414804904178233
-9.673909204786467 -7.420101043402113
-11.264247093255362 -11.61971983050118
-5.15091479029684 9.584149318286098
-11.409866432952665 13.86965937137835
-13.41462399750334 0.9985416487673522
3.9206142725048974 7.832809885297565
-5.910007738060358 6.633178921006447
4.760559823667073 2.7032503047105614
-13.619555896607823 15.375085606600795
-13.56287224205073 14.50984797112896
-6.090483981705048 6.491357068971678
-4.0145710521701075 4.346268972039562
-6.9208998396409385 6.171555292285503
-5.903549956108205 9.072562499823402
-14.189068135705774 14.662975545538568
-4.3696035783675455 7.047310686077313
6.365062594508863 8.16965131934203
-8.40816724906027 -12.405784397928327
-9.012211881201 9.079280177010308
-9.643627446368146 16.015893746218826
-10.589887473776962 -12.972838856672158
-0.956861289681467 -10.840695474097688
5.449464760742424 11.112085526785513
-9.469132911658845 -13.177455786651276
1.5081632793513213 -11.897657968834736
-4.5423935151258945 6.921286868542549
-4.82608238288061 -11.404481683343263
-5.340581914006629 5.917843583268776
-4.278143873925821 9.079151554652487
-7.511092796486577 -1.8813595664620806
5.4767232017925185 7.884433845013996
0.2684475415909908 12.590611725731364
-9.503298776395154 -12.243533059428563
5.075191627347753 7.587588038961849
4.472726289562824 9.606418907447603
-12.196212323967764 -1.9639726689978492
-7.5630578930702335 -10.072357144541929
-13.438316886901925 2.0003540797275967
-7.178628266823818 -12.968272695461419
-10.580346022011984 -9.510325321064183
-1.5699730991984235 -10.54923987746301
-7.355108819784453 -10.452513961956175
-13.641210443266525 13.552786887847503
-7.176895218938096 -14.744438301717203
-11.726858556072612 13.169251949797665
-4.388743019863329 -12.260308157785174
7.142318013483518 10.871693882805745
-4.1307462981198695 -9.916996609518632
3.452507772122301 5.924211994820058
-4.735578173014475 -12.171445026108465
-12.282559057598604 15.357563207374712
-4.8404405403789905 -8.367837336681578
-2.702928139918708 -8.5903529836648
6.752579539775988 10.402824318609325
-5.526988548674535 5.589828680573099
-13.960866941928233 14.45105531617587
5.747701744220612 9.915694117565018
-11.866582526402386 15.394617369188907
-10.526255514955945 -11.749950446299808
8.17990850630625 9.280808966439176
-9.132274873389704 -12.115668627850976
-4.055262413932626 8.78723864892443
2.7899471943339584 -1.3218734875471778
-8.031208629940371 -10.825930064277088
8.596733430522576 0.5292400090399081
-5.476908796621859 7.912750917548001
-12.667866193496137 14.3679670471535
-10.653156856330591 15.705283103765712
-4.0108330983608225 6.137055333388128
5.039156534126688 10.646712574223065
-8.682802093233768 -10.98003857842023
-2.81689455582806 -12.5807311567225
-13.877878825248168 15.658615010672932
-4.185336879472189 3.849931154788484
-12.575709520709614 14.098407648212234
-9.163632429596754 -10.386212405041984
7.347308568549053 -1.3312455108915469
-12.549281018951639 14.638069843270582
-2.568472425881515 3.2448095215265864
-7.805546756736439 -12.634793799750963
5.112143922621904 5.1561430787056715
-13.278776622830085 18.772307822835806
5.98888528820769 10.204574212122798
-7.309615004999107 9.449412512680418
-7.207288942482901 -11.088572584308805
-7.07086652363267 -12.15361798907378
-6.189939603320663 6.718557676566627
-7.9049928768360544 -10.344474000135444
1.046880974484253 14.960992569162666
-3.521981350600755 -12.540764944165234
-12.852363785270848 13.63865149291173
-0.2759711117020536 -12.553373606106653
-12.34908855429173 15.499615593452718
-12.43419026719516 14.907534560673886
-1.8245444675558333 -10.380937667446341
-2.434891956933971 -13.662235302930842
4.0776807044261005 6.347389051135215
-14.29658573924526 11.246007190969026
-8.0095931380248 5.9319123312754485
0.1830037702662164 -6.848033476148855
-9.5388422179078 -11.522500923118034
-6.052096301126385 5.890251201543957
-14.280873889381416 13.12974294439956
-9.027435711767245 -10.674237809236658
-2.610969637963242 -11.264395883534565
-11.750280288182712 16.29478660650049
-2.1776221337865325 -13.753359036451984
-5.80687009943676 6.097647022600368
-5.016091516469145 7.304342744765141
-3.4613889828193916 -11.991072974662423
7.007732030381771 8.533229937595507
-16.74669226184607 14.065889677132967
-6.6957327408468945 7.012513789853088
-6.9708671349104545 -11.399509907259286
5.977661863510458 10.08401691703274
-5.6374672696849535 6.488573091608718
-6.40574583767295 9.049935036462998
-2.173032781164036 -8.857891595838456
-7.29177056286246 -12.421620321099553
-2.6733123751775647 5.520289386552204
-2.388864334655968 -8.195763315437517
-13.39187501615721 15.967195862416805
14.763135772013008 4.283436535932047
-5.371626091851774 6.593504859973908
12.020091315372689 11.927330029955087
-7.379115013502684 -11.010935065478588
-14.671027553048859 -12.460120023725118
-2.6683500992690434 -10.54661081002704
8.033843571053918 9.619839743107143
-3.8984798435458248 -7.3796319404689585
-1.1522941229606896 -13.489879878641805
6.493936518635376 -11.904301161180129
1.17197333723567 -0.9497906817455117
5.642074469554203 -9.513475872527762
-1.4007152186297211 -11.55119876404781
-5.726679365558449 6.849666840124919
-5.502529854160773 -12.063523325278894
-5.146089428099174 -13.06467150550107
-3.7647972344796305 6.646316717344142
-13.125358450346855 14.104677203602899
-10.098732247322443 -13.027933620200184
-7.359770903298472 -10.94920483504811
-6.256972679484323 6.208192288932052
-4.125152635313784 10.527237839553397
-4.102652563956941 -12.298412267433825
-5.932871512958144 7.077487200649909
-4.7210004829540875 5.8920256199699725
-3.530184986638374 8.265682338357514
8.032154455545346 8.470656227245547
3.053315472950903 8.44149463345118
-4.558917895469693 7.458770883283065
-13.427996779206309 15.509213016417654
4.817512815000153 9.838020587668398
-4.115722334391293 5.30740955778812
-5.741247991831633 -3.0899993206024305
-6.438111608899716 -10.790848777731133
-1.243298717704795 -9.88757308639029
-15.5216951031423 13.416384880052291
-13.930751278947321 14.05056382965158
-9.306519149125311 -14.08868957769685
5.5422668838280575 10.711749277754835
6.622905084503522 7.195071536753169
5.52502016919035 8.640372832404893
-11.91410971152767 -12.001837862248033
-4.419719875609722 7.547473313475888
-8.074627939950402 -13.882470294688874
-3.665261059020717 -12.567145331640381
-10.623715651174045 13.864078339280512
4.4495182680943515 11.195000084280485
-4.029461696836739 -12.92404789098626
-8.725537854133247 -10.921746770391406
-12.677910347226625 10.923749162420922
6.723792170723491 8.518730248511277
4.2273244266598935 11.177344787097958
4.022692149789497 11.705800478112913
-2.992181364378454 -10.386479793430524
10.885713308328214 3.5385233674535925
-2.1941040240015286 -13.38344660586716
-9.501809190685968 -3.8222236944495016
-3.292488920236255 10.376514086134286
-7.614603228728526 -7.141974978552312
-5.630873113906643 8.153835645765346
-1.2079972442069749 -10.246831320474348
-1.3229523359512065 -10.363169843044485
-6.429482086198158 -12.53841534229757
-9.340600842023193 -11.66309207864007
-13.30262909918705 14.930165545208277
-17.282093981993594 15.583128232709988
-2.8349447083896817 8.004616288688606
-7.830149493794638 -10.740318927094865
6.106274513721403 10.605311250786519
-5.133219462887235 9.366322783775631
13.301028580019246 -5.580544228664083
-8.130960031318352 -0.12375954745276374
-3.4140738788288245 8.610972557935648
-8.461988475576986 -11.8784254079613
-15.752384010054229 14.763291652564709
-11.925455526280842 14.252163730338495
4.465056458191626 10.318936509504908
-4.6556511335606166 7.629268349646731
-13.20117398121246 14.308664539106637
-4.16685802239743 7.592228108662178
-3.830504137790362 10.264137075300217
-6.183781302347885 -14.283973422536086
-5.238612385363908 6.935224762125108
-6.266428880172469 -9.122726256068361
8.56440346128818 11.469994885206148
-5.06323841151497 5.160951819153654
-1.9995580828566548 -9.273703189457834
-13.977039453694623 13.07109360178243
-3.2852511077662476 7.467636847873463
-4.928431122732704 -10.707412686722282
-2.51294756409911 -13.58250683393867
-13.79292390983754 14.866918271087483
-2.3896264768740423 7.177279543697912
6.0582281907770605 7.335494205191828
-11.753575743304198 14.99579764396872
6.384905506096389 11.582596859633677
-7.2669279180748365 -9.940368506007452
-6.390137955441023 6.32931509557733
5.8815342996248665 9.077154298017822
-3.8759578489020736 -10.472651839057528
-4.4970735220260405 7.784793912430282
-14.73347601609927 -1.9577417302921436
14.210643991315294 -6.260479631575842
5.780134142367027 8.018475009012574
-3.735728672414708 6.258555758417577
-7.59521459411761 -10.527670327587693
-11.12742177932819 13.44180648449177
-9.628867230701529 -11.413883535999107
-13.392463750823243 17.472777389043188
-5.833176807734393 -11.850946569189208
0.18879875073785035 -13.81984749088469
-4.82704107794759 -9.971805520886644
2.1857492413701793 8.987679510957387
-3.68001310131178 -12.971358013890926
-13.526445768788184 15.8168869786802
11.135934823184211 -14.196793878641207
7.036456006308793 11.247807878420671
-5.061616975474657 8.018675368612605
-11.057341370475749 9.30208544569589
-1.2392745756156793 -11.705178543175588
-9.774211544790218 -9.869714450242839
-9.304162957936475 -11.46619988094883
-10.800512328176879 14.82233618140979
-5.62507987784472 5.931392502701689
-5.21738932954692 12.886353339426844
10.416221118559335 -9.479199367923698
-4.35154537253344 6.421581987826264
-5.986168150081303 -13.065169644656562
-8.416941444418919 -10.194955161653965
-9.545819510440676 -1.330160361299333
-6.163278994915034 10.12615442146992
-7.867277862702126 5.2805186379198865
5.2535721164511475 9.532865698518235
-13.769000053894647 13.666214496731797
-12.502017856020178 12.199856568125695
7.348938730063651 11.139498792518584
-8.94934613637775 -10.274755323618592
-0.9909942590325826 6.819041488198918
8.059462966627306 9.403866834185948
1.381164360704374 9.572822307219248
-1.4377752907200365 -12.972874059363589
-14.027135173701478 15.777656331487156
3.3864787689463784 9.23511477820179
-10.614639243247145 16.307140327468822
-4.471895067387783 -7.850009131339158
-7.897402623088476 -12.274918340006984
-2.7930851179972374 -9.176081976169101
9.419405020411505 8.019627267082612
-3.6529553898905496 -14.861296869410753
-8.839806750696365 -9.593059408360894
-5.07812042027742 7.800257727702153
-2.4616023345597724 -8.744277429031033
5.756461607142785 8.30723927904347
2.5414890313636853 11.024470012268385
-1.2988202794813102 -3.5645257912508796
-6.224658095965053 10.950354589017621
-2.662501268182554 -11.867614409640431
-4.058506406735884 -9.375956563586147
-6.818177312956216 -10.187489699971822
3.829961499400151 9.494508709126293
7.180660795426547 5.213123025483579
-11.74771588509148 16.06808713226984
-14.063944505424134 17.477443959121405
-1.6761586027846533 5.041027850032918
-7.3390705314145634 -11.19707425418121
-4.597806922747207 -12.646357344169854
-6.315370496437243 8.935586518547304
-11.499256663064351 14.643513861632382
2.3664603685107224 -9.648774975698448
-9.628247624685029 -12.427344471738836
-9.867270737301718 -10.70711025284466
6.3983950901777815 7.428576818938618
13.83445712886271 -7.008601917404404
13.326492942204474 9.26256961784139
7.709977969780173 -8.014059582264602
-10.888028472291698 16.119583533205105
-11.928171579126762 -5.753851119038719
-14.614210629812877 16.832789419447195
-3.7864603318847134 10.200774383290824
-4.8212205639862455 8.480724540484955
6.01317299826832 11.130810057821382
-11.42060961287272 14.596516074932262
-12.248560516923144 14.262897128672575
-8.29323286895411 7.242199274769795
-1.319863968331461 6.879757652405516
-12.919448188412803 14.374856533661958
-2.6170972415204257 5.943995019615092
-9.446561000821118 -9.475804265840981
4.027645781728611 8.997952655923624
12.394253111843813 2.247907157920487
5.908086538968995 7.006252658542732
-3.757892181942603 2.3754916138162088
4.23212482014338 7.975205080093733
8.442951407622122 -8.702096313347182
-3.688459389251462 8.666252166867231
-5.052512220808551 -11.186851549980446
6.200529935048871 10.39913025000817
-2.352393452766406 -9.779000571489
2.7387692831087507 9.333164226306625
-4.455686426272505 7.088204660590615
-13.016397505657336 15.253838086318366
-1.595016972208631 -10.537780975218949
-3.7618728493037663 -10.042815897727895
-2.7258598572188864 6.59870853433883
-8.781548851817558 -11.44484091873614
3.570715657767294 7.685288805186815
-5.814505340094422 0.5413350269601516
-1.00572200885793 -6.920317302407369
13.799253275498359 -4.445495731364769
-10.911454645192103 16.25649080871271
-4.132132446244161 9.930564605611892
7.279372760583772 -3.222479041351175
7.172834969169483 10.073365306184293
-12.35031148970382 13.24259462559442
-7.073294428200553 7.19128644533091
-6.433992408165964 -13.596977218409194
5.052081260147446 -1.6375493555322613
4.017161910159859 9.365767908151698
-7.413600688205303 -12.05081827156828
-7.446527391716884 -11.359451543618627
-13.19724300971419 0.6137721678756165
6.2484134229655695 -8.920002531821865
0.654556998767887 -13.227095679745771
-11.433437531162129 -12.41093001436201
-13.322988975796717 15.067371121981212
4.547794420712692 12.241841051705102
-4.925298165135906 7.466355553904114
-5.458631232199817 5.393966598240267
-11.189068932098374 -9.50794125387516
-4.080693114252666 5.641478822137417
-13.190592486553872 -10.601205107403263
3.3336142714677037 8.82197437907999
-2.7264114807114463 7.412341609010142
-8.360330276757683 -12.502182410466691
6.079195756423272 8.721009907607796
-9.63126369413745 -12.347691926460987
-7.283239948509844 -12.464963538281907
-1.5723323901571764 -14.79077517022132
6.742818029369308 9.50705208368367
-3.8596308522807146 5.4166524899160535
-7.154521831288248 -11.058823931143094
-3.1310819455658763 -8.964326706483046
-13.304005660725092 3.5372558331362676
7.148393013453026 8.106722638558418
-12.73663638534272 -11.26048744690939
-15.012500331379142 14.133258577598578
-2.222617163322774 -13.129343831942474
0.5887361335973704 7.503484363894106
-6.18936002775942 9.408938558817797
-7.898256158467111 7.897720994360341
-2.4380287313808697 4.291531083353185
-4.927599447916846 7.342944038348622
5.587083798939784 9.873195155417438
2.0894244438973217 -0.7849163933429129
12.397512803261723 -3.134679672430835
6.260414971416926 7.177722691695025
14.58508477453682 4.257207287073253
-9.299181808540654 -9.210628887566973
-12.76807115516853 -13.826844449118305
-3.148588526176026 6.582631129410254
-13.591326239176063 7.904302278547473
6.613684485240125 7.1264563354341535
-10.91286108628588 -7.144329793219533
-14.010338367032006 -8.25873840474798
1.8131884979786372 9.298768105320988
-8.959061372399459 -15.502067945298386
-0.7043495673087588 -13.527963685009205
-2.898903087168745 -8.80600840275211
-11.81932855056042 5.677810965303308
-5.0318741298289655 -8.877146405872752
-12.127681272352696 13.718879163720459
-7.98089713815138 -12.089392679469446
-3.5345622566264288 3.957967544384373
-7.787319523076337 -9.012169654008286
13.177017733363591 1.1715756474609158
6.72352021549718 7.21972024225983
-13.18767305343407 16.860171806196604
-8.053391641177981 0.9595940460456553
-3.9320048292093763 -10.644079745145165
-9.22678285532629 -10.115851826515632
-13.37183886960875 2.179620118373588
-14.994879326120463 13.277351511414436
-3.0187725228178595 -10.72735251969387
-11.606567091390447 15.127377480581725
-11.868501856274282 14.758771931790923
-3.6971069523522093 6.5836684466744115
5.844372427469515 9.157450878763832
-7.538313526384989 -13.77767483935698
-12.705970314339144 13.664679404446792
5.308470848142971 2.1958319659819736
-13.223711168372757 -14.693058699741977
-3.950914927481179 7.218650208836244
-1.9563466583180458 6.192568694817707
-7.737619528483927 5.962997286004136
6.198737533078015 8.586959012166785
4.663161395193317 10.544503916337584
-12.333499615571398 1.476775556387338
-2.3662274740561156 -10.9152602240367
8.180036786854583 7.98027044619746
-5.0865450138568145 6.998270850308344
0.5343660442907687 -4.457903991011866
-1.870001838613248 -9.78976742646829
-6.443362151450012 8.461375224386098
-7.4604011138207404 9.059320656772414
-13.18606806611095 14.221973849688132
-5.176724722395333 8.216831127094615
-7.129784231752609 -12.467655618772547
-14.14509458590093 14.73496041340795
6.995158820567836 7.997164939312475
-13.119437238050201 17.211933552081167
-3.354490751101136 8.515679910182499
-1.1173138981669486 -14.0938468226093
-5.877636989490047 4.913103752407727
-2.833079239371703 -12.527293718455049
-2.375884699867867 7.06108513738248
4.717162420442453 8.573171146194676
-7.4282715220853195 -10.083348229011797
-3.984451314785301 7.361014389672352
-8.974701362377465 -10.099947173277645
-10.55169266990988 2.7232677258269007
-3.0641931958533846 9.927444299109048
-3.1810931781735747 -8.878140174748784
-9.44139414906276 -11.365642931383736
-3.5423270414670665 6.306435187426607
8.25166810974548 -7.944433163312087
-3.0068888426937233 5.299907520887174
-6.056208207711342 -12.451441809267447
-4.78942108665244 5.744097662314538
-11.250700865201976 8.917677212259983
-4.259572598787479 -10.906878352699522
-6.064432806000076 9.972301873567053
-1.9603184832355245 -11.3817527474526
-1.0667963382399965 -9.935633552285992
-2.918732013216722 -10.97506139305467
12.509998713449793 -10.828642231782176
-14.35331650266286 15.126016219094879
-6.182099929717877 7.86453725944666
4.8632149952366115 9.134229380801074
-3.5600690308572025 -9.922013618499724
-6.291273268501158 -6.908006385025358
-3.491438417079358 -11.756595495513363
-14.251353284970566 15.147531586861499
-15.611988047498766 14.494736414942436
3.339700042457225 6.349163398825014
-6.310267245843566 13.81101653079535
2.479188776849252 2.162731006900419
2.8770528386748686 6.463547176837215
12.44624797322415 -11.9933255417161
7.116172217879612 8.246988539423208
6.017946140799252 10.63120659583707
3.655760829153633 9.600329545065819
-4.630689942789719 -12.427268491622353
-13.383028506645056 14.873840133623268
-13.432095693875713 13.049834397667317
-15.908697464692672 13.188147279901656
6.197914775435349 9.180653797656376
-9.610926317394258 -8.901878329924251
-13.017717740947788 11.424158527420424
5.327652162791282 7.856310017865649
-4.2797164235253184 6.152412159062538
-7.197712842920145 4.090298008147556
7.5923807185232555 14.689846586491804
-9.94836643277224 -12.355897405634582
10.210105851238321 9.608321582311163
-6.109006695326679 -9.798840481559656
-8.876954438590072 -11.402778694580318
-4.2030331190595565 -11.322669167117924
-13.253425683529832 0.29441860611651194
-13.309403355939777 15.633950836400775
-5.775884267439457 6.876814332598391
-2.3588047167105706 -9.168529842527919
-12.795605856081124 12.304991710190027
-13.284030426885757 9.216857477437348
-9.31533019546626 -12.717094801745098
-3.8254937410001717 -11.619658867406674
-2.4661656209219958 -9.97027128736572
8.908249705280335 8.108897192569113
-12.863817705079654 15.438620051059361
0.5114236920642998 14.33806935253848
-5.285947891214248 7.287006148543874
-13.020894308621761 15.401255335467193
-1.9441107562776265 -10.712401524614144
-12.418995349731043 14.98439765152006
-4.185062407666155 8.939196911207606
-3.912011093054147 6.023081976962948
-4.501140361184051 7.770133626949851
-12.364222212174788 13.176844925303048
-15.171217465765913 13.80561111703844
-12.701893056689238 16.8554483421011
-12.669137934119554 4.100239811505553
-2.8387061761953105 -12.06966273034321
-8.216181603708266 -9.503505825565737
-9.414440441352724 -9.63861726173781
-7.119742565120028 -13.008421957113288
-14.819624264769715 15.103731676856007
-6.932557304179175 9.509043753598286
3.9553668555363366 -10.037788234419542
4.058729213850603 8.535424244827032
-11.631279720268017 11.458165663316791
-6.252445687911295 -10.447801567051387
-8.611043076176333 -9.50825156433536
-6.213417662553707 7.034778153325585
-11.991442713966347 12.473531068627322
-12.476606789743455 14.966026366668132
-7.2073519300247 7.678492047172518
-1.0821492352045599 -11.110778649069683
-10.984759229778973 13.413785396846539
-4.032915921561889 -10.390272066585759
-9.964461505776672 9.355308183216444
4.541493723002247 6.331877396056784
7.171347127391671 8.533996499836414
-0.7460881760609777 11.19424595306726
-14.757774457797519 14.06498071882791
10.933469772094323 -1.5816307529622495
12.137583022500948 -0.445034516134168
-12.08344948711349 -12.292217468701601
-0.697799214826258 -11.536550354823905
-6.236145715332479 4.34598627128476
13.483934465432277 -9.556834258945646
12.927667673627205 -7.890611144052278
-0.030662864726442862 -12.851803533577712
-4.722777970680067 5.478274999997588
-8.442145618414383 -12.955639662665181
7.705786678185565 12.428954780936404
-3.142433482177632 5.0506540156083695
-7.36284668459483 -11.116256806906227
-12.427211375690357 13.631135347303964
-1.8422910591289348 -13.936634461723331
-5.281213024693896 0.6387159025827582
3.6490693702702863 10.260706509759661
-0.43591331369107955 -11.801598293068627
0.16877657080477793 -9.01132053837092
13.8610087718605 -11.38635680549736
-5.523257687697902 7.852638899367344
-6.590798102431609 -12.912910585799578
-3.840318720365433 10.21317960657407
-4.3427873130470935 7.625224256979697
-3.771302999452335 8.922188518835059
7.351858448336461 12.595393677041141
3.7110378352015125 7.6498300660688985
-6.6752856024325835 -11.570951792295503
-0.31844760992657495 -7.935240826728206
7.81658080518697 -5.033359288603673
-14.390953512772233 16.035110177735252
-6.178469499306578 14.6643116583782
-8.764395691810467 10.47828318003473
-1.2242688191372033 -14.012330661556202
-7.434353289820692 7.2902670716210585
-10.633623594491425 13.703132327235073
-11.8495864096664 11.089982189586024
4.345575790708946 3.454911964633471
-9.529601448242246 -14.639067121434593
0.33498208692734543 -12.417621599705573
-4.018866737340106 4.6921112270043
0.6712133072503121 -5.151483885975134
-1.7008633162886189 -10.56720255559946
-13.211689166674471 13.391211851621549
-3.2862635346770728 -9.973617336771925
6.437767118465088 8.126806534969468
-14.405444966098536 13.245715549203153
-5.896488390018086 4.17482664092511
-9.727176537342153 12.376764022639929
-12.735819427884431 16.87000987793133
-13.188729938424819 13.715486623535861
-15.066104018620162 13.230188258468294
5.381634365823641 11.724174321133372
-1.6624495156423968 5.960934285340562
-3.8341763164544096 -11.386797385912548
-7.104569543650074 6.743376624486764
1.5013401533418431 10.663390651997993
11.106177220229796 -14.514853425404393
-9.111171809232173 -10.193510000788912
6.169458050399057 9.549893126877228
7.625041825448857 -2.6536460973508973
-5.830086497763297 9.81674825511131
-6.95221049957823 5.713147475832383
-2.5480390006898936 -9.735205756020068
5.995609414729469 9.359102279699977
-5.419304136108167 -9.73241223958134
-10.073222036515915 -9.472584510430162
-3.2791509969429424 7.746368386512055
3.9276835453431893 -5.3652166253653775
-4.146794523726179 9.271029134961426
7.069290655088608 5.14924140686802
-9.3735021641466 -11.782709099635559
-5.096079603248568 7.456092594379699
-10.715666011151072 -10.865278752715472
-2.7722183603120123 -8.882315943528337
1.3806288421998119 -7.252285619910607
-8.888062459753861 -11.78408159545621
4.909574431491667 8.876356584923998
-4.194212519536784 -1.2587140838838309
-12.809608183360526 13.14492260739351
-13.041247656288055 11.923489701073606
-13.25265383950475 16.851613397379502
-5.206380559319607 12.755372774767437
4.73250064125523 8.411684667172365
8.768032185623657 -0.5939257115091259
-2.6726833838997326 -9.640300836657998
-8.865257121900786 5.929168429297352
7.584607546265481 8.019874543318329
-9.472326328701007 -12.968030288055353
14.689041870156181 -7.072160109325651
-12.550121974487187 13.483124751075309
-6.842527112633224 8.002610516269506
3.866043554579705 7.97524416500638
-6.311736098153959 8.141492056762912
-4.846106189542971 5.6303141909246825
-4.509143196476347 9.280559611343808
-8.455929616427733 -14.634311381001023
-14.069644511317176 6.5645421424473405
6.39039338521896 -12.70573126962185
4.384932726669575 10.396932679068692
-6.55602254762737 1.890458404910742
-3.9009271031757917 -11.435885333021517
-6.58057088753903 -13.13823432126425
-4.199471277336568 7.238346158139238
8.316280281874725 2.0252484399800217
-14.618304958472084 -5.377004840693138
11.81461635075053 7.234097620771685
-10.060679062389886 13.518402722489773
-7.6650646857155 4.424863326412538
1.2845784675840441 -7.890498566034517
-5.942666273776329 12.855134988516166
-11.658924211062175 -11.585254565257879
-6.710703149011452 -14.26446195965853
-14.34595212395386 14.990972685084797
-6.97885023601296 -11.71764154454539
-8.108416870758477 -10.549147848361976
-7.112584334296625 -12.554235017733504
13.692411972677576 1.5780452891709054
3.805683821855886 9.565131463019327
-12.052787439933532 14.023735313629555
-11.702924248442379 -9.854297465899434
-7.718119938596226 -11.442866656764448
-15.583543629722868 17.194876684959368
-1.645334062953744 -10.667747016682316
4.495614503076861 11.776641088222231
-1.6936735450618279 -11.718104176394696
-12.401014253862714 13.625487809894736
-3.3679399614511727 5.703279580860532
2.6853282689199736 9.22716671822638
-1.0894144608899743 -13.425112794724003
-4.558225164426679 -10.644216955804817
-3.6930119753635875 -3.9642044744891063
-3.561210023804694 -9.010060956056876
4.938409938084625 10.538992474726916
6.040197005545435 10.264767526480993
-11.011706833128768 15.409652841280398
-9.201301410154706 -12.373334833471215
-4.839960768359553 -2.6841720437513334
-11.034812419857701 13.681284011251304
-4.419804681420487 6.734819264203945
-5.346977037955941 -1.9939807833567578
-14.10515048391134 12.29461474784173
-8.369087819903823 11.613852517778469
-6.425700706431718 7.531994674561057
5.577305405573281 -11.96359327755734
-3.2913448923194095 9.26021264065718
4.928164540031507 8.602792971796049
-14.905602173951655 14.141658419928078
6.471534235564867 -5.015760356721016
-3.2500605783110172 -12.006392241094863
-4.254814926449528 8.01160951713514
4.16050360145935 10.20009407679797
0.04809505936134428 -10.836444189307434
-6.849888343013236 -11.032080410566472
5.3958734170767375 8.532423117700398
-8.207278946058619 11.350404489733762
1.934407418066506 12.50297179961682
5.4786986661547745 8.37449549814153
-13.163919848892528 15.229892521751108
-3.9326824602968 6.384916341846996
-2.3728426466571446 -12.1887482338261
-3.766795037215285 -12.860290613703405
-12.946672581963139 14.317264609768781
-6.858518499934858 -11.218333007533543
3.4100269218120784 8.742081892691536
-1.1021500524921701 -10.236039600223338
-9.050713915203783 -9.387687688134843
-6.928555838844282 -9.508419279275813
-2.374979136502312 -11.380089084766546
-8.91754748655019 -11.793482643383271
7.684878485803091 7.412988310633736
-10.242403744388396 -9.701983662563691
1.5932390163031762 0.642131788029852
-6.845075355219236 -9.948988368959279
7.709704248784361 9.722931037222223
-5.4804060017899205 6.27387999753573
2.8387877688628316 8.377328162466103
-9.85613355885847 10.010002151529761
-13.077816282414837 14.170004879202697
-4.837161526793102 -12.23340844108285
-9.325033152938554 -12.240245762493766
-14.645399491476043 16.12847117033856
6.168975435567946 9.982006807170798
-4.050852094301165 -12.568476281518764
-7.6691178852373145 4.931861269174018
-3.3454196975395476 -5.203578663699535
-12.732363283558588 -9.217202753427491
13.668451587696492 9.498728647698243
-1.8229731015302393 -11.974523907374682
3.2757607221988825 9.809054422684659
-7.1719876374304015 -10.605581711318008
-14.690428457888991 13.11145220174575
-3.1230714831723034 11.979891142164
4.028298312396636 -12.444086464486519
-10.079075730180678 -12.45590948522175
-2.2769053857665167 6.138332522781578
7.296114303604071 8.46656829231364
-12.57334721903716 18.381371009322983
-9.3806961215019 -10.148622654668225
-5.082790470497978 -13.045155959023012
-9.302610210612091 -11.166664393693516
4.267615696795085 7.310779911894603
-7.1055573806174905 8.633405783986321
-17.637471952972795 13.41910049738519
-0.27977012793945466 -10.032298243315916
-7.941767187777407 -15.2114281427665
-14.91535091969093 14.238826327737359
6.7680566195377985 8.751758020213648
7.588776202994228 11.907071989431321
6.285419870348312 9.69491629019162
-2.187867797391031 -13.253731688551495
-7.86852766739803 -13.211739866458757
-0.8840965582388796 -12.710584208544931
-1.6085351392870701 -11.58316282834508
-6.58745305505998 8.77144842573584
-8.40607206634423 -11.822106015326693
-3.3396595862963387 -11.73517986355128
-15.848684907020697 14.608994926050338
-8.669317088941295 8.38979928971914
5.181228694167784 9.92279216558597
-1.4629615329204502 -9.73836000516564
5.438360267860184 9.199052241004804
7.821709623144447 8.568534542021041
-2.2062423149873407 -13.980886350304802
-6.549228834479777 -9.618768244598327
-12.960960479908325 12.955963810123233
-9.772918307392322 -10.443735197999239
-13.17475291601281 12.189151586374289
-3.0845853331266175 -10.462167167899784
-11.899842474460941 15.546939878564292
6.306097424949657 9.515463225101858
-6.398272616585173 -12.312114856480783
-3.9420191219502163 -10.320307902644121
-3.354219020580322 -13.929204315187926
-4.110156989720251 -11.201673311514963
7.850706039014193 8.348986318778097
-13.056401640204554 14.918335621194002
-8.985542721379904 -13.57959651734385
-12.099961720941034 14.389984741752244
-6.731348923907455 7.891777972003148
5.627306462982292 8.73294467944352
4.212125341910303 9.629416804349647
-13.874564362304229 14.718582071264509
4.693139851101326 8.179616396650752
3.875564706198146 8.815711306138262
4.567008916846881 -0.8571655649130552
3.3993268329160635 9.949810206422281
-8.888739376776197 -11.312221377208807
9.235275529793835 13.554438466673332
-4.249357540923792 -11.645749522221788
12.03202127236895 -13.162728567610092
-10.920808327617916 -11.31156697138547
-3.2184738246967903 5.682629150468266
9.544095973390718 -7.03844980176374
6.055063264349525 7.653733736571488
-1.0878856158945671 -10.919877204422795
-1.3085041941047693 -11.853805175697198
0.8888552304533519 5.822057490551913
3.6159398416971413 14.912254654304324
-3.128813826590317 -9.751921345989052
-5.508395232529311 6.36740329804999
7.183878873127316 -1.8485720036149562
-13.09828387123769 17.14766629929569
-0.9245056538599588 -10.887849824951507
-1.4925256844955301 -8.121967570129499
-5.861192420230849 8.733128806947153
-13.560342564477331 14.619379015753124
-8.250482663637436 -10.47543858953223
-2.7681674085304215 2.1347292103132576
3.779337309830926 9.313291145408005
-11.526377093839475 13.253914533081538
-13.355921454987667 10.923317764309544
6.2752086276008106 11.31203387476112
6.364093162508283 13.701577996303826
9.512330425062387 -9.913160248448403
5.468902825726984 11.879100619870714
-4.246771883582673 -9.952350539576347
6.1867557532479935 9.464095616126919
-8.102611495356216 -11.241271756835296
-3.680182368737664 -10.750386893927761
-2.7816321774089134 -14.260483386784665
2.1670993099402054 -9.4522838918421
8.514364735596416 -12.039803124875727
-8.59922919185539 10.38473978325338
-5.009358651105062 -9.692059462609139
-2.662565010373566 8.037523102164773
4.658282528821861 9.903663146184682
-5.16280323600584 3.8390354289428066
-8.411983812083065 -10.029974335122528
5.310278168876572 -4.570173467047063
