2500 2 5
-4.297019740503828 6.313012952163405
6.190339630228674 -9.786421429210327
5.064484770469431 8.21368273051679
-4.743120146455027 -10.182287473576713
-7.865315366105216 -10.843352557556646
-7.898256158467111 7.897720994360341
-7.787319523076337 -9.012169654008286
-10.984759229778973 13.413785396846539
-2.187867797391031 -13.253731688551495
-3.5345622566264288 3.957967544384373
-10.785855109281767 14.98707960654753
-4.24531033012521 9.678323369023571
3.850202170154109 -9.377830517051837
5.210115233326668 -13.838952556569334
-3.9104173896484697 -10.547564977415181
-13.515551602237068 15.245782256918869
-6.056208207711342 -12.451441809267447
14.508526468618768 -0.4363789322162166
12.327424447755394 9.234630704401106
2.0405050420797854 9.06528726859079
11.301088670918826 2.1636739445603155
-8.280377730411857 -13.16924553888902
-6.833029127696726 6.970374873021974
6.72271202033532 6.726277742687527
-5.340581914006629 5.917843583268776
-15.752384010054229 14.763291652564709
4.8878023384122 11.822269181447503
-1.4629615329204502 -9.73836000516564
-2.662565010373566 8.037523102164773
-8.661510170844341 8.23067486838804
-14.00913449846028 14.567729028223322
-4.195209919335958 8.40680046222793
6.742818029369308 9.50705208368367
6.052413367991819 6.3249239481006185
4.256336383396553 8.88414494298999
-9.469132911658845 -13.177455786651276
-3.0641931958533846 9.927444299109048
-6.262590269505347 -4.757961534870791
-9.503298776395154 -12.243533059428563
-2.5671029439432616 -8.57363093522405
-3.4140738788288245 8.610972557935648
-2.1771321916113777 -11.471982238425431
-3.855598633698154 6.136633648134136
6.208649520915872 8.109391083124029
3.630462632710927 -14.223032638295898
-2.540779316690853 -9.525335686383434
-7.1533106138156555 -12.006862313245731
-15.123593866015023 13.412055427454295
-3.8254937410001717 -11.619658867406674
-2.7930851179972374 -9.176081976169101
12.047671757772537 7.711775950887823
-3.840318720365433 10.21317960657407
-15.713590357505888 16.436355222782105
-14.973539252016847 12.532710484779347
-3.160499062416206 -10.890979771316164
-3.419229782405097 -11.789442246251006
-14.994879326120463 13.277351511414436
-7.154521831288248 -11.058823931143094
3.61227438411466 10.558519163860062
-8.256559248757682 10.160087168949035
-8.621893642266873 -10.655866884020988
-4.110156989720251 -11.201673311514963
-5.256243532189265 7.833040969063857
6.181891259357193 11.639364928077098
13.513138050267099 -3.950531732508516
-12.248560516923144 14.262897128672575
-10.801853711780469 15.159877895443278
13.549373655664247 -0.8379278196915365
6.024569143753805 9.0830262860913
9.900828150453027 -1.6515118856728037
-1.3194397376424134 -11.500261148144867
-4.630689942789719 -12.427268491622353
-8.264376883117542 -10.241186957747841
-10.00391858851967 -10.977701576875837
-6.182099929717877 7.86453725944666
4.90578101919472 -6.709486068956576
-5.016091516469145 7.304342744765141
-3.94178169819074 -11.815916393675455
-9.413260897600352 -12.67084777987809
-7.379115013502684 -11.010935065478588
-8.093918603954277 -11.82211362881589
-4.213849304212629 -10.51956379906926
-4.0108330983608225 6.137055333388128
-10.194404947916746 -11.243576216605174
-12.795605856081124 12.304991710190027
-7.159281762189215 -13.404883876204384
-1.8987009059800488 -9.454763550459894
-1.987227008281611 -11.700712510192014
-5.762791704099406 -13.579081056431441
-0.8180236713908613 -0.626467479399885
5.909395414450515 -1.254824075725617
-6.6879123206125275 -16.416392110566036
-0.9900631043649715 -10.076847322567659
-0.12490147795785234 13.993702869657668
-6.97885023601296 -11.71764154454539
-3.6791450993459174 6.996184310928152
-7.269025607820682 -11.324920578770495
-12.226511292234663 13.585473670657752
-5.874701585979558 5.366480396211513
-6.082117959650587 12.66811295422228
6.6011734293255735 8.803751229782852
-7.39828705465121 7.431118531059156
8.069023901777024 9.365450541523787
5.4532280518096465 6.4415817274122205
-15.47608510236683 17.297663828403795
-3.561210023804694 -9.010060956056876
-12.379305514755348 16.09845095475356
13.410108162813561 10.6104825529682
9.436869559731292 -1.3236421004197148
-7.353094568997446 -11.926187524483701
-11.421874040821091 13.355833838432403
4.73250064125523 8.411684667172365
-3.826659411106056 7.206558985397239
-6.590798102431609 -12.912910585799578
4.133168075216632 6.908335509371813
-5.896488390018086 4.17482664092511
9.75705386502165 -12.107711172704844
-7.104248251520001 2.7296548086419
-5.344680808629532 -9.84437852718142
1.4226956685366368 6.048946435092468
-7.9431971894301405 -12.50362046094571
-4.068478701434736 -12.909677665377508
-12.550591182523917 15.193464608492082
-2.779702617900495 -8.581124235020738
-7.311668061879157 -12.578989806536901
-4.2030331190595565 -11.322669167117924
3.0838811696986923 -12.022977246952898
-14.67682789412829 13.77005376541713
10.864735153367832 10.783176344369995
-6.85016753374471 8.045797821738475
-4.854732686376757 7.980597452432889
-7.493645676832962 -10.92111691483501
-3.2858867474210793 -11.658159949066627
-14.070051925891857 16.744469191941434
-4.115722334391293 5.30740955778812
-9.099987263245602 2.6651992084298826
-14.757774457797519 14.06498071882791
2.347279563871613 -4.296867104223644
-2.5480390006898936 -9.735205756020068
-4.310135866103798 -11.79591348852766
6.079195756423272 8.721009907607796
-5.332821708441827 8.126143650413749
-1.9295164403989058 -12.566794299722226
-6.520059628970062 7.961242204933172
4.472726289562824 9.606418907447603
-2.736449411012036 -11.143658992417196
-5.48337427381494 -11.611257124075147
-8.441136022810005 -4.258969719661131
-7.692906254955778 -0.8719460227688689
-7.44962950879772 -13.204695970359108
4.983026091203752 10.847992448323716
1.3783272012924321 -8.229731217709531
-3.078879216305098 -13.988224084842791
-2.300401065952221 -13.487942140465641
-8.725537854133247 -10.921746770391406
-5.861192420230849 8.733128806947153
-15.515491236766087 14.347198055328779
-4.338596185360642 6.577890262482233
-9.108457546808497 0.41013773888257177
-13.241660093873367 13.989778437521402
-10.577441023600489 -11.494593061098891
-2.1941040240015286 -13.38344660586716
-6.090954106380674 8.667490158329464
14.070670148982519 -6.282736664606809
-14.994763104584619 -0.22018984588797252
-10.157616242788556 -14.117806907850992
-12.990633486891733 15.76220153891991
-8.559696591738106 0.2705089411354358
-3.9326824602968 6.384916341846996
-4.649111273738566 -11.91381125557729
6.42405636210958 9.415370961927929
-13.020894308621761 15.401255335467193
13.038726331756862 -14.058209392696106
-13.322988975796717 15.067371121981212
8.220635224501912 3.233937273657112
-9.867270737301718 -10.70711025284466
-11.409866432952665 13.86965937137835
2.059575291171095 9.231407441416687
2.8327176647450756 10.541972835490768
3.409204799018977 7.5025767751457
-9.873203581126075 12.179394405099357
-9.817101339750032 -11.160571202387864
-5.371626091851774 6.593504859973908
-12.401014253862714 13.625487809894736
2.506366472281229 -5.897500232419976
14.642625471570891 2.4504973461227877
-4.018866737340106 4.6921112270043
6.197914775435349 9.180653797656376
-0.6495938294806329 1.1349444032940887
4.925692702810856 3.0447328347462097
-13.645030134635235 14.01302165066545
-1.3900878996730612 -9.358778035654073
5.7290215902636135 14.886340323837057
-1.4978889195314666 -12.104092638099841
-7.178628266823818 -12.968272695461419
-15.5216951031423 13.416384880052291
-12.002572660218558 17.602165793136194
-1.595016972208631 -10.537780975218949
3.526981463061091 9.939231566976273
-6.410644053000757 -11.33881348316349
-0.2759711117020536 -12.553373606106653
-3.361408405792446 -12.577791593225475
-12.035179849146079 13.917574231645718
-6.253287893165911 -5.608143323801595
-9.47509345800864 -12.80973120169942
7.5203687727496416 6.536419243049537
-13.919154658191683 14.974015653546855
-9.149547874947192 -8.538042184036001
-13.230731036808432 9.251822231802844
13.02211733164918 -0.4626655887820288
-13.104717663881571 -0.06012801605099938
6.613684485240125 7.1264563354341535
-13.84892138642564 14.981762660565195
-9.3735021641466 -11.782709099635559
-15.71340439056224 14.076977475504378
-4.222630996008581 8.84362260883809
-4.471895067387783 -7.850009131339158
0.16877657080477793 -9.01132053837092
-8.57564379992684 -14.08396911362787
-4.080692012219728 -4.377679138374113
-0.8735910273320815 -12.685384672117628
9.676110916481129 1.065696177433864
-7.430126117514732 -12.239551073790983
12.632527325793596 11.606595523104616
5.181228694167784 9.92279216558597
-13.664497297431154 12.802726801898029
-13.192022046828285 14.659642076701644
-12.164799131139041 12.589697003375239
-10.897548549257063 8.987055724154239
-14.29263407435013 12.772178485722769
-3.2852511077662476 7.467636847873463
3.396737578319488 2.5268890939829554
-12.852363785270848 13.63865149291173
0.33498208692734543 -12.417621599705573
-2.543780241980104 -13.39224795265837
-11.712232377161985 1.6076211153342754
-15.848684907020697 14.608994926050338
-4.021992813019186 6.011708964131942
-7.149031226146727 6.63223279758107
-6.763959227949146 7.975241948371184
7.0287449507612685 -5.34758802845325
1.1010956720924696 -13.46970235703082
-9.509057595650624 13.610474598327393
-3.9644215850263076 -8.91214292999149
-9.07517078636682 -11.542814278443077
-6.418298408816076 7.565187113485421
5.02674963238508 -12.522771413162975
4.292710138078908 6.898441820797084
7.584607546265481 8.019874543318329
-14.69413239833851 -6.711702553986164
-12.73663638534272 -11.26048744690939
-10.715666011151072 -10.865278752715472
5.3958734170767375 8.532423117700398
4.613121582800743 9.089740701810578
-13.709144797151723 17.026917419743157
-8.696767589628669 -11.364853617240716
-14.027135173701478 15.777656331487156
6.168975435567946 9.982006807170798
0.47535978953864344 -1.8103887416956006
-3.3075004429952237 -10.459675753176134
-7.139034628859059 -10.351730831270682
-3.5511117389590376 -8.784192127074537
14.012451002346573 -3.745177614372956
-7.7343726837233095 10.918497467619591
-17.282093981993594 15.583128232709988
2.587672343964119 -13.06609717880585
-6.179336425416872 8.803167689890852
-1.6624495156423968 5.960934285340562
-4.246771883582673 -9.952350539576347
-1.6085351392870701 -11.58316282834508
-4.806516583123303 6.759135480191314
-2.9298464419955286 -9.666245663770768
-6.854635186483385 9.007081674809838
-4.060228561725482 5.734824693784121
10.954498444934043 5.623932919399532
5.4786986661547745 8.37449549814153
-10.11540361556085 -10.45235791684011
-0.6341509977534177 -10.810505216964994
-10.912054919873121 14.787070893103392
5.334077339679405 7.781054529909811
-2.631955462942221 -12.675640082237946
-7.705328521635632 -10.193931021378146
-14.795801837713597 15.653526741397139
5.585645817238488 7.057300163010813
-12.521922639402725 -0.8886444612390569
-3.8763006587312177 6.563134227656732
-14.451782581659522 14.172359758106426
-10.674397727284799 -12.560306137996072
-9.31533019546626 -12.717094801745098
6.622905084503522 7.195071536753169
-1.6936735450618279 -11.718104176394696
5.325767374115922 10.317255841826654
9.395138652366558 1.3590021725995527
-6.9208998396409385 6.171555292285503
-12.476560263858236 2.0688692192855385
-1.750513479010192 -11.395535772302157
-0.8353360047581604 -10.11848503708304
-11.91410971152767 -12.001837862248033
-11.032570488874864 -6.681816608313163
4.095979460331698 -5.5104348111919546
-1.2382251122922079 -11.802044124665954
-5.806017440604631 7.474415527694504
5.374278249611593 6.852534378488036
-7.859964477553266 -9.44013842807027
-5.345233554779704 5.220272486679733
3.4398270392307486 9.358994045295022
5.146479166197288 8.566271961367413
3.7998178728046668 8.934974385005352
-5.853803305973924 8.331717648509718
-14.006663483726754 12.871417549337991
-8.102611495356216 -11.241271756835296
-0.8593543698698696 1.3444348361055347
-9.721001912709392 -10.795269588274689
-6.8099690780491 1.7529723253348202
-4.677199983347305 -10.839919784834034
-4.73654240141525 8.793706998339232
3.789920529095871 10.256869801733057
-9.610926317394258 -8.901878329924251
3.113947448209359 -4.265666006936078
-8.126198718230974 -10.351326929325447
-3.3164253590763213 5.039726933866804
6.752579539775988 10.402824318609325
-0.2431592812476402 -11.493055290209817
1.482352340615737 0.5150835157033331
13.644823417948722 3.308056591596557
-1.9235702061652935 -10.25801781283597
-8.717867031426637 -11.045923373325817
6.144513350006967 7.120028492475143
-11.034812419857701 13.681284011251304
5.975830323895176 8.783518543777838
-7.97686852668601 -9.563184740712728
1.4752481890124436 6.227513792347533
-7.721910261494758 6.117198223235414
-8.505428846630688 -13.599562561335542
-8.694113065639016 -12.77746074864926
13.68518312445773 14.880544215028848
-2.6170972415204257 5.943995019615092
-5.999251379173274 9.167709683412863
-7.241701596461164 -8.528286787790513
10.853016254595023 -5.715899077839309
5.281533346653754 8.35215401009202
-4.195934737239757 -11.574365712197034
-1.2746511180679523 0.24506355762921928
12.104675847739912 9.129744182258225
-9.269680836815967 5.557654991892544
0.5245900678260593 -14.694508330429617
-5.854082409214967 10.074605665293173
9.91044763688911 13.510811147480734
-4.653075881366557 5.062832515075435
8.973130001411466 -8.393585191675974
-13.525333612553208 11.494567640471459
-2.6683500992690434 -10.54661081002704
-1.7130700347673429 -1.2427698060359589
4.212125341910303 9.629416804349647
6.3247916292222595 9.356182047353677
6.910483646289384 8.284949958754082
14.918070824158484 8.455359717999368
-4.401861808704238 -2.990067591765115
-12.705970314339144 13.664679404446792
-6.67152107730925 -10.564267530751728
-8.591825302795968 -10.375715609823203
-14.124036645824376 14.693209680224534
-9.29222842052189 -15.439324435631905
-4.291746184464262 8.144150010268921
3.5201875992817158 0.9398704982402268
-9.646673008462853 -12.070959387165676
-4.653291561596577 7.009102593798614
-3.1105263273122414 -12.675131347427829
-8.877104716936179 -10.95516531012737
-3.507184141306233 -4.010221452894694
5.087768832663702 10.793759267485784
-6.315710615894371 -10.942807336705622
-11.704400512954635 12.260357450412258
-5.274710654060842 7.031871841365199
-7.11643857627327 7.402673426696114
8.523177549291255 3.9100509346889822
-1.4377752907200365 -12.972874059363589
-11.264247093255362 -11.61971983050118
-10.849442592315343 -12.259863572207827
-10.658146639480876 2.037299955326059
-9.304162957936475 -11.46619988094883
8.17990850630625 9.280808966439176
-2.082795990415194 6.758005548483345
5.3483357792488935 7.878848476310793
-15.583543629722868 17.194876684959368
6.496352196431458 8.453548985450935
4.1134858699845696 8.744074948381028
-14.983272281964876 12.136297663263282
-3.3926691069309483 -8.25462369612753
5.531464934595991 -1.832813678308522
13.956037197759958 -5.883762213205953
-12.099961720941034 14.389984741752244
-5.903549956108205 9.072562499823402
-9.155944283989776 -12.756382002879972
5.445669459715114 10.316956326720893
-0.19096134006114873 4.023550426747409
-6.011311296689181 10.073540192270118
-3.6971069523522093 6.5836684466744115
-14.46328855770738 13.948062902593254
-4.906357478191925 7.074448730750188
1.5081632793513213 -11.897657968834736
-14.783318066725155 1.5501486485041163
-10.098732247322443 -13.027933620200184
-13.056401640204554 14.918335621194002
9.06179042466237 2.416473886958869
-3.5754481141684495 -9.88815309962589
-14.662551142394861 13.069307443380666
-9.061061947903788 11.575069619317087
-8.575457970744935 -5.155531465975903
-14.819624264769715 15.103731676856007
-4.974455291541666 -10.79079282961455
8.3278354172079 2.859555718696459
7.036456006308793 11.247807878420671
6.605005180155196 7.982304556870092
-7.578762107923142 -8.923793439679928
-0.0622190414749042 7.825640262156547
-14.905602173951655 14.141658419928078
-2.2314547705719807 8.09654223765671
-12.549281018951639 14.638069843270582
-9.169686390399338 -12.72633232143943
5.075191627347753 7.587588038961849
-15.25934708235167 13.89419873823948
-9.764630116024772 16.697356562864297
9.354982110184569 12.44721681776479
-9.488143226330898 -10.970420470020157
-2.6726833838997326 -9.640300836657998
-4.461537950821503 -11.209860293793266
-11.350720614942098 -3.3301128734351124
12.594592188851891 13.713373414740996
-8.876954438590072 -11.402778694580318
-2.8655944636677617 14.93296314341584
-5.613393009479818 7.779312978918506
-4.18679801274908 10.016469156766204
-9.405360792907585 -12.011279531779316
-3.950914927481179 7.218650208836244
5.933648528502163 8.083622074342244
10.233021950815704 0.6244700377997496
-7.680269830377535 -7.117528795899047
-1.9938769787123354 8.005837942806522
6.6224139953460135 7.693131429961879
5.251101109584859 7.8552256865988115
-4.92695642488809 -13.122403030381477
-13.66480471617772 14.868312746416043
14.096295422495821 6.663845260772199
-8.40607206634423 -11.822106015326693
-3.85052568438375 4.707870789546955
-9.160916035341696 -10.021251417275947
-1.1023842298045796 -9.298647065041077
-11.551130759791622 14.197703491735576
4.576348052819905 6.794882180860327
-10.825974581038277 17.82871486271399
4.693139851101326 8.179616396650752
-12.34908855429173 15.499615593452718
-13.581349310845363 12.17700308271866
-1.9676348342407923 14.90831143626767
-4.021653980941397 6.804403769934768
-10.507638207276562 -4.643614355283297
1.5674290550653112 -2.398390327892093
3.9821207614533116 11.224462807064729
-9.889399939431689 -10.4415103543083
-13.392463750823243 17.472777389043188
-4.128409492642197 0.020437780900701696
-4.12606325930736 8.671509331496384
5.5555539757276255 9.17885358396549
9.058348225234209 -8.201222197494847
-4.78942108665244 5.744097662314538
-9.63126369413745 -12.347691926460987
6.389617707283841 8.590625191072254
4.62287612550574 8.227678697412461
4.547794420712692 12.241841051705102
-8.074627939950402 -13.882470294688874
-10.535749570342897 7.149998755244987
-2.51294756409911 -13.58250683393867
-14.037045923506385 13.576716121058322
-0.9245056538599588 -10.887849824951507
8.150619895633817 -7.995128036683324
-7.338552440758553 -4.389904128195447
2.7387692831087507 9.333164226306625
-10.993877058139969 15.071295676401894
5.780134142367027 8.018475009012574
-5.6253533430312554 6.79151255948514
-3.0154540548603377 -9.56160157056323
-6.832774187008763 10.543280879073563
-4.640724917563707 6.5314385384955855
-6.064432806000076 9.972301873567053
5.518605458080145 10.684887956923301
-9.050713915203783 -9.387687688134843
-10.280741406411293 -11.456734706636977
-3.7647972344796305 6.646316717344142
-0.7787252642130642 -11.00187351366729
-6.039078124181385 7.541354632673906
-1.3427584458870336 -9.518878751650323
-3.9607667061921603 -10.668575576868363
-8.572822032799435 -12.954698984771559
-5.476908796621859 7.912750917548001
13.901602806097252 11.555831689478236
-11.726858556072612 13.169251949797665
5.080490576921323 8.262985866986988
-2.1201402749060945 -12.087167699545343
-4.254814926449528 8.01160951713514
-0.88477532907811 0.8120450015844956
-13.977039453694623 13.07109360178243
-6.871525553003847 5.3162123868631195
6.358884268245529 -11.18317928299515
-4.3427873130470935 7.625224256979697
10.940298226412231 -0.10130829654857898
-12.306113597561552 16.489052946938926
-9.22678285532629 -10.115851826515632
5.695424488594817 7.743793768848845
5.640515236294733 9.671629761466509
-10.885568896922797 -11.280192711461886
-2.173032781164036 -8.857891595838456
13.42103945690053 7.1998691864721245
4.072884120412803 9.219653330910843
-4.335692061620594 6.311397136538748
9.78507536695247 4.319905875036174
0.2998675171527836 -0.6877662630962114
-5.167845373735963 -15.027100805420808
-7.104569543650074 6.743376624486764
-8.665004308744066 -12.19277591361962
-14.931548312804983 12.929120986441092
-8.073148483643907 2.3037099777222316
-13.57617850881091 13.277869690646614
-4.635909126376735 7.808452887922685
-6.398272616585173 -12.312114856480783
-10.02562760180618 -3.186112575060916
-8.767390549497197 -11.432004264526968
-14.739629638316229 14.60188794499927
-8.682802093233768 -10.98003857842023
-2.086507733888599 -11.469321394230766
-13.641210443266525 13.552786887847503
11.392614821005207 6.548248193757157
-6.928555838844282 -9.508419279275813
-8.7666492824846 -13.791001184690028
9.049549843679351 -8.018936494958714
7.415244596977056 9.012101098123114
9.67817628105869 12.52553948373044
-17.054548582460225 14.413296872423711
-12.053194740888472 16.87194405665562
6.146053791946514 -8.216850195477788
-12.33726171346166 14.34398899031309
-11.658924211062175 -11.585254565257879
11.843841477795209 -8.911347807130706
-1.8229731015302393 -11.974523907374682
-13.56287224205073 14.50984797112896
-3.551414094659507 7.41182253422367
11.846525911059725 -4.358289873507093
-0.8423736652206388 -10.43310619190635
-2.628245321260797 -11.9473467518638
10.712322500358862 4.809016565336233
14.454714064799546 -3.9800670420951736
6.723792170723491 8.518730248511277
-0.15817511711296994 6.907004520013274
7.26495669991365 3.7704922754239334
0.6194487108303601 13.190710414997568
-5.802199581624261 3.0231660393698156
-6.167092093315922 -10.22744367191886
-4.82704107794759 -9.971805520886644
1.4253080686114288 0.387502560559156
-13.660528447706389 12.797306553501906
-3.177601573977637 -8.205259640867986
-8.255923350610807 -13.743857268686876
-1.9106043281015481 -10.832670931886387
-2.992181364378454 -10.386479793430524
-4.197497228309557 7.623599956849999
-6.524169277421328 6.936957082127592
-11.307123856293806 13.604551789961992
-13.839213094204739 16.73189528588791
-2.37951599803233 2.1498185338105174
4.687353964835644 0.6371936124376454
-12.24200018095778 -0.12205451321591099
-12.90699707535958 14.337237172955847
8.286547022320363 8.379481170680332
-5.218434929462232 8.162879261712865
-4.173962154180635 -10.901872800155536
-12.030278409755057 -0.6951963249009356
-8.427057116547394 -13.06994438948177
-3.8984798435458248 -7.3796319404689585
-0.7607100568370999 -6.347725225250953
-2.662501268182554 -11.867614409640431
-10.658190524027344 -13.180465711589838
5.065839951790777 10.364665624528051
-9.534474969579792 -8.05381122672242
-1.72960939161894 6.953215581232604
-3.680182368737664 -10.750386893927761
7.002546274158249 6.948782234160239
-7.6691178852373145 4.931861269174018
-5.524772663559146 5.140730794295055
-1.0655164389514644 -11.590046612799307
5.011825853803888 -2.2534787889619583
-2.7749998899904833 -9.204854221326265
-12.960960479908325 12.955963810123233
-8.402000754631587 -12.207612130001692
4.663161395193317 10.544503916337584
-4.118842832312142 12.613474453865205
-5.0350998926381125 7.661592786210534
-4.249357540923792 -11.645749522221788
-4.080693114252666 5.641478822137417
-8.783302067582587 -10.687714501922875
-10.580346022011984 -9.510325321064183
-13.309403355939777 15.633950836400775
2.6938914185583265 -14.391363386674374
-2.134356171390042 -4.8002899911057355
-14.678307767832537 0.3340313876794845
5.276786272537664 9.239384787973757
-6.109006695326679 -9.798840481559656
-6.310146478127641 -11.848244473329013
-14.179275759296045 16.630623341415376
-9.827550118746947 -10.21544432009385
-5.06323841151497 5.160951819153654
-4.937326527842985 7.40514870329457
-12.931828782959027 15.936893002877365
-13.538104524967007 16.02188546551792
5.756461607142785 8.30723927904347
-8.959061372399459 -15.502067945298386
-13.534881031431548 14.496124525671458
-1.870001838613248 -9.78976742646829
8.797760989737231 1.7798577872019798
-5.526988548674535 5.589828680573099
-3.4964165313045346 -10.254803741680217
-2.3728426466571446 -12.1887482338261
-4.8404405403789905 -8.367837336681578
5.747701744220612 9.915694117565018
-5.0318741298289655 -8.877146405872752
-5.7509766386664145 6.781766246156682
-7.148822765362475 6.321977879906966
-14.190722930926425 16.181339203861825
5.827821743774756 8.379266992182423
-14.937032439345915 12.410127735749516
-5.247155515408862 -12.000493248605123
-11.603028569041705 10.45014297473752
-9.723196045560455 -10.649909059800242
-3.912011093054147 6.023081976962948
9.129663570587425 -10.323403707646598
-8.864518896536332 -9.663818848604091
5.908805552242157 -4.151763695728928
-12.392885797404956 14.187825218901953
-3.0068888426937233 5.299907520887174
-7.359770903298472 -10.94920483504811
-3.1154483610282373 -6.00271394758858
-5.562335612555107 4.569827988144109
-4.79729934133989 14.322543427500612
-14.945798068673898 17.589979619882513
4.281796588227974 8.405545842946113
-11.483467918600468 13.613312179394741
-9.673909204786467 -7.420101043402113
-11.463668481174103 13.587969692233735
2.9056676987672234 9.242592736429398
5.112640691715565 9.071204946361432
10.543187206889232 4.116904883069179
-15.8096259895682 13.04215263089662
-4.574761563027871 5.951530963983185
-8.40008828750141 -9.008880129682636
-4.910237642575655 -12.073775178785597
9.894351614052553 4.384572087170369
-5.549990414883281 7.655727200960342
9.872976693141819 12.90603664145127
-1.4738192610020202 -12.520045652943633
-5.830086497763297 9.81674825511131
-13.008951589210646 1.273732650902776
-3.7618728493037663 -10.042815897727895
-1.4690880477143704 -0.007870061258937966
-6.47132046275351 6.103222396565336
-5.082790470497978 -13.045155959023012
-10.242403744388396 -9.701983662563691
-3.890031432865584 -9.70334710554072
-10.653156856330591 15.705283103765712
-4.953938561002308 5.281301363314998
-11.88623526194467 16.34854356819887
-12.324908109831437 16.667147153325928
-0.030662864726442862 -12.851803533577712
-13.757537712881224 13.640753991242672
4.574310699433143 9.143008191224967
-10.160994881929243 -12.23629476892517
-4.185336879472189 3.849931154788484
8.315860742308239 -9.190533178553695
-4.494711012906967 -10.553394162128445
-0.87844869949455 0.4688519113996783
2.0923724467830125 9.892516666810163
-4.58609831544563 7.940497356690065
-9.5388422179078 -11.522500923118034
-10.285061841212347 -10.465313951091417
4.314198324128431 7.932618467698781
-14.547216750153723 14.436253500365414
-14.809514317815522 16.562740278301437
-3.109233020914875 13.902530082833586
9.258890084247849 11.37098846243846
-2.7258598572188864 6.59870853433883
6.857174607189464 3.8788685242664336
-3.1161092991483823 7.118784997407632
-5.448512605372974 7.496722238829814
-0.04432020875483289 5.56770432889272
-5.326862999122305 -10.869794264177992
-3.0125536748228257 7.58715520498195
-6.420780042482496 14.954873232192917
-1.4819157718787124 -14.369519753419935
-10.060679062389886 13.518402722489773
-15.908697464692672 13.188147279901656
-13.519922801749575 -3.9264807396427788
-3.964238626311664 -3.9537725712616414
-7.56147431384416 -10.691516440734661
4.882970866189359 9.360766349571755
5.851950746852152 9.021789469595506
-1.452304444010295 -10.241104142577445
-4.18952944562974 -11.516445870658826
-5.171679921324287 5.19231980904722
-13.74686538928742 14.368444927343232
2.3530493368448226 6.505062295821146
-7.4604011138207404 9.059320656772414
-2.2894627475094977 -10.355931717659848
-7.903071142775394 -11.382301384268912
3.0467674430226532 8.125652327351869
-8.23061136367714 11.817752095079047
-15.267514878219474 17.86820490183341
1.8919475535523498 8.81353605711394
-3.030363310079479 6.751516518435708
-3.521981350600755 -12.540764944165234
5.589685516539486 -9.637934810895441
-6.224658095965053 10.950354589017621
-11.852582340476939 14.980140316924192
3.829961499400151 9.494508709126293
-1.0821492352045599 -11.110778649069683
-15.617675275019492 15.304343833446191
-10.521708942503027 -12.577990365236435
-11.189068932098374 -9.50794125387516
-13.619555896607823 15.375085606600795
-2.104915517296062 1.018392458692876
14.705164955158846 10.458594532458275
-8.94934613637775 -10.274755323618592
14.176699217249112 -12.09428705904799
5.288079827429018 9.63458878258667
2.720270653956784 10.109776213360561
-11.163763780868091 -12.449317850230695
-5.3543513873716515 8.234718724823434
-10.217316661852031 2.299792685129212
-7.196962190902049 -11.620935072579124
-8.136269662527004 12.321976451596257
-14.72447431165425 14.919088108674138
-9.194531117925917 -11.038479422959027
-9.340600842023193 -11.66309207864007
-2.543790099872551 -11.735318947980563
-5.317381997089427 8.987475832485787
-6.258627519052753 2.887268076679838
-1.4763914602490644 -12.004478645963793
0.13502683516699676 0.4399082056952768
6.040197005545435 10.264767526480993
-8.216181603708266 -9.503505825565737
-9.588132474364066 -12.027209141666953
-8.250482663637436 -10.47543858953223
-6.189939603320663 6.718557676566627
-7.283239948509844 -12.464963538281907
6.0582281907770605 7.335494205191828
-2.973244644693268 -9.66977638489706
-4.3696035783675455 7.047310686077313
-5.096743749882599 8.89388372458082
7.4775704888455525 8.964844783922654
2.9010235693021733 9.924088588733811
-14.195510356200046 10.17762140029241
12.642115559908135 -0.6116257398081615
4.881482669930828 9.002266679562455
-8.732758389847154 -11.678793354193665
-10.26186645295645 14.77067043066491
6.365062594508863 8.16965131934203
-13.316727176953565 16.850208900858423
4.217873209956823 11.398580278786794
-2.855983781600504 -9.497407648384376
9.47478134179114 1.9855831252331448
-1.2392745756156793 -11.705178543175588
10.891809958424197 -1.6812509201645103
-8.45690592961902 -10.588630300278954
4.3906950271701355 8.902914882147904
-3.027321951369858 -12.517184039724249
-3.7618833957046585 -9.651898716291893
-8.836407934193652 1.0141239941589681
-3.8463539302011287 -9.150052646084106
3.188038401789548 -6.866410840662148
-2.926861312873982 -15.259784248560184
5.518448905924524 8.94545248090175
-12.583246583990618 15.38021918015361
5.717492023828413 -8.332358289814326
-8.455929616427733 -14.634311381001023
-3.1810931781735747 -8.878140174748784
-9.774211544790218 -9.869714450242839
-10.185352510464316 -5.009378762622378
3.5553759557184317 10.762487602181936
-9.82343057040027 -11.887198163355189
-6.6752856024325835 -11.570951792295503
-1.3229523359512065 -10.363169843044485
-13.248156311491902 12.214387971046454
-2.9635503965847008 -10.684814601842007
2.35614052206229 -0.8280477356900899
-10.589887473776962 -12.972838856672158
6.40180335315597 9.72425352454062
-5.285947891214248 7.287006148543874
1.8131884979786372 9.298768105320988
-10.178858501745584 15.040052009313872
-12.35031148970382 13.24259462559442
-4.855643174468076 -3.084394432194266
-12.735819427884431 16.87000987793133
-8.483786685642244 -13.640307240097428
5.627306462982292 8.73294467944352
-2.238866258182607 -9.648418000724506
-1.4372120790129328 -11.939728082225889
9.27643385682725 -14.512531654529162
-4.339075959573244 -9.094888244913372
-7.071184017083061 -10.69043873868711
7.684878485803091 7.412988310633736
-2.962567042849648 -10.601893301133293
6.780563040750348 -0.7804133760053737
-4.925298165135906 7.466355553904114
14.246344398672093 7.597643934331995
-5.775884267439457 6.876814332598391
4.468674586547848 8.95191827846006
10.269842012567725 -13.593781701137974
5.8358749177993765 -7.845844957361767
-13.18606806611095 14.221973849688132
-2.702928139918708 -8.5903529836648
6.889087747712747 -11.601111078227682
-10.939044653377069 13.930716712870096
-3.1877485570169126 7.488106380629919
9.388354862464624 -9.95997020087308
-7.65414456491769 6.765902678207469
-2.212248779046912 -9.128177888730239
-5.877636989490047 4.913103752407727
-11.899842474460941 15.546939878564292
-5.822980404395743 4.993577918444789
-6.572310591358156 -12.558439040535399
-5.176724722395333 8.216831127094615
-11.346162474472408 16.9448785173974
-13.200167182969283 15.157084886751353
12.623763117226119 -5.863152789973061
-14.017035238591948 16.62313319727857
-13.048798057912297 6.381004338995744
-10.502861894542669 -10.09178788870221
-0.43591331369107955 -11.801598293068627
6.789904820372667 10.065185138429253
5.472446760905906 7.605224060881474
-13.194002121382594 14.195697896190135
-1.0097918185449575 -9.70991397547798
-0.35567091506209714 12.659180259977902
-8.216835419247701 9.66515012210624
-10.180416363698319 -11.37218609595387
-4.425896610284347 -8.694669370756177
8.229218676662423 9.51496613023
-5.932871512958144 7.077487200649909
-2.729274623846753 -11.605750181551647
-9.472326328701007 -12.968030288055353
13.634504797021155 -13.850818117229222
-14.482165136672245 13.32465622007878
7.783700782109962 10.90688678686675
-6.112052632607488 5.973932529608609
-13.041247656288055 11.923489701073606
-7.073294428200553 7.19128644533091
-13.20117398121246 14.308664539106637
4.944397348769197 -4.794646212667452
-13.638362920974183 15.55173508119528
11.232815353331794 -2.3995291513502632
-1.2592311026769547 -11.697668366345955
-7.176895218938096 -14.744438301717203
-14.841096652800063 12.379937649438995
-6.491969871821473 6.8076827679802685
-3.665261059020717 -12.567145331640381
3.9045352701976985 8.622617508634432
1.9447800341298525 1.9125851376518774
-9.53835282856272 -12.133761217681855
-3.4526877737437376 -8.47281519908834
14.524461012705576 0.7415651628244646
-13.960866941928233 14.45105531617587
-14.690428457888991 13.11145220174575
-12.169635122014371 15.545371166167287
4.288534447592715 5.950079221721932
-4.4970735220260405 7.784793912430282
-9.027435711767245 -10.674237809236658
-15.13010699102825 16.887996647337165
-7.197712842920145 4.090298008147556
-7.9794166695476285 9.708659729095217
-4.9698555568885885 5.714666383326745
5.995609414729469 9.359102279699977
-4.659171527828905 -10.435580694044322
4.770537184083802 6.612145986043394
-7.765428301980857 -12.844085801583388
-0.8413126310379244 2.155988177845387
-7.5630578930702335 -10.072357144541929
7.515158146189155 14.11297452616553
-5.4804060017899205 6.27387999753573
-7.2073519300247 7.678492047172518
-2.1673888796101823 -14.024082182012078
9.257370484570806 0.22336819900707283
-1.6257324944797098 8.051121375553365
-13.68566095006572 14.355887652553312
-8.437342526523839 -12.131469510278052
2.7774341215079232 -6.6912161432989805
-1.5386697405419487 9.34738619130804
-2.421889987081199 -11.938347130339904
-13.37282851314266 13.525308746792351
-1.0667963382399965 -9.935633552285992
-4.648181121985712 6.920680316150587
-6.425700706431718 7.531994674561057
1.381164360704374 9.572822307219248
-7.98089713815138 -12.089392679469446
-1.9563466583180458 6.192568694817707
5.063276594087643 1.126087737001459
4.9774246313259285 9.107338573056271
-0.7481533177152695 -10.638428680665845
-15.218682405720669 14.349005987847857
-3.1032625990299483 9.178920782534473
-12.272846053985855 14.452392702323264
-5.727369135341655 6.600572185667788
-7.023042895038452 -13.30513814882954
-7.431809542946606 -9.736562310732575
14.390375927779402 -10.43460496551057
-16.74669226184607 14.065889677132967
-4.751546802977045 -11.96419703114665
-13.574471641120702 8.49902980701344
-8.124268668321095 5.544146375633257
-7.35244790223101 -13.323465209663587
-2.5802026435784082 -9.243311165811651
-12.935521378449613 13.222436452707703
-12.430463466187854 15.543986831359003
-9.674343882892073 -10.031566176836971
-13.877878825248168 15.658615010672932
-1.0823773639679217 -2.4242252923349668
-14.103107588194545 -1.3862382920648173
-10.755242070726428 -11.74448779484371
-13.930751278947321 14.05056382965158
-8.430583080775591 -1.85332920597906
-13.232097931484661 12.819887718454217
-2.3786683614353414 -12.114747501651761
-1.9995580828566548 -9.273703189457834
-0.8476068704123065 4.959361430751208
-8.80418164090438 -12.23623110458342
5.977661863510458 10.08401691703274
-5.2475818208278975 8.267395459691365
-8.90000225323239 -11.042468663271599
0.030932485863212733 3.630912904996194
-10.614639243247145 16.307140327468822
3.3336142714677037 8.82197437907999
11.7964785093973 14.807796397179708
-0.31844760992657495 -7.935240826728206
13.576503580007095 -8.84627076064135
-16.23676788646393 11.168524898628366
14.753669739849812 -6.579906031681805
-10.657034907525299 -5.391397860734207
7.172834969169483 10.073365306184293
-7.940418550018255 8.660818158348649
-12.599382864205287 15.53235610726446
-13.545144417019475 14.680196000565367
11.815894790320328 -2.4778411951299333
-13.885754538364944 13.531693088444678
7.650553989372394 -13.71041622075182
4.86235767659886 11.378664740760014
-7.641217126986901 -9.911056842859946
-4.5423935151258945 6.921286868542549
3.958305960105431 8.082979672903965
-2.3998623101781633 10.159795203600087
-5.749561546438836 8.319296888500489
-10.62390491486248 -9.453598671493822
3.974360619014026 10.366469102208885
-3.018523730991305 -12.573576064609114
-8.712552521208464 -10.547799719174538
-14.083822168509872 14.86715888680973
-12.3614079839633 16.06419294530068
-9.306519149125311 -14.08868957769685
4.495614503076861 11.776641088222231
8.908249705280335 8.108897192569113
6.31060035037827 11.033295854610223
-4.279727831425862 -12.505274184011824
7.348938730063651 11.139498792518584
-3.688459389251462 8.666252166867231
-10.339447048352394 -2.324170490648852
-3.980223737041323 -10.765163292880537
3.9206142725048974 7.832809885297565
-1.361686639953569 -10.753566349921975
-5.529620184075861 8.90043971935896
-7.718119938596226 -11.442866656764448
-0.02056995262090311 5.573691897049116
13.621915126399532 -14.36325674832221
6.384905506096389 11.582596859633677
-0.30198428033028124 -11.979338323693543
-2.434891956933971 -13.662235302930842
5.1829232509999565 8.210985374282515
-8.29323286895411 7.242199274769795
-7.148824778909198 -12.265223325651663
-3.4613889828193916 -11.991072974662423
-3.485059980920928 7.245621051128099
-1.2242688191372033 -14.012330661556202
5.4939278115303445 8.21346382964954
4.259567433831947 -8.178176038461636
-4.364743804161468 -11.373648926041339
13.572844536663574 -1.181318611789644
-9.745669327936021 -13.79411281631411
-11.606567091390447 15.127377480581725
-2.6668459457228297 -8.335676972690816
-4.388743019863329 -12.260308157785174
-5.280659749763601 10.29933507807349
-6.390137955441023 6.32931509557733
-3.625224290141145 -11.976154659753456
-1.3085041941047693 -11.853805175697198
-7.38651243973322 -9.024785042489842
-5.826556721057212 6.771521113818156
8.839851832997454 4.471363098630977
-3.6569816926188627 -8.132476558861379
-11.501567465578933 13.604042836475564
10.029617081587318 8.885183491570434
-8.62563450967228 13.389589082650097
4.4936286631931255 12.43089721108015
-13.976335598777139 16.72840190705119
3.567025174631695 -13.697138188275163
-8.79375035731412 -13.101678007858037
-3.2862635346770728 -9.973617336771925
-13.39187501615721 15.967195862416805
-10.693992811617226 -11.822961831120569
6.620428279825944 7.205626557044073
-12.891911242260338 14.413553651749304
-6.825350872982109 7.787628323811614
3.27353338826347 9.114095861560703
-3.735728672414708 6.258555758417577
-11.681068280169152 15.90211765740429
-5.15091479029684 9.584149318286098
-8.252223043373307 -11.802760094567029
-0.09807991752065348 6.716578343591387
-3.6651596246761238 7.6890170825746935
-6.86155253811667 -14.279078446083172
-3.8759578489020736 -10.472651839057528
-2.461127312628251 -9.930856212822192
-9.92163492464353 -12.98387333352788
-9.85747777588753 5.882427305440757
8.430068169967168 13.389207672717507
7.1677125444007785 9.455004969090119
4.953494872787116 7.315724210768947
13.997119353257744 -1.2191766811519518
-2.1069769653606887 13.450011104534973
7.588977402145037 4.300450351254771
-12.777926269810106 13.997646052538075
-9.036519710053456 -1.1165527409196212
-4.8212205639862455 8.480724540484955
11.269782643050576 -11.384077707731631
-11.177253746922625 -10.3227576002028
-13.138690874084622 12.852698643725939
-6.845075355219236 -9.948988368959279
-13.34392352845024 14.050021246233907
-7.2669279180748365 -9.940368506007452
6.3983950901777815 7.428576818938618
-1.3781096091677334 -2.254031981440697
-6.9708671349104545 -11.399509907259286
5.234343737977175 10.53593603602992
-12.59101076833856 17.293809764392222
-2.568472425881515 3.2448095215265864
-1.4329370406064776 -8.121858271816862
1.5183377181249362 5.95294600175151
-7.559965766835045 6.964523404503973
-13.560342564477331 14.619379015753124
-3.0715979194279672 -10.786792285891854
-0.697799214826258 -11.536550354823905
-13.331920603775869 15.07407867668407
-4.7210004829540875 5.8920256199699725
1.5354265578957218 2.5654160808618016
-14.774536468862673 15.963425978236662
-0.38512792442509314 -13.707041573198499
-14.189068135705774 14.662975545538568
-6.818177312956216 -10.187489699971822
-6.18936002775942 9.408938558817797
-3.354490751101136 8.515679910182499
4.017161910159859 9.365767908151698
-0.6240504664878301 -4.766776369564871
-12.532209704225613 13.2323207037638
0.022215789010633813 7.7985481302296975
6.062081579835802 6.3163658691533
-9.772918307392322 -10.443735197999239
2.389913350207376 4.530906717490719
-4.947541555633732 6.5048855710760165
-3.681229007221833 -10.89119423735671
-13.186766009926306 2.4810114602550577
-2.6431183550108384 -12.230521835979333
5.009797370750428 11.247227131889773
-2.9178481272681926 -9.824723166682952
4.658282528821861 9.903663146184682
-4.613271201822996 7.910881600573851
-9.781644048106116 -9.77303741622153
-3.2913448923194095 9.26021264065718
-15.547489273814007 14.641816882498278
4.8632149952366115 9.134229380801074
-3.5663097978383664 -1.2560102610397
-14.405444966098536 13.245715549203153
-1.9603184832355245 -11.3817527474526
10.981530082084205 4.436181590438409
-13.432095693875713 13.049834397667317
-10.923347233554848 -10.12537876586803
-0.6501866268933032 -10.164624515338268
6.56554562895555 10.643995215168598
-2.941197109871205 -11.1720301181487
-4.952514037281139 -5.974084564472369
-11.991442713966347 12.473531068627322
-9.173304729297998 -12.258514832955344
-8.821631923072276 -12.373656146538224
-9.032104956091347 -12.817255165536594
-5.023545731253321 6.031285614374641
-1.8064177898152067 -12.037491513399948
-3.9071982727678094 -13.37590018533638
-8.411983812083065 -10.029974335122528
12.335938653466528 14.722885567962958
7.874749854173317 8.293759345545942
-6.093745103685922 3.799437383946408
-8.00263723344134 -9.028123913105208
9.820454427396893 10.94393803672714
2.8770528386748686 6.463547176837215
-6.858518499934858 -11.218333007533543
-4.960051856906329 -9.943206458971462
6.798236253906578 9.698548268925382
3.1350443516946207 2.7576198697271614
-13.035597318903998 14.149319512786287
-8.12827573699148 1.935840342713103
-3.057219225255141 7.109246451953737
-7.07086652363267 -12.15361798907378
13.876150090655333 -10.997186508304521
-1.7189009673964701 -1.5059354663777516
7.797058211665152 7.677521642940434
-3.315612601060722 -10.195654910485642
-9.27092591227431 -12.136826475290478
9.925562835574649 12.73094062375172
6.306097424949657 9.515463225101858
-4.32249796638503 -14.078625088804179
-4.879805511491507 4.597406561779861
-2.4661656209219958 -9.97027128736572
6.106274513721403 10.605311250786519
-2.222617163322774 -13.129343831942474
-11.237872379761015 5.238470369096074
4.924481136938834 -11.800533832617683
-2.4950484428358664 7.715432480231171
3.6776512937616634 9.955003383088739
-1.1173138981669486 -14.0938468226093
-14.290510736912664 15.355112253646123
-0.5235953924697849 -11.638698316988037
10.377330466899025 0.7322428639931253
3.228281020404033 -2.682228644597
6.260414971416926 7.177722691695025
5.564184548753421 9.642383170549367
-13.119437238050201 17.211933552081167
-5.050497044289982 8.412350613639425
-13.369000537394083 14.632583585478692
4.909574431491667 8.876356584923998
-10.107766694508596 -14.6948931228629
7.142318013483518 10.871693882805745
-3.142433482177632 5.0506540156083695
-6.39240176734695 7.921469712825086
11.649969542886769 9.506683402251443
-9.906366120338348 -11.029563386736745
8.180036786854583 7.98027044619746
-12.282559057598604 15.357563207374712
8.033843571053918 9.619839743107143
-7.50327575941793 -11.128443885347924
8.883231342453207 -4.975069550093869
-7.034706553143764 4.7686541696339795
-2.276982768572247 -12.239536435989482
0.7407060659363562 -5.7700314671139825
-0.08296716867859644 10.927234968084328
-4.050852094301165 -12.568476281518764
-14.24791899181414 8.281280328263357
8.059462966627306 9.403866834185948
-2.9561970764462173 -10.339589796409912
-3.00015335580887 2.8041986587073664
-0.31844226587191393 -4.261914041767662
-3.174066532134307 -8.59529174055157
-9.415978098936947 13.614083613876623
-8.574140268756619 -11.617784116747702
-2.898903087168745 -8.80600840275211
-13.427996779206309 15.509213016417654
7.846502682386266 -3.6395819430329617
10.491393444672731 4.633525309186517
-7.86852766739803 -13.211739866458757
-14.051041824286516 -2.265502670593687
-9.355559294631213 -10.289969302995985
-10.098011971105024 2.1418026610539727
-3.8293862788436868 -9.83560578235661
-8.416941444418919 -10.194955161653965
-14.616020359440679 13.326444055860934
-13.30262909918705 14.930165545208277
6.4912284828140105 11.914774033111076
-2.2220290130521256 9.402772843167755
-12.688679274190656 12.272635547602171
8.51598283201568 -9.006502111050125
-10.306125281652367 13.712600806235246
-12.443172543304257 17.114884454796904
3.6490693702702863 10.260706509759661
-3.5600690308572025 -9.922013618499724
-13.278776622830085 18.772307822835806
-6.168862425498233 14.712678874316175
-5.146089428099174 -13.06467150550107
-14.775157874107196 15.934150536630737
-15.72819793324975 13.852291578120129
-4.058506406735884 -9.375956563586147
-0.7179286938148488 -11.675377542494308
-2.1240595200131334 -8.9462553766623
-6.052096301126385 5.890251201543957
-2.7253690736637077 -10.666682932527126
-12.256329403347163 16.212850301171652
10.961358248449312 -11.710701324406536
-12.87260133298803 16.171671948171443
-6.6957327408468945 7.012513789853088
0.04809505936134428 -10.836444189307434
-3.5344868818048494 -10.471706084405731
8.894996410034185 -11.23091820586998
6.256769724151022 8.711718666412334
-5.80687009943676 6.097647022600368
4.541493723002247 6.331877396056784
-3.1080634238586295 -10.707050227092259
8.337546596293755 12.067090961116499
6.200529935048871 10.39913025000817
-5.091264579907317 5.172369294760109
7.130903664903894 -0.2989821438520792
-9.856589266702498 -10.094625156780806
-5.373499830460396 8.857450122667478
-15.873203811867391 16.41034233405869
-9.072822324221686 -13.790419867369742
-2.458413241666143 -8.672483200380183
6.229189344138939 6.884450534325077
-9.802861165180651 -12.597388257778274
-7.941767187777407 -15.2114281427665
-8.030263817393312 -13.980300496588889
-3.57443564485423 5.486958282541614
-9.63053206023969 -11.324605232177447
-2.833079239371703 -12.527293718455049
-5.16280323600584 3.8390354289428066
-13.495984581325905 13.205025554196808
-6.546196291206589 6.9270335643618095
-6.17400067254259 8.996489633367261
-9.339980132917493 -11.237665210449126
-7.286517351520354 -7.416233570491411
-3.509496837364729 12.382853784993074
-0.31851540987938165 -12.351379876230752
-13.46814507666004 -7.7044818674783
12.398981774536153 3.1932224958501365
-16.466135225256032 14.21964206596889
-2.958539336504672 -10.778076408374723
-9.081253317317 -11.210481704812135
-5.876575878612536 -11.040237376799158
3.7699343429095182 8.11794876740898
-13.54789219657983 16.642413269514662
-10.349851971966224 7.070970102421871
10.571873765559772 -3.560092813293325
-5.331258971506751 7.806259292190587
-12.746309106654255 15.862339305535091
6.769913840148135 -3.036602988843809
7.508826854000109 -12.968355096881279
-7.4282715220853195 -10.083348229011797
-4.06754152278177 10.3511482293138
10.703031007919712 11.136555247960917
-11.42267957092152 -6.917862103416812
-10.032982035365265 -10.542523671227498
-14.305807319562774 13.94946163224498
-12.186407038708099 15.398514547871848
13.76696779904442 8.608682726343417
-6.58057088753903 -13.13823432126425
-17.637471952972795 13.41910049738519
11.196361237968901 -3.7743018595003424
4.810499978705788 8.518778184962898
-15.405286089622205 13.869565741548836
3.452507772122301 5.924211994820058
-8.63314996350039 -0.007619402072251091
-2.065065958797902 6.607315860253371
-6.606181887903217 5.638168116702037
4.717162420442453 8.573171146194676
-6.987960672221133 4.865584610114788
-3.893936395592574 -10.91422413516324
-3.589827628348431 7.87552283262373
-2.8709385602451216 -10.254187434363653
-1.7584928652546368 -9.880005712506156
-4.750043977451147 -13.822082655713201
-1.1021500524921701 -10.236039600223338
-14.641314043826133 14.921745678562063
-11.091695177813623 -5.24237754159372
7.007732030381771 8.533229937595507
-7.090605634112098 -9.791453778887327
5.532086285957654 -6.701774162310892
-2.8349447083896817 8.004616288688606
-12.427211375690357 13.631135347303964
-3.9979227521842793 -11.89027805961501
-5.6706778691812625 7.543675548541209
-5.347281747868193 7.1211447575783104
-4.837161526793102 -12.23340844108285
5.219907640571106 9.33185209043226
14.114161569482139 14.043284768122668
-6.43663466274236 6.8269734568728815
-4.0145710521701075 4.346268972039562
-14.221898157082599 13.396979044025247
-8.971605425385022 -12.814511635099546
3.656205433550319 -14.685413864934018
-3.7775127315052455 -11.286933866152745
-6.349215215617415 -13.763787760489658
14.763010637084683 -12.916013603823885
-1.7417675305952809 -12.686826664663121
3.9493367155095456 -6.3626713737747025
-3.19353960255708 -10.899376357468773
6.026181381109502 8.113803634807224
5.258258610813866 9.247519591487514
-11.79789028356275 -14.066046965567487
-5.424208788121756 6.448218601355582
-3.7366462401771763 6.268651347342065
6.285419870348312 9.69491629019162
5.373279174745811 -14.138137515387303
-6.842527112633224 8.002610516269506
2.5792218047303486 -3.1789994577799074
5.368204879516323 6.8843182998624135
-0.04474295998241118 3.6209256012248687
8.278782135414705 8.194634993606673
-14.063944505424134 17.477443959121405
-13.641472862851508 13.72793102331806
-12.041332951440332 11.735757939760102
-4.627117054324767 7.9519896331236835
-6.050526735087558 -11.821034737804226
5.52502016919035 8.640372832404893
-6.795211560183019 -11.208091577544653
-2.720288820454158 7.7568384067268905
-12.863817705079654 15.438620051059361
-7.609027763991181 9.36955898061505
2.8168362221152847 -10.622252313634942
-7.89117573360827 -10.72616200311778
-11.730888880074014 12.716451858412011
7.011839250746533 -0.5045654292382942
-5.258124379356186 8.618808541578364
6.017946140799252 10.63120659583707
6.836779772978383 7.4612169368375785
-0.6324050387341948 -10.302756082868942
-2.7681674085304215 2.1347292103132576
-16.177445885407003 13.440518454631697
-4.714859579566381 -10.854317346733273
8.237250486812101 8.950194807770778
6.492258676621944 9.027075616315447
-8.645507429000316 -13.605874735584653
-4.489620147144117 8.18577065847953
-11.520269263298669 14.460346508241011
-6.213417662553707 7.034778153325585
-3.9009271031757917 -11.435885333021517
-3.5423270414670665 6.306435187426607
-16.052986434674853 14.652580327863237
6.308338896851278 7.823115792341317
-5.66173564908642 -11.691970903503467
-12.995348764139486 12.74017791585075
-5.910007738060358 6.633178921006447
-8.631154279241706 -13.53275294678655
-14.8962510268083 14.399788866903933
4.928164540031507 8.602792971796049
-5.015721519491857 9.2736274413455
7.147087132477026 -0.3001350458016958
-13.526445768788184 15.8168869786802
-14.269273257094131 13.87013274149946
-12.806948619664066 12.97727988249743
-14.158977277953786 13.057886888323868
-1.4857934928806937 -12.963644058819874
-6.710703149011452 -14.26446195965853
-5.199282451010186 5.8605760099251825
-0.5792247849890031 -11.95472301822506
-2.3896264768740423 7.177279543697912
-14.283519870890345 13.939618610595963
-4.501140361184051 7.770133626949851
-6.592594449895137 8.351410035370586
-4.722861084860103 -8.880584874766072
-5.260402348092149 7.158157757065177
-2.531491909623905 -9.517302858177873
-3.800261596177525 7.279940537621769
-2.581440404810795 -10.808853275071057
-5.196408306268646 -5.184333998654113
-7.207288942482901 -11.088572584308805
3.585093807146106 8.640966343088683
-1.19907727353314 -6.5960878007245665
11.454321665505407 4.261157072239662
-13.576526960772807 12.86109349410018
-10.767839537697864 0.8333208970354349
-6.58745305505998 8.77144842573584
3.2757607221988825 9.809054422684659
-7.427695808590483 -11.514271938844942
-14.742727310393201 14.295840439063056
7.116172217879612 8.246988539423208
5.923147395208446 9.029451091485663
4.384932726669575 10.396932679068692
5.902051271566719 8.820781029861937
2.421710087511426 7.376402042597771
-8.378169307086173 -11.34898476244622
-9.628247624685029 -12.427344471738836
-6.137955791242431 9.28779018096913
7.351858448336461 12.595393677041141
-7.869351455133624 -11.724776010982929
-1.7978009562699808 -9.248107218980827
0.2942248871946038 1.974546996967451
-8.92312182665833 -12.725147447365028
-3.2791509969429424 7.746368386512055
10.613653588627294 1.4125832600249488
-3.601564404649716 6.9731549713289045
-14.038812380757935 15.096376225922437
11.219365286415893 11.29571057842453
-5.299563725196203 8.109725551240594
6.662096475322292 10.317747447383239
-4.74030637475636 -9.617428483874184
-4.2797164235253184 6.152412159062538
-12.052787439933532 14.023735313629555
6.85062427506754 8.791838561606903
-7.089301470358569 -11.439042995215583
-4.125152635313784 10.527237839553397
-6.057114709835125 -12.063955617726437
-8.031208629940371 -10.825930064277088
8.182447137457672 7.99093525876995
-7.535024201784387 9.414045920695425
-6.256972679484323 6.208192288932052
-7.1719876374304015 -10.605581711318008
-2.6634541087636863 -12.87617265567131
2.1857492413701793 8.987679510957387
10.20772396529782 -3.9672421649186607
-2.6978330676114695 14.001994711748125
-8.781548851817558 -11.44484091873614
7.705786678185565 12.428954780936404
9.614808008206904 -11.398305358662192
-2.6691965767111814 -11.376113745586604
3.487361144887452 9.094242400301276
5.157736698394515 11.019887919902233
-4.102652563956941 -12.298412267433825
-4.283813151543498 -13.506406845046428
7.588776202994228 11.907071989431321
-14.34758090072086 -11.175732877458262
-7.309615004999107 9.449412512680418
-9.941060463328608 -9.928926611031
6.033050657063664 10.28593735593266
-5.631820183583391 -12.288694031865614
-4.221069781325852 -9.797791703829851
-9.14950644783536 -10.92407147945914
6.394120470318203 3.0933108886138214
-3.9420191219502163 -10.320307902644121
6.8523220906074895 11.03469475186084
3.875564706198146 8.815711306138262
-6.68454145086094 8.607244706959163
5.481748930145538 8.569336886607264
2.6853282689199736 9.22716671822638
11.936318455041146 9.586548710550332
-1.5699730991984235 -10.54923987746301
-1.3246962024027966 -8.260652950313592
2.462815657694385 3.718881776204782
-3.844596904206523 -12.623626956302111
4.938409938084625 10.538992474726916
-1.6321641579472725 1.129855517682394
-6.315370496437243 8.935586518547304
-8.91754748655019 -11.793482643383271
-2.8884734246803028 -3.182757004041088
-13.017717740947788 11.424158527420424
-6.183781302347885 -14.283973422536086
-3.995949170604108 -11.57776160166769
-1.5605568947180846 0.18656587590435159
-9.201301410154706 -12.373334833471215
-10.420113227292681 16.572432454092198
-0.8664331691615046 -10.460341031215751
-9.703866743262592 -10.867026854192286
-2.8387061761953105 -12.06966273034321
-14.018403507457142 12.759193932584713
-13.299700333664587 12.715394127488924
-8.770067426049915 -8.634729995198285
-3.9320048292093763 -10.644079745145165
-3.0784145675716186 -12.444308332612371
4.133310897750555 10.832148092461765
-1.3359404782482431 -10.287630378082715
9.419405020411505 8.019627267082612
-0.6847492226419449 -11.938136561427523
-14.57276498919574 0.6998088081997835
-6.677741051366694 8.611317673127225
-11.011706833128768 15.409652841280398
-2.8365419776621836 -10.312982611812995
-6.555166585483565 -10.9995175711436
0.6271689715633624 -0.6878805850473011
-2.388864334655968 -8.195763315437517
-11.750280288182712 16.29478660650049
-2.7722183603120123 -8.882315943528337
8.23315937857895 -14.782971403723531
-14.180177458198436 12.691994553173972
-12.202368413130795 5.250057578082046
5.565373508350337 -12.546392609104029
-4.19413512380826 -9.499162111860006
-11.8495864096664 11.089982189586024
4.817512815000153 9.838020587668398
-5.282309898473739 8.569668604546006
-8.357266565380996 -1.410222973486622
-12.09758825963451 13.519699676183931
-6.252445687911295 -10.447801567051387
6.255749716456012 10.055231616100526
-6.236145715332479 4.34598627128476
-2.178293985125086 -12.548039297507597
-6.176893073918004 8.604100848025588
-9.588866739862922 -13.236407377496908
-11.360770224787574 -12.665567391678122
-7.805546756736439 -12.634793799750963
9.988460682298783 12.987357796155123
-7.59521459411761 -10.527670327587693
-5.5895640262584845 -10.20870925189547
-6.443362151450012 8.461375224386098
13.137104335282725 -14.918784817507694
-2.4533935781908847 -11.249544406209514
-10.403713173819517 -9.544936853259859
-8.515453158445318 -11.750520556838257
5.334407636645575 8.22102498493059
-5.659842039812925 7.753222761640001
-7.608680343895039 6.623621258444627
-2.515653868222313 -14.354063826052979
-0.35943286836226207 7.613202057749831
-14.699345087790233 13.727179187800184
-5.9318004988416835 5.575816008509533
9.256483242599476 8.561666595089111
-7.551569616313457 -10.85579720479834
-10.137456623431593 -12.06333664403732
0.7622041955564196 12.647267902859863
3.5154511233178027 -8.530365754949274
-0.30791459443644165 5.424645073785559
6.967380664869455 8.886903793819927
-3.578498132711532 7.357549598831913
2.8387877688628316 8.377328162466103
-10.888145141567396 15.920385961751418
3.6046808897249027 9.681008378393166
-7.8357076824073975 -14.16352495282473
-9.643627446368146 16.015893746218826
-4.846106189542971 5.6303141909246825
-13.364707103835565 -7.187439363905632
-14.96935205295335 13.482421994425223
8.59690812428028 9.130726789582479
-13.237998540915072 15.883367404582998
1.1185772189263687 -0.6781414900224032
5.942504229771433 9.186277160517548
-11.28999270266054 -12.22295596797597
-5.986168150081303 -13.065169644656562
-7.554087635333519 -9.681974124673307
-13.17475291601281 12.189151586374289
3.7554835520075893 6.455226624387035
14.868556875233736 2.8620215962028546
-2.5958931827782723 8.43896443766917
-4.764843914934572 8.825869789451982
13.359497219629354 1.60614051800707
-9.424316703651769 -12.566164744020199
-10.146361593070772 -10.949594435386985
5.98888528820769 10.204574212122798
7.2634186513670915 11.135753884282714
6.01317299826832 11.130810057821382
5.181798492833014 8.750918637290798
7.559471734241196 -13.987279500454367
4.899866939662754 6.613598359872756
3.570715657767294 7.685288805186815
-9.291259925497792 -12.368624908715157
-1.0323410701627813 -12.086493818940122
4.155041188992285 7.57816995387379
-9.304609515972635 11.019127696288564
-4.398536490299344 -11.633146241861303
6.104456770992253 8.677340407528199
-8.529554223846395 -10.322846273070311
13.917513947994042 9.534572266348437
-9.111171809232173 -10.193510000788912
-11.925455526280842 14.252163730338495
5.908086538968995 7.006252658542732
4.108030500428987 8.154318367679473
-1.8422910591289348 -13.936634461723331
-7.154192980919886 2.0770107270684264
-10.079075730180678 -12.45590948522175
0.18879875073785035 -13.81984749088469
-11.03471006270171 -9.909135765911671
5.804070498029789 8.342028534186511
-12.24000220594821 16.059735245222765
-4.96098834524435 7.165951699388977
-10.352791869407337 -12.730255266135217
7.821709623144447 8.568534542021041
4.6947957532404105 6.126764073005444
7.434886693723531 10.829742142381376
2.9026159876748694 8.113181651433333
-10.678019227602888 -12.375189407397228
-5.617214147743745 8.412809441601349
-7.44606733614422 8.968235818503672
-13.865689807709352 14.180608219328116
-12.57334721903716 18.381371009322983
-8.588689597115783 -11.265936225594142
-12.136872057750896 14.184134953169279
-11.968610744595004 3.815884283282287
5.4767232017925185 7.884433845013996
-9.644635720137432 -13.224743989162288
-10.894448667381823 -5.308946378674655
-4.455686426272505 7.088204660590615
-13.163919848892528 15.229892521751108
-10.07928606064404 -14.087134544491017
-5.4614363603824065 -11.845855099105224
-13.769000053894647 13.666214496731797
-12.27859468966166 16.21886598903884
-14.841877006052911 15.986330436644545
-7.112584334296625 -12.554235017733504
3.866043554579705 7.97524416500638
3.423651961262461 -5.05561119282102
-1.8188237034959138 -13.012969753407406
-3.2500605783110172 -12.006392241094863
-12.57357826088421 10.833903945078283
-10.073222036515915 -9.472584510430162
-10.404868177483149 -7.164065086778933
4.298168380880707 -8.193607711500393
6.3255842199970616 13.613950073595554
-14.811888049228195 15.124176425204865
-11.706409543164082 -15.238842229731581
7.969054648506673 8.610787175838325
-6.773844650440431 4.80104550779423
-14.037783438902716 15.643757621802582
-4.34969179461533 -11.372600467760172
7.702757840871279 7.774858656575228
0.004523359443709296 3.4457641544700763
-4.928431122732704 -10.707412686722282
-9.132274873389704 -12.115668627850976
-8.574822722089033 -12.58056946099034
-5.213842212879054 -10.652998125151873
-8.058104273038593 -11.541275681723615
-14.764588458444605 -10.14851031874445
-5.726679365558449 6.849666840124919
5.547592033010788 9.69231191673962
-11.54508445805941 -13.7343504743299
-1.449354584853826 -10.243259141573443
-9.446561000821118 -9.475804265840981
-8.959280056535716 -11.746021269850285
-9.3806961215019 -10.148622654668225
6.437767118465088 8.126806534969468
9.993453375372901 6.495696416151186
8.356384344718743 9.697360488393171
-10.72180712902231 13.045335087628565
-6.582322936396877 7.565623848610564
3.7110378352015125 7.6498300660688985
-12.502017856020178 12.199856568125695
4.23212482014338 7.975205080093733
2.479633464562067 -13.036241579009802
-14.614210629812877 16.832789419447195
4.022692149789497 11.705800478112913
11.39576830511789 -13.300371903912303
5.452705012320829 10.429649350560556
-6.802715458104457 6.14379240030186
6.198737533078015 8.586959012166785
-11.557612529301164 -13.852505508616288
8.055859577448748 9.115141806967209
-12.437936699820344 -14.079589654061241
-12.099944256639446 12.00532149442192
6.722553741945468 -1.0466733840972378
-16.030064277759948 14.422763750625007
-15.066104018620162 13.230188258468294
-5.778758964785863 8.07953508623213
-3.7931514214020723 -10.302651048200286
5.8815342996248665 9.077154298017822
2.4668089454642477 -13.579565528419261
1.6693354706629897 5.122275215505919
7.432847334668798 9.984534929080374
-11.1029068872649 2.4000487053371984
-4.132132446244161 9.930564605611892
-13.286924417581618 -14.548927368454821
-5.952581976978082 5.792061475102519
-4.579966272715801 -9.972277631979303
5.9492781104299715 10.983055484660355
-3.3438233593316182 4.184479034041197
-0.9669658036805302 -1.8952332870879278
-2.9167617437886557 -11.873389535481234
-5.254818189817531 5.914944827621595
-6.429482086198158 -12.53841534229757
2.461487146568489 8.371167257791635
-9.80799364609278 -13.543657884482682
7.709704248784361 9.722931037222223
-2.610969637963242 -11.264395883534565
6.6663823210146536 9.663057306570026
-11.761856335972638 -3.176994095414459
-1.899748253932782 -10.779340448529705
3.4940421577704477 14.328342885915106
4.104675370106324 8.295580090454964
3.377616933011625 7.459741182843688
-13.383028506645056 14.873840133623268
-2.7098210439169366 -9.62077118697278
-13.12125538934016 13.872128621225242
-5.1377713398148925 6.254626878115722
-13.556811322804268 13.258551941335499
6.032891344159 7.169607062386005
-14.956837673467666 13.28344356234511
-4.493621361713917 4.687295082971421
-5.362469875652073 5.941891515995127
-3.3639604779994103 4.057149619333366
-1.4925256844955301 -8.121967570129499
-13.606471057679448 14.458578340328572
7.174975284189223 0.301258047016681
-2.3588047167105706 -9.168529842527919
-7.882997246632336 -12.008957607346893
-11.663985678976458 16.97683204223278
-10.13272255054286 -11.35665859380336
-4.055262413932626 8.78723864892443
-12.575709520709614 14.098407648212234
-10.12183363064321 -11.243956559067367
-3.414339146568361 -15.219062014342695
-1.1522941229606896 -13.489879878641805
4.203259043780547 7.875965219044458
-9.579572074866343 -15.352314958513
-13.04444431273022 13.4866203271776
-14.29658573924526 11.246007190969026
-1.8245444675558333 -10.380937667446341
-13.188729938424819 13.715486623535861
7.578248487601197 6.913349974047332
-5.052512220808551 -11.186851549980446
4.634645433345888 1.5695407468346794
-1.243298717704795 -9.88757308639029
-2.7714410088018813 1.2541392666847564
-6.433992408165964 -13.596977218409194
-7.9049928768360544 -10.344474000135444
-7.538313526384989 -13.77767483935698
14.124980663535965 5.7424372831885755
-2.376819944349323 -9.883777502494913
4.0443592806963515 11.474140753561453
-3.3907374181489813 -10.942441662995298
-12.33971203953437 14.538379323331133
4.409245690800086 8.450725465008727
5.381634365823641 11.724174321133372
-5.883058642790932 -12.029889125582843
7.685725834382 9.718521652463657
-4.711899688994379 6.131637239951928
-8.207278946058619 11.350404489733762
-13.623158138676775 12.87505686118924
-8.862914703320413 -12.1392162778806
3.4100269218120784 8.742081892691536
3.098413788379972 -6.333666748927644
-13.402941419750878 -6.224862554910205
-5.787644771433484 9.058412591721234
-8.012275445843155 -13.076833920638853
13.076561972778862 -9.854721477954124
-4.029461696836739 -12.92404789098626
-8.533345872783029 -9.989553831408951
-10.888028472291698 16.119583533205105
-13.328377501181752 17.414804904178233
-6.3561574950058795 -16.317089242733097
-13.056622855478878 14.936630717682366
-13.716167608825797 -6.980310490957878
-4.89385965490576 -13.49918100788867
11.090866080486144 -8.708926853747979
-4.199471277336568 7.238346158139238
-3.9454957668105424 -10.015484526750388
-1.8373180983742081 8.447975079125381
-7.29177056286246 -12.421620321099553
-4.558917895469693 7.458770883283065
-10.196922606488446 -8.458320612219454
-4.5723253198931015 6.517084151631366
-2.282684076287978 -9.243843431713623
4.759254061259372 8.947003822266264
-1.645334062953744 -10.667747016682316
1.0035975482075727 9.870398521130117
-10.732812447568591 -3.974996134857559
-13.233236944101867 15.838041843078381
8.892466360053842 -13.418341446842394
-4.299843541940431 -9.728604052906865
-2.906843949042907 -9.591033136954056
-7.830149493794638 -10.740318927094865
-7.538898386983946 -12.61791503579612
-11.866582526402386 15.394617369188907
-1.7546216936153143 -13.271912650312379
5.468902825726984 11.879100619870714
-8.550308660865857 -13.126187783495762
6.7680566195377985 8.751758020213648
6.3643666877365 11.683000489804012
14.258072127392769 -11.052687344910643
6.72352021549718 7.21972024225983
-12.684218246418407 13.434907413695253
2.2451617210756005 -9.474164971655222
-10.774670110313728 2.3982068429663457
-8.0602197240793 -3.137306540205504
-3.053713356121814 4.325897607678246
-7.3390705314145634 -11.19707425418121
-11.606448299683683 -11.395384892719125
-9.44139414906276 -11.365642931383736
-1.7721016950808939 8.320290427417664
-2.767484814161709 -12.401895793884869
-10.800512328176879 14.82233618140979
-9.227502499414786 -10.364983608260637
-6.61338906416978 7.500174963769236
2.625333368000909 -14.520304878334654
-8.606413578673035 -10.596173138634386
5.448665718266121 9.258525199555496
-1.374415611831109 -10.872469836618857
-5.521955032404925 6.400036085842372
-1.8581750881462673 -12.564474288170242
-3.3496081259454122 -9.982554678620586
7.203518596530442 8.0265555863575
-13.238340471558296 13.030907301283467
-10.847545352504085 -11.025687622203867
3.3993268329160635 9.949810206422281
-14.155483332685828 -12.931810565918587
-4.764704960883751 -10.057653959352287
-6.419785223557678 -3.751917538299441
-1.4007152186297211 -11.55119876404781
-3.161931063975973 8.278077198168443
-2.3662274740561156 -10.9152602240367
2.7567036095891915 -11.968854478597134
-2.2769053857665167 6.138332522781578
-1.1900286884156837 -13.052560008455353
-11.100640495809657 15.243235407375211
-7.9874460131798095 -13.799267751028006
-11.631279720268017 11.458165663316791
6.165925783107447 3.6849474087643195
5.373027404817608 8.85296547151806
-12.974550673967384 13.323785608735674
-7.65190334136498 -10.340631751742016
-13.45975483559806 16.00062696261442
-12.23917922827903 16.980069826921394
-6.649911086891819 6.558109855240915
-13.649869202989708 17.235987140149156
-15.473221511420352 13.688237827515026
-12.701893056689238 16.8554483421011
-14.551653284067218 13.449503171196252
14.912844862533344 -1.3516436383754922
-11.868501856274282 14.758771931790923
-8.108416870758477 -10.549147848361976
6.615179481351646 5.8991865199449425
-4.118206572762249 7.894146708052932
5.0588210193736955 8.48601537527827
5.0156041762965735 8.323984258713573
-7.0577254626439325 6.03417686934516
-10.048431912612916 14.952203595406225
-2.792409713425806 -10.782113358211307
-6.031389054815385 12.165733266207972
-3.1310819455658763 -8.964326706483046
-8.420848708147105 -13.211295796642537
-9.734230250249214 -12.361725234117943
5.587083798939784 9.873195155417438
-9.325033152938554 -12.240245762493766
-3.810956150272264 -9.68978076180623
-11.250700865201976 8.917677212259983
-5.133219462887235 9.366322783775631
-3.2847508924394444 -11.783299516515683
-11.302859928378911 5.24746747721267
-13.09828387123769 17.14766629929569
-11.06207421371511 -1.3554410659318048
-5.502529854160773 -12.063523325278894
-3.491438417079358 -11.756595495513363
-11.794602999198066 -12.877539568091244
-14.645399491476043 16.12847117033856
6.548449541496364 10.300540682064764
-2.4616023345597724 -8.744277429031033
-11.216131913585686 -14.10669807257699
7.171347127391671 8.533996499836414
4.479661886524709 8.907701820665572
-7.996133437966182 -12.745599880628681
-12.617509259663558 15.33496166583837
-13.174663287740215 13.365634037805592
-2.81689455582806 -12.5807311567225
-4.852168953718958 8.630210675868009
7.330920810143963 10.927354176518577
3.06372790254823 11.77031396888541
-4.82608238288061 -11.404481683343263
-4.509143196476347 9.280559611343808
-11.736284827719507 17.396630997121058
-7.953114262271328 -13.854967443422456
-2.9345199289473274 -12.347783630359709
-12.43419026719516 14.907534560673886
-6.731348923907455 7.891777972003148
-0.8840965582388796 -12.710584208544931
11.868869642261956 -0.5085771893032796
-10.313672071589284 14.87631238551502
-4.485693836877542 5.31256983668147
-10.24238545043595 -12.184661613737726
-5.972108281728286 5.908286562502644
-6.896287729175542 1.550074612326931
-2.1776221337865325 -13.753359036451984
-15.561705301151422 13.20706168699496
-15.207025935476446 16.264771906981693
-13.016397505657336 15.253838086318366
-5.055955390746719 11.202161013991562
-5.29086270031071 6.45081930858403
-7.253455779363294 -14.439526524639177
5.7330565074672215 10.544637616208256
-14.695440485718429 14.392009102548363
-8.41442601245985 -14.539696621489096
6.169458050399057 9.549893126877228
-1.0878856158945671 -10.919877204422795
6.933109223669787 5.826048630883064
-5.676516361817535 7.429535513106189
5.8030666089999245 6.697464570027352
8.032154455545346 8.470656227245547
8.085371769860224 -3.6801138387809686
-11.402008635809251 14.134852792888324
-8.888062459753861 -11.78408159545621
-4.526594170790513 -9.893924887729554
-13.759538521254026 14.258598263891674
-5.07812042027742 7.800257727702153
-1.9319862874090274 -9.237118605669725
-11.352170461389814 16.838000049667173
-2.6326565898110594 -8.245535061660103
-2.7264114807114463 7.412341609010142
-8.40816724906027 -12.405784397928327
0.654556998767887 -13.227095679745771
6.270473415518406 2.0739177486356297
-13.874564362304229 14.718582071264509
-6.702150941105307 -12.445179281615653
5.327652162791282 7.856310017865649
4.4404741243751795 8.752068034786943
-4.927599447916846 7.342944038348622
-13.081386034793429 15.010767322905053
-7.413600688205303 -12.05081827156828
-10.608971431548923 -2.815160061614389
-12.677910347226625 10.923749162420922
-9.414440441352724 -9.63861726173781
5.844372427469515 9.157450878763832
-8.287542241236483 -12.161617094919833
-4.359897870355962 -8.52652150454007
-13.16607266107225 16.597684508937384
-9.299181808540654 -9.210628887566973
-3.713185594694201 9.977215036929296
-2.185642728683895 -11.445587974461137
-12.545707149291742 14.156021378904063
-5.443221592431322 4.8589054791468085
-1.4331579940481571 -9.768519850168978
-10.87313726337926 -12.346790320149555
-11.12742177932819 13.44180648449177
-13.020335675908385 5.5291329297307605
-3.8596308522807146 5.4166524899160535
-14.397595431365556 -13.829519186078985
-7.041693742612061 9.372651189745405
7.941023357690163 14.234796322483867
-15.585680669259006 15.444514792696587
-5.671353600913294 8.941766339793306
5.390232293950374 8.609064598144581
8.217006304109784 7.857745803001416
-0.27977012793945466 -10.032298243315916
3.339700042457225 6.349163398825014
5.2535721164511475 9.532865698518235
-3.3679399614511727 5.703279580860532
5.13023357487436 10.190341287059258
14.164722661385262 8.892772087449263
-4.67760745205425 5.093657664599283
10.341539932632909 9.496421366823025
-11.753575743304198 14.99579764396872
-13.064313432901496 14.102927572300771
-13.2614883932802 13.600719564011712
8.85640736869924 8.046200195427067
3.805683821855886 9.565131463019327
0.33433303473483544 -13.952469983258558
-6.553984749810372 5.189511101236072
-4.481220337498791 8.101187703366296
-9.697971224762014 -11.892889178875073
-14.251353284970566 15.147531586861499
8.423772060780383 -12.024105768814533
-5.573261315809183 10.221248090826823
-8.611043076176333 -9.50825156433536
-7.119742565120028 -13.008421957113288
13.484745971921324 -13.809731978941217
-7.341061258990787 7.545805394214168
4.4495182680943515 11.195000084280485
-6.465149579885585 6.274806284210083
5.753961737161279 7.566058081070809
-14.335500926308178 15.14011059573701
-13.555580075466242 14.37866906726943
-3.6529553898905496 -14.861296869410753
-3.467397339760381 7.512304808624404
10.1178965546944 3.5577288641586406
-5.630873113906643 8.153835645765346
-10.633623594491425 13.703132327235073
-1.7369055111563574 -11.04451837795935
-2.5087242626506425 -13.545113680696648
-2.7779600030681277 -13.210831963007209
7.069290655088608 5.14924140686802
-4.696869024705244 -10.914926180566733
4.16050360145935 10.20009407679797
-8.085880855942149 5.635944855267114
-12.035466072337654 15.153573514023785
-1.5580785776109587 -12.11916972485409
7.850706039014193 8.348986318778097
-4.068819288100603 6.671144420147854
-12.422232874718027 14.540678511270164
-3.9222626008093027 12.482558734942348
4.314125068914414 -5.748491570498054
-5.974575073824087 7.5906314811478275
4.027645781728611 8.997952655923624
7.879388581098862 -5.005322788041994
-1.9344836402700967 -0.00979845834013382
-4.626435969581891 -12.167577458782535
-10.80061369947513 15.771172545993238
-2.375884699867867 7.06108513738248
-3.5714683518678374 -2.2994763351665366
6.67318414504301 8.85972841575558
-13.663655285021768 -11.49326894297114
-8.985542721379904 -13.57959651734385
4.058729213850603 8.535424244827032
-7.554639063174237 -11.902216219173704
-7.446527391716884 -11.359451543618627
13.006915854806909 -2.1673734468040013
-4.35154537253344 6.421581987826264
-1.106370635299097 12.125472650934945
-7.897402623088476 -12.274918340006984
6.373064553623156 11.204269779973862
-4.1307462981198695 -9.916996609518632
-13.211689166674471 13.391211851621549
-10.845544869064824 2.259495170206062
7.2005604565993515 12.570391278643516
-11.655023708424467 15.206733389458808
-8.386330089947911 -11.118923141149054
-6.090483981705048 6.491357068971678
-13.077816282414837 14.170004879202697
6.521884238315607 0.4212498436410126
-7.36284668459483 -11.116256806906227
-14.91535091969093 14.238826327737359
-7.347291110413887 -11.329439683071511
7.224285033294585 8.260183471322996
-8.69010604674171 -10.908421893016348
-9.0128928845794 -11.357243398182561
8.003313159409949 1.8715446222273755
-6.644239049837322 5.513332328906903
-13.235295414159179 13.803533168398367
6.177820126206527 9.80259112209032
-15.761429390448582 15.7984096361148
-12.524388415835823 14.020121821311955
-6.233450365013884 6.469665039159828
1.973366490799517 -3.8249230598588504
0.741371041786623 -6.752835297289163
-1.9534009421519563 -10.667013037009358
-15.531562909163533 15.908689533778062
2.814748815273736 9.899873106196097
-7.270288040783677 -12.277985117548067
-3.083366747929259 9.323821877618347
-14.390953512772233 16.035110177735252
-0.956861289681467 -10.840695474097688
5.102454636254464 -10.714924032628623
6.568286850555399 8.620853039862162
8.098167557923752 -8.938317668910145
3.779337309830926 9.313291145408005
-3.6124109095210564 8.21082740320196
-6.022590351648805 10.455437444793915
4.919531364967236 8.542579267141166
-6.881786169601023 -9.094151903607411
-5.094048916926889 7.73339345639953
6.7254596754847515 10.685572959391653
-2.535534756974986 -10.693355805493505
-4.0119382564818125 4.214820626449747
-2.473805365123823 7.863830172121281
-2.918732013216722 -10.97506139305467
-4.165106632471082 8.209533620978728
-11.71619665665333 -8.984404917953102
-11.580402796006293 13.354277989319892
7.595563676975004 13.779064368093842
5.449464760742424 11.112085526785513
-9.836732717025281 -10.774127063502538
-4.821680979479782 -10.3643737262035
-12.370850215372105 12.76494752186518
-3.417315380519497 9.96059160414202
-13.810562805442988 -0.8672450992427532
-9.628867230701529 -11.413883535999107
-15.611988047498766 14.494736414942436
7.296114303604071 8.46656829231364
-0.5565061414548982 -11.293924185123787
-9.302610210612091 -11.166664393693516
-6.021683395967569 -13.664774040996218
-3.8341763164544096 -11.386797385912548
-10.628770334273554 -2.757960768674698
-0.9909942590325826 6.819041488198918
-14.35331650266286 15.126016219094879
-6.438111608899716 -10.790848777731133
-2.2062423149873407 -13.980886350304802
-3.292488920236255 10.376514086134286
-8.878535503468282 -13.562349472691857
-12.946672581963139 14.317264609768781
-2.7683057658359425 -10.308413177720771
-7.689191135182128 -12.782207991405343
-10.312349740118789 -14.296146874268931
-13.115603473618068 -13.625145209063495
-5.628485344567814 9.747433493869977
-3.0845853331266175 -10.462167167899784
-9.94836643277224 -12.355897405634582
-11.725343868435694 -6.661160526437532
-9.508039812903325 -9.68431612902676
5.444905800378956 8.026133536443554
2.7656813701130076 14.830486917102135
4.508737348489828 8.671598051578053
-12.229804317201033 14.916760898196209
-5.4939599149911365 6.954928810701791
5.438360267860184 9.199052241004804
4.386632788245026 6.919802927585364
-14.774517864842167 -3.5188210325629896
-6.910657012285787 6.391294863787751
3.50547542273197 9.381256108323685
-11.991714369471874 16.525960237091777
-3.771302999452335 8.922188518835059
8.185871977768382 -10.554701103175873
-15.171217465765913 13.80561111703844
0.4060351623982221 13.660030540891427
6.052369194255684 7.712715606390182
4.579525327856388 9.33738015901266
-7.429340908695459 -11.27553015991154
-7.729745428462295 -9.159666898273121
-12.809608183360526 13.14492260739351
13.178192127992538 4.994729525569419
-10.083234533113906 -13.217312669376035
-4.735578173014475 -12.171445026108465
-4.569465840777557 -11.869404683869426
-2.906340321990724 -9.824221518529049
5.729769540083698 -8.794060350128925
-5.11885962842488 8.121727946780593
3.657801857424598 -3.268511492064693
-13.554475320286517 16.242905451414178
8.916011392472715 -0.1630944782183601
-7.012642319161627 6.497868912822379
11.983450653788779 3.648980122883234
-7.866476125969656 -12.957621304459483
-13.700165650530941 -7.401933789673995
-6.95221049957823 5.713147475832383
3.053315472950903 8.44149463345118
-4.278143873925821 9.079151554652487
-7.486538011182837 7.993670305390536
-10.643914671429373 -12.927133594108309
-12.395519025085187 -4.714236136086571
-14.34595212395386 14.990972685084797
-2.5150547059662287 -10.666752556580667
-10.33448805794419 -11.330401457399512
-1.8386244562798346 -9.30817447827104
0.41526918945052493 6.604191295131766
-1.0894144608899743 -13.425112794724003
-13.053405527959015 -13.879401321576141
-7.1055573806174905 8.633405783986321
4.600432332410682 7.503769761642884
-8.888739376776197 -11.312221377208807
-3.766795037215285 -12.860290613703405
5.522048174249546 7.362836890375602
10.423583672178069 6.3825687376218525
6.2752086276008106 11.31203387476112
-3.3396595862963387 -11.73517986355128
6.128611956770787 10.645185790479227
-8.360330276757683 -12.502182410466691
-2.3267939831683404 -13.588508667347138
-8.783524112549383 -12.893417299793633
4.0776807044261005 6.347389051135215
-14.311262107971835 -3.3354465698891502
-1.2605604451060262 -11.153090738931324
-10.861735895325788 -11.268199048268075
-14.34514307923085 16.113424767195234
-4.16685802239743 7.592228108662178
8.22281982194167 -9.08142016613494
-5.6374672696849535 6.488573091608718
-14.10515048391134 12.29461474784173
-10.555942099263884 -10.20190858716148
-11.778425639496822 15.75780030206128
1.6414109489258308 2.4274827600404407
-3.68001310131178 -12.971358013890926
-12.115365706827987 16.07166628325455
-4.600386576276023 6.603553173652662
5.490075360345439 9.766625606861133
-10.250610879601304 -14.191218966693658
-11.67030297039875 5.980366612919994
4.494128627881819 8.055759664101664
-4.419804681420487 6.734819264203945
-7.123409415948016 -9.37205613480791
-15.293917841955018 14.77365801510489
-7.821416083467128 -10.874425892598921
-14.683269347591475 14.460282251224351
-7.5330638844100815 -8.221034513115615
-13.64270937607569 15.292353265173137
-4.905130328549541 -0.058628201062123964
4.40030498548887 7.225189895887228
-13.79292390983754 14.866918271087483
-0.2984900135900972 8.259433357524532
-12.476606789743455 14.966026366668132
-4.597806922747207 -12.646357344169854
-8.461988475576986 -11.8784254079613
8.537484374695094 9.72255322380373
6.403022636091186 10.327440363503149
-6.311736098153959 8.141492056762912
-2.8568045208787582 -11.621837994372534
-8.181608764727573 -3.202222357194085
-3.984451314785301 7.361014389672352
-8.906701153209791 -0.06512304395313606
-5.130101311550373 -11.175409541054158
-11.74771588509148 16.06808713226984
-10.911454645192103 16.25649080871271
5.5772478461417645 10.940285566369765
-3.6463080077980123 -9.25113964986765
-4.111409957926898 -10.922094594742326
6.968525941032398 11.30946338828979
-7.355108819784453 -10.452513961956175
-11.045695902340205 13.692925443532282
-11.260966342609091 17.06674671031802
5.334454765382038 10.166124745620685
-10.920808327617916 -11.31156697138547
2.207137082329961 -11.940487488739336
-13.060936555435294 15.092506684469008
4.267615696795085 7.310779911894603
-4.419719875609722 7.547473313475888
-5.204754130504622 -11.29689137235534
-12.472724545663194 14.00872176509382
-6.839103303861037 -8.84967296704642
-5.419304136108167 -9.73241223958134
-4.105909352525405 0.19602113045911373
-5.697728234671825 0.1177951520223921
-14.472514259559908 15.895577003098607
9.13505604779511 14.827343665908074
-5.386485371236629 -10.191565803097127
-2.0010989886614183 -10.467817752489553
5.823111621346374 -2.016753436962853
-6.266428880172469 -9.122726256068361
-1.912731187884276 2.5744927650675535
-8.085518701533609 -16.004676616324577
-6.040063116046955 -12.778882667038962
-3.569107571237113 -8.452472713614151
-8.839806750696365 -9.593059408360894
-13.78240403580779 12.388030272474415
-12.127681272352696 13.718879163720459
-5.697308498634454 -6.186724368533433
7.148393013453026 8.106722638558418
-5.907563742661474 11.177475097521626
-1.5723323901571764 -14.79077517022132
-7.308978821681043 -11.801826015519566
-3.148588526176026 6.582631129410254
-12.485930456654533 -8.674270969436646
-7.368798896461386 -10.451704892071557
-5.781093397501194 6.63228880427914
2.4173262218424467 8.64437604971949
-3.4296772418292885 -8.706778755670635
-3.526937999005175 -11.512879794148198
-12.999119425058314 14.343410181562705
-12.932521316782688 16.911996269279683
-14.371545139929083 13.45119581544679
-10.568138269525264 -3.943876351919158
-4.259572598787479 -10.906878352699522
-5.369950873802716 5.9425020532644925
4.465056458191626 10.318936509504908
-10.563545332488655 3.412589670085879
-12.364222212174788 13.176844925303048
-5.067156430066581 4.998369846286035
8.370132154348903 9.96228753038821
-3.378130351462138 -3.5670314784097563
4.372468597859532 11.824234633586652
4.047971858654807 7.93411749722009
-3.128813826590317 -9.751921345989052
-4.214222916573357 -11.222343508425904
1.52155510719588 -9.558459647895212
2.5043496438328483 6.14545509221986
-9.089736114175347 4.297649051185376
-11.433437531162129 -12.41093001436201
3.061806766104489 -4.7766963570615175
6.2333385538417785 10.478543847163545
-9.232213964543952 -1.4640100768462094
1.4187471472670588 6.694078210746984
5.813322747255557 9.964832979944616
8.223602642763858 4.448477908356988
-8.0725270283731 -10.890220989015333
6.1867557532479935 9.464095616126919
2.6273300026110142 -1.3832569550660718
7.981331558903993 9.028853774974126
-9.630585744438367 -3.0868581824995136
-7.381830579870616 -11.38183563749067
-6.425400309589653 6.264465168255421
-11.526377093839475 13.253914533081538
-14.161943017596817 13.251130122970743
14.963422135900338 5.486525276119345
-3.6890625845221714 -10.6634470697702
-3.9404143733251464 -14.128584372690055
-14.508448981494238 12.11350568119579
-12.923562538714007 13.785907567257453
6.258267495744437 9.677473993955159
-3.1955333281843 -11.028346631518142
6.2556546675392095 13.069537986873883
-10.185773958474545 -10.87851842965706
-11.867636722051905 8.855900414191431
3.341314415788247 7.299075236948322
-9.253158915079005 -12.12000476133388
6.373330788494343 9.567300603153928
8.249483291910167 3.6769811024319488
-9.776520211453906 10.607290254088674
14.127093981501353 -1.8893740908879018
13.283148285167712 -9.867840476743162
-2.9389568267614976 9.768246859352827
4.2273244266598935 11.177344787097958
-15.012500331379142 14.133258577598578
-3.0187725228178595 -10.72735251969387
-5.061616975474657 8.018675368612605
2.1375784309933294 -2.668778686204236
-14.272069112849966 7.78348943488491
-1.9441107562776265 -10.712401524614144
4.3394060229235265 13.769976587696274
-14.34446031572268 12.899954241771225
0.4215743041879563 -4.014179670692638
-9.163632429596754 -10.386212405041984
9.41920162389681 -2.9656159504527366
-5.75609956814575 -12.176798958536112
-13.002138916665988 9.594318564256895
-1.7008633162886189 -10.56720255559946
14.55675379836579 -6.520938392100023
-10.519075714384378 7.205041980186319
5.039156534126688 10.646712574223065
-12.852630152824062 14.493755451392047
-4.6556511335606166 7.629268349646731
-1.2598343495269226 1.5522015598691645
-4.757431862880809 7.594784264288084
-10.526255514955945 -11.749950446299808
5.0683522074943905 8.748964266559224
3.009198213064213 -7.605573037572072
-6.786464706099723 -3.1842086063282196
-5.487128554630117 5.687577601080665
-13.428999134240861 -2.8082436747058868
4.666857076954564 9.499585887333176
-9.465525627536415 -10.587345372273454
-4.558225164426679 -10.644216955804817
-12.909227237840657 13.524493377244488
2.298111103913797 -9.174746244205325
-2.352393452766406 -9.779000571489
3.655760829153633 9.600329545065819
-7.6340551882098495 -10.36632022228667
3.364335364038192 8.881870491836187
3.3328814883245492 -5.956766590020349
-3.320833075098651 -12.027464045307514
-9.235777871146626 -10.065943898321954
-4.185062407666155 8.939196911207606
-5.634427038837326 6.797340820154087
12.489884543512673 13.173733420000186
-9.051694029989942 -12.596489089632772
-3.853951144500348 6.1635239766812235
-11.327510033848858 -10.601934778879325
-2.5944033264871624 14.95717655149324
-5.0865450138568145 6.998270850308344
-13.442823230419192 13.425479318841825
-4.713169441434214 -9.159319150970344
4.917028166870394 8.974378852241932
-17.033321187241256 13.963086023868915
-12.754450842086895 16.29209725627048
-11.055007281529175 -11.399962148244047
-8.88598377242152 -12.130782245078459
6.092530213680632 -5.3650412717621965
-9.572139523613266 -12.472949374728168
-4.611589957611976 10.243498373753871
6.270063017037499 8.654296302913915
4.127656497799778 11.442691277466075
-7.851771217055908 -12.37227716888012
-7.798054382648921 -11.189956930834187
10.746425426943379 1.2855384830011793
-5.009358651105062 -9.692059462609139
-14.235272721716132 14.414805263040455
-7.3129492586734095 5.816868075695679
0.5700698222449194 2.209199495016371
-1.6951070653561469 -11.646321111249954
-6.702525766259337 -8.498735816093788
-4.797041391263528 3.614489658874116
-13.60563013690746 17.625775028147697
9.62534358006139 -12.747055984372546
14.389975208731524 -4.915203638449791
4.639035934464401 9.935175451694079
-10.67644192681289 16.163890918249564
3.6006435523783384 10.423400758173212
-4.8576658941309825 6.05261892779742
8.699398020284896 -1.0974507627892578
-13.25265383950475 16.851613397379502
-2.6733123751775647 5.520289386552204
4.72893571654325 8.261839892065272
9.262575226323438 2.5371607728523102
-12.550121974487187 13.483124751075309
-6.749650298557479 -11.877211155049883
-11.42060961287272 14.596516074932262
-10.12523525175114 -14.49126501394808
-9.532485886314214 -11.302356387281435
-8.188257568887666 -13.455254973380622
-14.070507411714894 -0.1746546866829295
-5.010136232291428 7.087369511647362
5.187719126834903 3.70105897370431
-5.06671244455484 -11.675731149672027
-9.730002999740856 2.680720160555161
-9.24794659507257 -10.2877390716809
-11.881292908879674 14.192345907788436
9.28810503942239 2.823819320883196
2.767815952096306 11.395342702004992
3.9023676682410606 9.630208181296716
-13.125358450346855 14.104677203602899
-5.508395232529311 6.36740329804999
6.9018909747623605 10.523458821786427
12.733461986173605 -10.12799321306513
-0.07994523217851679 -3.717433706535852
6.600617371556962 11.6822718699447
-4.032915921561889 -10.390272066585759
-12.9816625117269 -6.48959339386105
-5.761367373996923 9.3018509731546
9.099923505933916 4.799239262025377
-11.499256663064351 14.643513861632382
-4.772490906929147 -9.685139388975296
6.322135595864828 9.049393113736848
-11.890361612924035 15.373186608363879
-1.2202868748254323 5.964495447102493
-10.100903703570662 13.126238092144728
-11.410285075011478 16.131118614599227
-4.146794523726179 9.271029134961426
5.882002960843152 9.329251993815285
-3.639611389407346 13.792869116397231
-12.598237710940646 15.197871484597686
-0.5398636607880882 -9.444731590979123
5.53135966061698 11.28499995302019
-2.7816321774089134 -14.260483386784665
9.351678898332512 3.876081064653839
-5.892558211182108 10.186019109154625
-6.54755296429145 -9.487650978114143
-5.458631232199817 5.393966598240267
-4.626348232983462 6.681963383497853
-8.442145618414383 -12.955639662665181
-8.974701362377465 -10.099947173277645
-11.913574983030106 -10.015045523136935
-5.727999702345546 -12.180615858349901
12.982162915666208 -1.1719870233419556
-3.7594073314002965 -11.628588865059815
-12.919448188412803 14.374856533661958
4.136143418393361 10.222731799912063
11.819564183201798 -11.321394570372513
-13.972066148433415 -3.3224444055853386
-5.096079603248568 7.456092594379699
14.989547647652103 -9.940513897433355
6.055063264349525 7.653733736571488
10.122208594231616 11.491934133951656
-11.240467269925244 17.092544218086527
-9.64210444179405 -14.047270783865024
-9.70997014726683 -13.217265757825736
-9.329755752680086 3.7403198037774352
5.5422668838280575 10.711749277754835
3.475240397131594 9.335020341240277
-2.924194374310774 -10.181257995475445
4.753681393280121 7.780564758423415
9.192357815751553 -10.202303264915452
-9.295633781175578 -10.074237815178591
-13.18767305343407 16.860171806196604
-14.459940883491536 15.360965554697067
-0.9069732584825108 -12.538748960614916
-8.660735374618449 -11.589701626673087
-10.646080326844633 -3.3048477275184815
-10.111462212928698 -12.452083234265304
-9.970034737572465 6.435088247501643
-6.40574583767295 9.049935036462998
-7.129784231752609 -12.467655618772547
6.892577016450823 10.319314934091713
4.618864999624151 7.878063745345175
-14.280873889381416 13.12974294439956
-3.186626172685352 -9.439243310533435
-12.424532708289087 13.448978670236624
-1.302261252954915 -11.141864130115673
6.209768358321398 8.562115331221111
-5.273082486828147 8.654381340936148
-9.803267204202339 -11.18615639501289
-5.482381942361225 -12.961505477772189
-12.418995349731043 14.98439765152006
-10.049296715558402 -11.695162790973
-5.523257687697902 7.852638899367344
5.863730838695793 8.289883395783196
-3.778522098934783 8.870985490575388
-3.795184810280469 6.123926082335919
-6.932557304179175 9.509043753598286
-5.821545202751997 -12.146122464638824
-9.843507295860922 -13.903643497806172
-5.372172049076224 6.022725955216301
13.616647137879912 -13.999747021821614
-13.087862521663396 10.107392228313547
-5.294417064687536 6.6475570226057945
-8.853860160385082 -11.92057211657809
5.962390889912746 9.253926197297348
-3.530184986638374 8.265682338357514
-9.534701610971135 -9.956447515082939
-6.959315625467025 6.424662433807494
-6.849888343013236 -11.032080410566472
-8.70883659831753 6.461134126378871
-5.88535108055111 7.918619681956587
-2.2133646113162584 0.7855322247907157
12.014243539365076 10.507185049703445
-10.635013749651346 -11.197295349736704
-14.0247262546033 -6.14991193242113
-12.667866193496137 14.3679670471535
3.3864787689463784 9.23511477820179
-5.62507987784472 5.931392502701689
-5.457200758556137 -5.584531153816968
-7.434353289820692 7.2902670716210585
-6.1414971416314454 9.829128819171316
-11.079755547964947 11.522704505739142
-4.5060483313947035 -7.38275747659958
5.958941412706256 13.855664888634458
-5.238612385363908 6.935224762125108
4.79339717816475 11.307659512840997
-2.374979136502312 -11.380089084766546
-3.830504137790362 10.264137075300217
-5.450841227196581 -12.570096101792453
-11.8952640671563 13.49165271970876
-1.2079972442069749 -10.246831320474348
-10.623715651174045 13.864078339280512
-3.2143501426660603 6.03818564568923
11.849714812672335 8.102085415077973
7.673845432329445 8.04918171038812
-8.592477325966811 -13.126499292329324
-3.5268727372797306 -11.282800629484482
3.5742224109170593 -9.095081431686884
-14.14509458590093 14.73496041340795
-11.397981394503775 -7.802471411450591
-10.617384131899506 0.7474398693108331
-13.910436856716494 15.266710225798805
-9.183462692030984 -10.200451555713789
8.56440346128818 11.469994885206148
6.21968310412444 10.204339813170503
4.396135741263905 10.152123908706272
8.299935986333985 14.842104908520763
5.283360302580358 12.047388384890082
-3.1608123937493056 -10.181144606189571
-4.722777970680067 5.478274999997588
-3.2184738246967903 5.682629150468266
-7.6409860306395 12.097926650985894
-3.399125715626977 9.485873514039397
-14.94596985010391 15.854262093366824
11.826030733412047 -6.505630543535924
-13.954996552870979 16.24452079004189
4.591051733874879 7.121249841219881
-2.506088647150662 -8.755988384366894
-8.090580041335365 -13.107724486872664
-14.00184805641691 14.556917315499334
-3.354219020580322 -13.929204315187926
-5.365966715294895 7.059159730486215
6.995158820567836 7.997164939312475
