2500 2 5
5.251101109584859 7.8552256865988115
6.198737533078015 8.586959012166785
8.846737999405704 -14.852695851682093
-2.6431183550108384 -12.230521835979333
-0.9217950896568876 14.848039592076425
-7.953114262271328 -13.854967443422456
-0.4164092322347841 14.678577450442575
-12.839530419433506 -3.3838784907195887
14.692969983364542 14.111255957037304
13.874423242543841 5.2439112146465945
-3.0641931958533846 9.927444299109048
-1.361686639953569 -10.753566349921975
-5.4939599149911365 6.954928810701791
-7.154521831288248 -11.058823931143094
1.381164360704374 9.572822307219248
-10.420113227292681 16.572432454092198
-11.410285075011478 16.131118614599227
-5.821545202751997 -12.146122464638824
-3.128813826590317 -9.751921345989052
7.578248487601197 6.913349974047332
3.50547542273197 9.381256108323685
-7.9874460131798095 -13.799267751028006
-1.72960939161894 6.953215581232604
-9.169686390399338 -12.72633232143943
-2.5671029439432616 -8.57363093522405
5.5772478461417645 10.940285566369765
-7.609027763991181 9.36955898061505
-8.216835419247701 9.66515012210624
-13.09828387123769 17.14766629929569
-6.182099929717877 7.86453725944666
5.276786272537664 9.239384787973757
-13.081386034793429 15.010767322905053
-14.645399491476043 16.12847117033856
-10.67644192681289 16.163890918249564
2.958680051500263 -4.560858908844905
-13.555580075466242 14.37866906726943
-2.4533935781908847 -11.249544406209514
4.047971858654807 7.93411749722009
-9.5388422179078 -11.522500923118034
5.024608975696889 -11.14125248469202
-10.13272255054286 -11.35665859380336
-15.583543629722868 17.194876684959368
-5.6253533430312554 6.79151255948514
-11.750280288182712 16.29478660650049
-2.1771321916113777 -11.471982238425431
-13.641472862851508 13.72793102331806
3.866043554579705 7.97524416500638
9.658807000722994 -0.644116728500455
3.6006435523783384 10.423400758173212
-2.3728426466571446 -12.1887482338261
-4.501140361184051 7.770133626949851
-2.7098210439169366 -9.62077118697278
-5.204754130504622 -11.29689137235534
-1.4007152186297211 -11.55119876404781
-0.30198428033028124 -11.979338323693543
-10.521708942503027 -12.577990365236435
-7.3082496965738315 -1.483816600744527
-5.630873113906643 8.153835645765346
-5.761367373996923 9.3018509731546
-6.86155253811667 -14.279078446083172
-11.198890800248524 0.4764403403164579
-10.558412201702385 -2.6207883609041502
-9.628867230701529 -11.413883535999107
13.57758866086106 -10.09173114396651
4.613121582800743 9.089740701810578
-5.613393009479818 7.779312978918506
-13.68566095006572 14.355887652553312
5.844372427469515 9.157450878763832
4.027645781728611 8.997952655923624
14.49857757102114 7.4684869718024025
-13.299700333664587 12.715394127488924
4.541493723002247 6.331877396056784
-12.035179849146079 13.917574231645718
3.6776512937616634 9.955003383088739
-4.593891468673782 -1.6485986649714803
-4.291746184464262 8.144150010268921
5.12965767877261 -2.4834094465937824
12.595654419928998 6.613146137957603
-6.61338906416978 7.500174963769236
-9.643627446368146 16.015893746218826
-7.429340908695459 -11.27553015991154
-6.731348923907455 7.891777972003148
-14.983272281964876 12.136297663263282
-11.42060961287272 14.596516074932262
-1.0097918185449575 -9.70991397547798
-6.854635186483385 9.007081674809838
5.389558479957863 -12.199935024045292
-8.591825302795968 -10.375715609823203
-6.315710615894371 -10.942807336705622
-3.3926691069309483 -8.25462369612753
4.9774246313259285 9.107338573056271
-3.6124109095210564 8.21082740320196
-7.241701596461164 -8.528286787790513
-12.3614079839633 16.06419294530068
-11.658924211062175 -11.585254565257879
-3.810956150272264 -9.68978076180623
-10.180416363698319 -11.37218609595387
-1.374415611831109 -10.872469836618857
10.6106198293318 -5.317190210579607
-5.372172049076224 6.022725955216301
-1.3246962024027966 -8.260652950313592
-8.382473182121181 -2.2265599719528257
9.523608059982607 2.179337164050331
-5.166765057745426 -0.43588296926801284
-3.826659411106056 7.206558985397239
8.059462966627306 9.403866834185948
-5.167845373735963 -15.027100805420808
-12.311820003701477 1.5982851779765177
3.7110378352015125 7.6498300660688985
-15.547489273814007 14.641816882498278
6.6663823210146536 9.663057306570026
-12.33971203953437 14.538379323331133
-4.419804681420487 6.734819264203945
8.77045002351791 -0.8698557377967617
-12.831292187588055 1.4104103653394517
-2.8365419776621836 -10.312982611812995
-9.340600842023193 -11.66309207864007
6.622905084503522 7.195071536753169
-8.864518896536332 -9.663818848604091
-6.932557304179175 9.509043753598286
-1.987227008281611 -11.700712510192014
-12.545707149291742 14.156021378904063
-11.055007281529175 -11.399962148244047
-13.56287224205073 14.50984797112896
-6.137955791242431 9.28779018096913
-8.250482663637436 -10.47543858953223
-6.644239049837322 5.513332328906903
-5.171679921324287 5.19231980904722
6.322135595864828 9.049393113736848
-13.769000053894647 13.666214496731797
9.040179971098329 -3.6466839104063187
6.384905506096389 11.582596859633677
-3.174066532134307 -8.59529174055157
-5.0350998926381125 7.661592786210534
-9.027435711767245 -10.674237809236658
5.334407636645575 8.22102498493059
-14.371545139929083 13.45119581544679
4.600432332410682 7.503769761642884
5.587083798939784 9.873195155417438
8.299935986333985 14.842104908520763
-3.9607667061921603 -10.668575576868363
-9.44139414906276 -11.365642931383736
9.937732633043453 -11.246072932635947
-4.481220337498791 8.101187703366296
-7.308978821681043 -11.801826015519566
-11.753575743304198 14.99579764396872
-13.709144797151723 17.026917419743157
-5.88535108055111 7.918619681956587
-1.7166666035811122 -2.7794809796236226
3.7554835520075893 6.455226624387035
-5.273082486828147 8.654381340936148
-7.1719876374304015 -10.605581711318008
-9.299181808540654 -9.210628887566973
-8.40607206634423 -11.822106015326693
-14.269273257094131 13.87013274149946
9.498653973844398 -2.620798090204282
12.154204071274311 -14.916894510434526
-2.6691965767111814 -11.376113745586604
-4.388743019863329 -12.260308157785174
-13.041247656288055 11.923489701073606
5.9492781104299715 10.983055484660355
-17.637471952972795 13.41910049738519
-13.84892138642564 14.981762660565195
2.248553639358313 -3.527269926476201
9.676987876061794 -14.888474889209602
12.925253653666907 -4.772465470990909
-9.201301410154706 -12.373334833471215
-10.502861894542669 -10.09178788870221
-4.613271201822996 7.910881600573851
5.882002960843152 9.329251993815285
3.341314415788247 7.299075236948322
-6.3561574950058795 -16.317089242733097
8.85640736869924 8.046200195427067
-2.941197109871205 -11.1720301181487
-1.9534009421519563 -10.667013037009358
-5.617214147743745 8.412809441601349
10.475627595997036 -5.981685120027471
6.910483646289384 8.284949958754082
11.85110327104313 -13.629882502468723
-6.881786169601023 -9.094151903607411
3.829961499400151 9.494508709126293
-9.415978098936947 13.614083613876623
-9.873203581126075 12.179394405099357
-3.778522098934783 8.870985490575388
-5.972108281728286 5.908286562502644
6.6224139953460135 7.693131429961879
6.798236253906578 9.698548268925382
8.459376745204555 -14.949814915574164
5.747701744220612 9.915694117565018
-3.467397339760381 7.512304808624404
-0.6324050387341948 -10.302756082868942
-11.778425639496822 15.75780030206128
6.9018909747623605 10.523458821786427
14.413161938610653 -3.8144490897199574
-3.890031432865584 -9.70334710554072
4.953494872787116 7.315724210768947
-9.579572074866343 -15.352314958513
-13.977039453694623 13.07109360178243
-6.710703149011452 -14.26446195965853
-10.06674404549923 -2.5326168467182057
-5.775884267439457 6.876814332598391
10.01209068831853 -12.209309749969618
-10.847545352504085 -11.025687622203867
-0.588936096702394 13.502720176288808
-11.499256663064351 14.643513861632382
3.875564706198146 8.815711306138262
-9.791240579847551 1.343002525408334
-4.060228561725482 5.734824693784121
14.645152335512307 1.639171361021134
-2.9298464419955286 -9.666245663770768
-7.4604011138207404 9.059320656772414
-9.534474969579792 -8.05381122672242
-5.055955390746719 11.202161013991562
-8.45690592961902 -10.588630300278954
-12.524388415835823 14.020121821311955
5.3483357792488935 7.878848476310793
6.437241218429666 -13.555619122448272
14.178090663027973 -14.940255598075101
-4.574761563027871 5.951530963983185
-14.762537718958622 6.8341017137825375
-13.12125538934016 13.872128621225242
-3.3639604779994103 4.057149619333366
6.255749716456012 10.055231616100526
-9.781644048106116 -9.77303741622153
-14.038812380757935 15.096376225922437
-2.973244644693268 -9.66977638489706
-9.803267204202339 -11.18615639501289
-4.199471277336568 7.238346158139238
-6.050526735087558 -11.821034737804226
-0.7481533177152695 -10.638428680665845
8.922658286760644 -3.718824862492557
-6.256972679484323 6.208192288932052
4.666857076954564 9.499585887333176
11.8857623433105 -2.220412787006655
-7.2073519300247 7.678492047172518
4.928164540031507 8.602792971796049
-11.8952640671563 13.49165271970876
-4.925298165135906 7.466355553904114
-1.7008633162886189 -10.56720255559946
-15.066104018620162 13.230188258468294
-10.939044653377069 13.930716712870096
-15.713590357505888 16.436355222782105
-8.085518701533609 -16.004676616324577
-14.290510736912664 15.355112253646123
-13.538104524967007 16.02188546551792
-6.056208207711342 -12.451441809267447
6.197914775435349 9.180653797656376
-9.572139523613266 -12.472949374728168
-12.667866193496137 14.3679670471535
0.33498208692734543 -12.417621599705573
-7.805546756736439 -12.634793799750963
14.919159573032456 3.478196848496804
8.077947613816168 -2.933852039233024
3.570715657767294 7.685288805186815
-13.919154658191683 14.974015653546855
-10.923347233554848 -10.12537876586803
-14.973539252016847 12.532710484779347
-4.626435969581891 -12.167577458782535
-13.638362920974183 15.55173508119528
9.980072572356697 -0.9375054431731158
5.962390889912746 9.253926197297348
4.658282528821861 9.903663146184682
11.499576775447341 -6.6157807167050215
-12.960960479908325 12.955963810123233
5.602392138094601 -8.023025429766992
6.104456770992253 8.677340407528199
-7.729745428462295 -9.159666898273121
-4.937326527842985 7.40514870329457
-14.809514317815522 16.562740278301437
-7.071184017083061 -10.69043873868711
-2.662501268182554 -11.867614409640431
-13.37282851314266 13.525308746792351
-5.802199581624261 3.0231660393698156
-12.256329403347163 16.212850301171652
-3.9071982727678094 -13.37590018533638
-6.252445687911295 -10.447801567051387
-9.721001912709392 -10.795269588274689
-14.658481478972933 -0.9052261100527677
-10.12183363064321 -11.243956559067367
13.45387048712935 -11.28136726349669
-12.115365706827987 16.07166628325455
-6.021683395967569 -13.664774040996218
-5.345233554779704 5.220272486679733
-9.900219598812889 -3.491738198998341
9.141396622180832 -0.13143642844378967
-6.233450365013884 6.469665039159828
13.455630596172352 2.265901835417079
11.393941313799399 -0.9743156443263459
5.157736698394515 11.019887919902233
3.377616933011625 7.459741182843688
6.301112622218085 -14.568909294285572
-3.1161092991483823 7.118784997407632
-14.79913840215831 -0.9002143797561875
-11.011706833128768 15.409652841280398
13.779677243067901 5.2233056738826065
-6.849888343013236 -11.032080410566472
-13.560342564477331 14.619379015753124
6.9913922031575275 -11.402003675138223
-12.34908855429173 15.499615593452718
6.605005180155196 7.982304556870092
-4.111409957926898 -10.922094594742326
8.229218676662423 9.51496613023
-5.62507987784472 5.931392502701689
4.817512815000153 9.838020587668398
-2.187867797391031 -13.253731688551495
-13.303491090363714 2.2050597018045615
-14.00913449846028 14.567729028223322
-7.39828705465121 7.431118531059156
-13.2614883932802 13.600719564011712
-6.266428880172469 -9.122726256068361
5.627306462982292 8.73294467944352
5.522048174249546 7.362836890375602
4.3906950271701355 8.902914882147904
-9.588132474364066 -12.027209141666953
-6.491969871821473 6.8076827679802685
-8.093918603954277 -11.82211362881589
6.8523220906074895 11.03469475186084
-9.306519149125311 -14.08868957769685
7.806472797088624 -13.460541847480654
12.88879093488513 -8.749166020552032
7.172834969169483 10.073365306184293
-4.1307462981198695 -9.916996609518632
-2.543790099872551 -11.735318947980563
-7.86852766739803 -13.211739866458757
-3.2143501426660603 6.03818564568923
12.066254636494321 0.28449709448648264
-6.052096301126385 5.890251201543957
-8.717867031426637 -11.045923373325817
-10.911454645192103 16.25649080871271
-7.413600688205303 -12.05081827156828
-0.8941184404277234 0.6280374481846671
9.783097682483398 -1.1849441998928238
10.930374476693107 -8.88423646878162
-2.3267939831683404 -13.588508667347138
-3.6463080077980123 -9.25113964986765
-9.173304729297998 -12.258514832955344
6.7254596754847515 10.685572959391653
6.285419870348312 9.69491629019162
-3.688459389251462 8.666252166867231
-11.28999270266054 -12.22295596797597
-7.129784231752609 -12.467655618772547
-2.468426999152598 -3.090004026520033
-0.27977012793945466 -10.032298243315916
7.673845432329445 8.04918171038812
-1.6624495156423968 5.960934285340562
-11.899842474460941 15.546939878564292
11.458126612331554 -13.438462263981522
-3.853951144500348 6.1635239766812235
3.805683821855886 9.565131463019327
-15.405286089622205 13.869565741548836
-13.192022046828285 14.659642076701644
-14.324157923330194 0.4674746239822376
-7.486538011182837 7.993670305390536
5.444905800378956 8.026133536443554
14.01505929651886 0.28852420538665946
-5.830086497763297 9.81674825511131
-7.898256158467111 7.897720994360341
-3.844596904206523 -12.623626956302111
-4.526594170790513 -9.893924887729554
5.7330565074672215 10.544637616208256
-12.990633486891733 15.76220153891991
-4.254604992521845 -3.674998821531366
-7.65414456491769 6.765902678207469
-12.437936699820344 -14.079589654061241
-6.418298408816076 7.565187113485421
-11.03471006270171 -9.909135765911671
-3.8254937410001717 -11.619658867406674
13.909352164227357 14.265804024129636
-5.562335612555107 4.569827988144109
10.598459122565636 -7.577576578534878
-10.993877058139969 15.071295676401894
-0.31844760992657495 -7.935240826728206
-12.476606789743455 14.966026366668132
-3.3438233593316182 4.184479034041197
-6.465149579885585 6.274806284210083
-9.674343882892073 -10.031566176836971
-10.888145141567396 15.920385961751418
-7.641217126986901 -9.911056842859946
-6.310146478127641 -11.848244473329013
-5.877636989490047 4.913103752407727
7.706445828559303 -11.20678141935138
-0.9805419325872116 14.603913637507311
-12.684218246418407 13.434907413695253
-9.183864521842125 -2.002175172265325
-1.2242688191372033 -14.012330661556202
-12.443172543304257 17.114884454796904
-8.621893642266873 -10.655866884020988
13.78402802928521 14.048351416664339
-4.146794523726179 9.271029134961426
13.836953339969362 -11.401466600764087
-9.414440441352724 -9.63861726173781
6.492258676621944 9.027075616315447
4.212125341910303 9.629416804349647
-8.216181603708266 -9.503505825565737
6.0582281907770605 7.335494205191828
-2.6326565898110594 -8.245535061660103
-1.6257324944797098 8.051121375553365
-13.174663287740215 13.365634037805592
-2.515653868222313 -14.354063826052979
6.014006243463012 -7.323654729683556
-14.551653284067218 13.449503171196252
-12.974550673967384 13.323785608735674
-8.012275445843155 -13.076833920638853
9.812634354396568 -8.939729037452128
-6.410644053000757 -11.33881348316349
-3.7594073314002965 -11.628588865059815
-4.852168953718958 8.630210675868009
8.055859577448748 9.115141806967209
-7.359770903298472 -10.94920483504811
-5.331258971506751 7.806259292190587
6.875668190096281 1.7192389597610855
-4.714859579566381 -10.854317346733273
-1.8229731015302393 -11.974523907374682
8.456369085598386 -14.20082473016049
4.409245690800086 8.450725465008727
-4.928431122732704 -10.707412686722282
5.374278249611593 6.852534378488036
8.043170553824229 -11.95442199309661
-1.2605604451060262 -11.153090738931324
-1.243298717704795 -9.88757308639029
0.654556998767887 -13.227095679745771
-12.795605856081124 12.304991710190027
-5.159178281697962 -0.9151470203645218
-8.732758389847154 -11.678793354193665
-13.733432456757415 -5.8693224138034115
-6.39240176734695 7.921469712825086
7.142318013483518 10.871693882805745
11.384986860415331 2.322966644936173
3.364335364038192 8.881870491836187
-6.832774187008763 10.543280879073563
-1.9106043281015481 -10.832670931886387
2.528713852670318 -4.808584963471969
13.71071115036105 7.050032179075615
12.674453495765182 -2.3465050722154395
-4.185062407666155 8.939196911207606
-13.664497297431154 12.802726801898029
1.907283534063236 -2.429763257027499
5.373027404817608 8.85296547151806
-14.508448981494238 12.11350568119579
-13.74686538928742 14.368444927343232
-3.161931063975973 8.278077198168443
-10.250610879601304 -14.191218966693658
-1.6724164592040243 -0.9258094601095426
-14.390953512772233 16.035110177735252
-2.779702617900495 -8.581124235020738
-3.1080634238586295 -10.707050227092259
-4.32249796638503 -14.078625088804179
-12.422232874718027 14.540678511270164
4.4404741243751795 8.752068034786943
9.666054904239548 -4.648575371360641
-6.040063116046955 -12.778882667038962
6.168975435567946 9.982006807170798
-4.764704960883751 -10.057653959352287
3.585093807146106 8.640966343088683
-11.866582526402386 15.394617369188907
7.348938730063651 11.139498792518584
13.6811280456003 7.011864019876498
-5.4804060017899205 6.27387999753573
13.257602364609888 10.856670346106885
5.975830323895176 8.783518543777838
-8.770067426049915 -8.634729995198285
-15.25934708235167 13.89419873823948
6.967380664869455 8.886903793819927
4.017161910159859 9.365767908151698
-11.308120768287347 -0.27372643964383236
-3.8763006587312177 6.563134227656732
-7.353094568997446 -11.926187524483701
-1.4819157718787124 -14.369519753419935
-14.472514259559908 15.895577003098607
1.7720866390195802 -1.7740265445608205
-11.163763780868091 -12.449317850230695
-8.725537854133247 -10.921746770391406
9.115810156792254 -14.500268398980742
-4.611589957611976 10.243498373753871
-4.750043977451147 -13.822082655713201
-15.47608510236683 17.297663828403795
-6.677741051366694 8.611317673127225
-9.413260897600352 -12.67084777987809
5.923147395208446 9.029451091485663
-5.66173564908642 -11.691970903503467
-13.241660093873367 13.989778437521402
10.374062943793195 -14.568415977700903
2.461487146568489 8.371167257791635
4.636884028887334 -12.34098879969931
-14.695440485718429 14.392009102548363
12.645424128982302 -13.7396670107894
-1.3900878996730612 -9.358778035654073
-0.1042112443240093 -0.6865405892809004
-9.24794659507257 -10.2877390716809
7.969054648506673 8.610787175838325
8.59690812428028 9.130726789582479
-14.158977277953786 13.057886888323868
-7.023042895038452 -13.30513814882954
-6.349215215617415 -13.763787760489658
-5.778758964785863 8.07953508623213
-14.72447431165425 14.919088108674138
-1.4377752907200365 -12.972874059363589
4.909574431491667 8.876356584923998
-4.310135866103798 -11.79591348852766
4.281796588227974 8.405545842946113
-4.806516583123303 6.759135480191314
11.76410327716134 -9.19458351026969
-5.853803305973924 8.331717648509718
-5.096079603248568 7.456092594379699
0.2331177410778391 -1.441265531320946
-15.72819793324975 13.852291578120129
-5.508395232529311 6.36740329804999
-11.250700865201976 8.917677212259983
-3.057219225255141 7.109246451953737
-4.485693836877542 5.31256983668147
-7.98089713815138 -12.089392679469446
-3.6569816926188627 -8.132476558861379
-7.765428301980857 -12.844085801583388
-11.92202549378239 -0.5251739909771853
5.677306787866993 -13.15956863456976
6.026181381109502 8.113803634807224
-11.840553736642256 -1.0302478884295692
-1.9235702061652935 -10.25801781283597
6.92292075097491 -9.14891703667641
-6.260405286790089 -4.008061877498923
-11.685870709278479 -3.556470289600025
-8.411983812083065 -10.029974335122528
-9.817101339750032 -11.160571202387864
-14.280873889381416 13.12974294439956
-2.461127312628251 -9.930856212822192
-2.5087242626506425 -13.545113680696648
10.706839538650229 14.716124837920919
4.072884120412803 9.219653330910843
-5.254818189817531 5.914944827621595
-11.631279720268017 11.458165663316791
-2.7681674085304215 2.1347292103132576
-7.56147431384416 -10.691516440734661
-3.186626172685352 -9.439243310533435
8.114790441388045 -1.1803573266065097
-11.483467918600468 13.613312179394741
-2.924194374310774 -10.181257995475445
-4.0145710521701075 4.346268972039562
-13.309403355939777 15.633950836400775
-12.867927913760385 4.452734319514896
-14.96935205295335 13.482421994425223
-5.282309898473739 8.569668604546006
-10.80061369947513 15.771172545993238
-3.414339146568361 -15.219062014342695
-2.962567042849648 -10.601893301133293
-5.826556721057212 6.771521113818156
-5.952581976978082 5.792061475102519
-4.58609831544563 7.940497356690065
-3.9404143733251464 -14.128584372690055
-14.006663483726754 12.871417549337991
-4.058506406735884 -9.375956563586147
-3.2862635346770728 -9.973617336771925
8.479024320780482 -5.863670199049551
-2.086507733888599 -11.469321394230766
-3.561210023804694 -9.010060956056876
6.930236527716374 -4.967723267879071
3.548485521098474 1.3001021654385454
4.133310897750555 10.832148092461765
-5.631820183583391 -12.288694031865614
-2.4616023345597724 -8.744277429031033
-12.27859468966166 16.21886598903884
-4.068478701434736 -12.909677665377508
-16.052986434674853 14.652580327863237
-14.335500926308178 15.14011059573701
-9.653837472879228 -1.9239023381524092
-1.7978009562699808 -9.248107218980827
-11.797678769822408 1.6256636640521123
10.847632540248899 -11.422937019563019
12.185033913279916 -9.11969425278683
-7.041693742612061 9.372651189745405
-4.558917895469693 7.458770883283065
6.995158820567836 7.997164939312475
14.864777597267896 -12.093749543184114
-3.7931514214020723 -10.302651048200286
-5.2475818208278975 8.267395459691365
13.527964136693274 -13.880843499887591
14.69623336061002 -1.1518094931889564
14.972029450438079 7.39503689900409
-10.312349740118789 -14.296146874268931
-14.29263407435013 12.772178485722769
-4.165106632471082 8.209533620978728
-4.195209919335958 8.40680046222793
-1.4331579940481571 -9.768519850168978
5.283360302580358 12.047388384890082
5.468902825726984 11.879100619870714
-5.419304136108167 -9.73241223958134
-0.8423736652206388 -10.43310619190635
-11.852582340476939 14.980140316924192
-4.34969179461533 -11.372600467760172
-10.62390491486248 -9.453598671493822
-7.538898386983946 -12.61791503579612
-12.136872057750896 14.184134953169279
-13.369000537394083 14.632583585478692
-8.529554223846395 -10.322846273070311
-2.5802026435784082 -9.243311165811651
7.63563398792823 -13.989433499819302
-11.67751000728396 1.4712741255219726
-4.8404405403789905 -8.367837336681578
-3.9009271031757917 -11.435885333021517
-4.110156989720251 -11.201673311514963
6.209768358321398 8.562115331221111
-13.392463750823243 17.472777389043188
2.6853282689199736 9.22716671822638
7.684878485803091 7.412988310633736
-9.723196045560455 -10.649909059800242
5.756461607142785 8.30723927904347
4.7191480451839105 -10.021340807002552
5.863730838695793 8.289883395783196
-0.31851540987938165 -12.351379876230752
-7.012642319161627 6.497868912822379
-8.971605425385022 -12.814511635099546
10.625755958528096 2.210240534220244
6.135408552685007 -0.024619369067314878
-12.995348764139486 12.74017791585075
4.472726289562824 9.606418907447603
-3.320833075098651 -12.027464045307514
3.7699343429095182 8.11794876740898
-10.555942099263884 -10.20190858716148
12.723834623669855 3.8200077208876273
-9.644635720137432 -13.224743989162288
-8.959061372399459 -15.502067945298386
-11.327510033848858 -10.601934778879325
-7.430126117514732 -12.239551073790983
-13.70679329224115 -1.3974831131520453
4.759254061259372 8.947003822266264
-5.06323841151497 5.160951819153654
5.908086538968995 7.006252658542732
5.0156041762965735 8.323984258713573
-4.047227462491282 -2.148271537055228
6.836779772978383 7.4612169368375785
-2.212248779046912 -9.128177888730239
5.851950746852152 9.021789469595506
2.1857492413701793 8.987679510957387
6.620428279825944 7.205626557044073
-12.532209704225613 13.2323207037638
-8.574822722089033 -12.58056946099034
-0.5792247849890031 -11.95472301822506
14.817473991918117 10.238880007913053
-10.306125281652367 13.712600806235246
-2.1776221337865325 -13.753359036451984
1.6713985357957917 -2.672710541265676
-8.853860160385082 -11.92057211657809
-1.4763914602490644 -12.004478645963793
0.04809505936134428 -10.836444189307434
-8.959280056535716 -11.746021269850285
-10.614639243247145 16.307140327468822
-2.610969637963242 -11.264395883534565
-11.74771588509148 16.06808713226984
-13.30262909918705 14.930165545208277
-3.148588526176026 6.582631129410254
4.983026091203752 10.847992448323716
-12.935521378449613 13.222436452707703
-12.899901111497158 -4.344342839481616
-11.991714369471874 16.525960237091777
-10.785855109281767 14.98707960654753
8.908249705280335 8.108897192569113
-4.279727831425862 -12.505274184011824
-2.631955462942221 -12.675640082237946
-3.830504137790362 10.264137075300217
-7.427695808590483 -11.514271938844942
-12.370850215372105 12.76494752186518
6.033050657063664 10.28593735593266
5.281533346653754 8.35215401009202
-11.730888880074014 12.716451858412011
0.18879875073785035 -13.81984749088469
13.334567998250076 -4.568595429080538
-1.0667963382399965 -9.935633552285992
-14.71566626129854 -1.6773396746631057
-14.945798068673898 17.589979619882513
7.432847334668798 9.984534929080374
-10.580346022011984 -9.510325321064183
-4.722861084860103 -8.880584874766072
8.56440346128818 11.469994885206148
-0.030662864726442862 -12.851803533577712
-6.438111608899716 -10.790848777731133
-12.052787439933532 14.023735313629555
3.06372790254823 11.77031396888541
-1.4978889195314666 -12.104092638099841
-6.7821475179006505 -0.0698543417108155
0.6806513339180853 -0.6019391449955283
-10.678019227602888 -12.375189407397228
-13.017717740947788 11.424158527420424
-3.399125715626977 9.485873514039397
-13.432095693875713 13.049834397667317
8.290446080071263 -12.721099353022883
-7.493645676832962 -10.92111691483501
4.770537184083802 6.612145986043394
-1.3194397376424134 -11.500261148144867
-8.592477325966811 -13.126499292329324
-14.616020359440679 13.326444055860934
-6.395565674261057 -0.7258086222172047
-5.067156430066581 4.998369846286035
-14.683269347591475 14.460282251224351
9.256483242599476 8.561666595089111
-13.545144417019475 14.680196000565367
-4.772490906929147 -9.685139388975296
5.438360267860184 9.199052241004804
-13.200167182969283 15.157084886751353
-3.771302999452335 8.922188518835059
4.292710138078908 6.898441820797084
-14.482165136672245 13.32465622007878
-4.711899688994379 6.131637239951928
-6.093745103685922 3.799437383946408
-13.645030134635235 14.01302165066545
6.857564474915623 -13.204518006993563
-5.4614363603824065 -11.845855099105224
2.7387692831087507 9.333164226306625
5.325767374115922 10.317255841826654
-7.940418550018255 8.660818158348649
4.127656497799778 11.442691277466075
-7.59521459411761 -10.527670327587693
-6.236145715332479 4.34598627128476
-3.7366462401771763 6.268651347342065
3.201870101590103 -4.7793906488972695
-7.119742565120028 -13.008421957113288
-8.378169307086173 -11.34898476244622
-5.1377713398148925 6.254626878115722
6.56554562895555 10.643995215168598
-7.434353289820692 7.2902670716210585
-6.97885023601296 -11.71764154454539
-3.707388631415853 -0.13431423862745007
4.479661886524709 8.907701820665572
7.351858448336461 12.595393677041141
12.569450406047189 5.798803501816447
13.06901969505411 7.770989408916023
-8.280377730411857 -13.16924553888902
7.6343828373369185 -9.694642148433045
-1.9563466583180458 6.192568694817707
5.368204879516323 6.8843182998624135
-15.908697464692672 13.188147279901656
4.104675370106324 8.295580090454964
-9.94836643277224 -12.355897405634582
-2.2769053857665167 6.138332522781578
-11.88623526194467 16.34854356819887
-14.994879326120463 13.277351511414436
-7.551569616313457 -10.85579720479834
-4.650898104569178 -3.0837588643542126
14.593883287825655 0.7340836731576612
-8.712552521208464 -10.547799719174538
-2.6170972415204257 5.943995019615092
-6.54755296429145 -9.487650978114143
-4.173962154180635 -10.901872800155536
-15.752384010054229 14.763291652564709
-16.030064277759948 14.422763750625007
-2.6733123751775647 5.520289386552204
8.234815070817511 -0.9522895508095548
-7.35244790223101 -13.323465209663587
-0.5235953924697849 -11.638698316988037
10.621705277633762 1.6312856381302936
-8.402000754631587 -12.207612130001692
-14.017035238591948 16.62313319727857
-13.877878825248168 15.658615010672932
-12.852630152824062 14.493755451392047
2.6888425925628674 -4.653254686518904
-3.3164253590763213 5.039726933866804
6.3247916292222595 9.356182047353677
-12.035466072337654 15.153573514023785
-10.157616242788556 -14.117806907850992
-5.32596849964334 -1.869890877297962
-14.180177458198436 12.691994553173972
-4.246771883582673 -9.952350539576347
-3.2913448923194095 9.26021264065718
-13.056401640204554 14.918335621194002
4.372468597859532 11.824234633586652
10.905523789531685 -9.81108763772032
-7.341061258990787 7.545805394214168
-5.796024224241108 -4.1371465253706745
5.995609414729469 9.359102279699977
-3.8759578489020736 -10.472651839057528
-1.2592311026769547 -11.697668366345955
-8.515453158445318 -11.750520556838257
7.203518596530442 8.0265555863575
-2.531491909623905 -9.517302858177873
-12.583246583990618 15.38021918015361
-7.090605634112098 -9.791453778887327
-14.35331650266286 15.126016219094879
-4.579966272715801 -9.972277631979303
-8.416941444418919 -10.194955161653965
-0.6847492226419449 -11.938136561427523
-3.417315380519497 9.96059160414202
-8.781548851817558 -11.44484091873614
-3.485059980920928 7.245621051128099
-9.47509345800864 -12.80973120169942
13.364679076153955 -5.933502812423679
14.21073540608688 2.8879667733704757
5.13023357487436 10.190341287059258
-5.573261315809183 10.221248090826823
-6.183781302347885 -14.283973422536086
7.1677125444007785 9.455004969090119
1.8919475535523498 8.81353605711394
-13.369978684990222 2.3251202533886755
6.260414971416926 7.177722691695025
-10.33448805794419 -11.330401457399512
-2.8349447083896817 8.004616288688606
-5.999251379173274 9.167709683412863
-13.78240403580779 12.388030272474415
-13.930751278947321 14.05056382965158
-14.124036645824376 14.693209680224534
9.589680567831355 -2.433921171058234
-2.729274623846753 -11.605750181551647
-2.6269431719930445 14.915981128827141
-1.1021500524921701 -10.236039600223338
12.745503383753977 -14.185999436037836
7.415244596977056 9.012101098123114
-0.38512792442509314 -13.707041573198499
-10.643914671429373 -12.927133594108309
10.815913248367522 -9.06086794676337
-7.07086652363267 -12.15361798907378
-6.022590351648805 10.455437444793915
13.740862295877719 -12.432200071478182
4.494128627881819 8.055759664101664
-1.645334062953744 -10.667747016682316
-7.176895218938096 -14.744438301717203
-3.9326824602968 6.384916341846996
0.6777460829203026 -3.582302902310273
-5.06671244455484 -11.675731149672027
-1.2202868748254323 5.964495447102493
-4.696869024705244 -10.914926180566733
-4.132132446244161 9.930564605611892
-8.862914703320413 -12.1392162778806
14.45501134602268 -13.77180280539841
-9.22678285532629 -10.115851826515632
-7.50327575941793 -11.128443885347924
6.128611956770787 10.645185790479227
-9.469132911658845 -13.177455786651276
-2.3909273355576826 -2.6207451814303493
-4.359897870355962 -8.52652150454007
2.720270653956784 10.109776213360561
-9.92163492464353 -12.98387333352788
-9.843507295860922 -13.903643497806172
-5.75609956814575 -12.176798958536112
10.355126759505016 -4.477497831954949
-12.73663638534272 -11.26048744690939
-5.176724722395333 8.216831127094615
4.2273244266598935 11.177344787097958
-0.9909942590325826 6.819041488198918
-3.1810931781735747 -8.878140174748784
-8.256559248757682 10.160087168949035
-5.520542860904321 -4.075381787759042
-7.379115013502684 -11.010935065478588
-9.941060463328608 -9.928926611031
5.52502016919035 8.640372832404893
-7.3129492586734095 5.816868075695679
-5.256243532189265 7.833040969063857
-8.437342526523839 -12.131469510278052
6.611368697912649 1.186925352899852
-13.57617850881091 13.277869690646614
-10.100903703570662 13.126238092144728
-5.7509766386664145 6.781766246156682
-4.299843541940431 -9.728604052906865
-4.338596185360642 6.577890262482233
-13.158277373475858 5.758833406934162
-5.671353600913294 8.941766339793306
-13.393576817257898 -1.3277267013115903
5.657195260558176 -0.6297286993090747
-12.677910347226625 10.923749162420922
9.244138149962513 -6.182240265265381
-7.869351455133624 -11.724776010982929
14.580419424882539 13.279020961994892
4.384932726669575 10.396932679068692
-0.9245056538599588 -10.887849824951507
-0.43591331369107955 -11.801598293068627
-4.494711012906967 -10.553394162128445
6.017946140799252 10.63120659583707
-8.611043076176333 -9.50825156433536
-3.19353960255708 -10.899376357468773
-5.448512605372974 7.496722238829814
-14.179275759296045 16.630623341415376
-17.054548582460225 14.413296872423711
-15.873203811867391 16.41034233405869
12.626522884417653 0.573830893481988
-7.446527391716884 -11.359451543618627
-4.569465840777557 -11.869404683869426
-6.833029127696726 6.970374873021974
-6.443362151450012 8.461375224386098
-13.554475320286517 16.242905451414178
-2.702928139918708 -8.5903529836648
-11.984548498974805 -1.5363074792494924
-6.959315625467025 6.424662433807494
-2.543780241980104 -13.39224795265837
-1.8581750881462673 -12.564474288170242
4.547794420712692 12.241841051705102
-3.08364692319142 -1.3844946270024003
-10.825974581038277 17.82871486271399
-7.1533106138156555 -12.006862313245731
-5.294417064687536 6.6475570226057945
-2.9178481272681926 -9.824723166682952
-8.631154279241706 -13.53275294678655
-2.9635503965847008 -10.684814601842007
-3.589827628348431 7.87552283262373
4.23212482014338 7.975205080093733
-9.80799364609278 -13.543657884482682
7.4775704888455525 8.964844783922654
-3.030363310079479 6.751516518435708
2.8770528386748686 6.463547176837215
-4.92695642488809 -13.122403030381477
7.2005604565993515 12.570391278643516
5.146479166197288 8.566271961367413
-2.918732013216722 -10.97506139305467
5.112640691715565 9.071204946361432
2.5043496438328483 6.14545509221986
13.313460928355394 -7.833701648498716
6.005026239311064 -11.989947948523273
-7.866476125969656 -12.957621304459483
12.148338172753498 -2.919469401957455
-2.7253690736637077 -10.666682932527126
-8.00263723344134 -9.028123913105208
-5.529620184075861 8.90043971935896
-4.018866737340106 4.6921112270043
-12.418995349731043 14.98439765152006
-13.581349310845363 12.17700308271866
-13.125358450346855 14.104677203602899
-5.405941215633723 14.797204967525698
8.726779491002922 -2.9195064028181648
7.171347127391671 8.533996499836414
-8.533345872783029 -9.989553831408951
-11.360770224787574 -12.665567391678122
-5.6706778691812625 7.543675548541209
-9.304162957936475 -11.46619988094883
-13.576485938975143 -3.410845853876248
-14.841877006052911 15.986330436644545
-12.59101076833856 17.293809764392222
-11.958824907738363 3.776190843468658
9.993453375372901 6.495696416151186
4.6947957532404105 6.126764073005444
-10.00391858851967 -10.977701576875837
-7.178628266823818 -12.968272695461419
-12.169635122014371 15.545371166167287
-2.1941040240015286 -13.38344660586716
-4.5060483313947035 -7.38275747659958
-7.535024201784387 9.414045920695425
-2.7749998899904833 -9.204854221326265
-4.626348232983462 6.681963383497853
-4.846106189542971 5.6303141909246825
4.136143418393361 10.222731799912063
5.312298390178288 -0.38352243510840545
-14.405444966098536 13.245715549203153
-4.398536490299344 -11.633146241861303
-6.763959227949146 7.975241948371184
-4.222630996008581 8.84362260883809
-4.649111273738566 -11.91381125557729
-15.293917841955018 14.77365801510489
-15.13010699102825 16.887996647337165
3.6893940708292448 -4.290550841213909
3.5553759557184317 10.762487602181936
-9.774211544790218 -9.869714450242839
2.9056676987672234 9.242592736429398
-2.7930851179972374 -9.176081976169101
13.700323814776453 0.20307987987705367
-1.6085351392870701 -11.58316282834508
-13.18767305343407 16.860171806196604
12.18509756887499 -9.286636474151416
5.0683522074943905 8.748964266559224
1.9637952417686648 -4.686315589110871
-8.455929616427733 -14.634311381001023
-3.1310819455658763 -8.964326706483046
-2.3588047167105706 -9.168529842527919
-8.572822032799435 -12.954698984771559
8.237250486812101 8.950194807770778
-2.81689455582806 -12.5807311567225
-10.079075730180678 -12.45590948522175
-8.985542721379904 -13.57959651734385
-9.472326328701007 -12.968030288055353
6.662096475322292 10.317747447383239
-5.082790470497978 -13.045155959023012
-0.7787252642130642 -11.00187351366729
-2.2894627475094977 -10.355931717659848
-13.556811322804268 13.258551941335499
-9.0128928845794 -11.357243398182561
-4.364743804161468 -11.373648926041339
-12.93567724567935 6.73697671848192
-9.111171809232173 -10.193510000788912
-7.941767187777407 -15.2114281427665
-10.403713173819517 -9.544936853259859
-6.987960672221133 4.865584610114788
10.575028875425918 -3.01131735410938
-5.874701585979558 5.366480396211513
-6.553984749810372 5.189511101236072
-1.7584928652546368 -9.880005712506156
-6.425700706431718 7.531994674561057
-7.196962190902049 -11.620935072579124
7.120879343615073 -12.906346016329799
4.618864999624151 7.878063745345175
-4.493621361713917 4.687295082971421
-10.032982035365265 -10.542523671227498
-5.892558211182108 10.186019109154625
7.296114303604071 8.46656829231364
11.831982642555563 -8.088271371144291
-6.47132046275351 6.103222396565336
-15.585680669259006 15.444514792696587
6.208649520915872 8.109391083124029
-5.371626091851774 6.593504859973908
9.366945555960505 1.790261396839174
10.579046258600219 1.9991021759658238
3.789920529095871 10.256869801733057
-5.749561546438836 8.319296888500489
-14.979407415603237 -3.3932843184777575
10.995790496811406 -7.085189842405175
-6.702525766259337 -8.498735816093788
-1.0174960892516527 -0.3339972624634626
-3.6890625845221714 -10.6634470697702
-4.509143196476347 9.280559611343808
10.795997844173101 -0.01502142820757335
-6.18936002775942 9.408938558817797
8.1612342669047 -2.0511596123151925
-8.420848708147105 -13.211295796642537
12.811321742491259 -14.22226677752538
-7.865315366105216 -10.843352557556646
5.547592033010788 9.69231191673962
-10.755242070726428 -11.74448779484371
6.796426737488826 -4.732670815444791
-3.142433482177632 5.0506540156083695
-4.9698555568885885 5.714666383326745
-16.177445885407003 13.440518454631697
-1.595016972208631 -10.537780975218949
5.472446760905906 7.605224060881474
9.217126483945187 -12.945689622076834
6.3983950901777815 7.428576818938618
-3.0845853331266175 -10.462167167899784
-1.7369055111563574 -11.04451837795935
-8.588689597115783 -11.265936225594142
3.9206142725048974 7.832809885297565
4.86235767659886 11.378664740760014
-8.461988475576986 -11.8784254079613
-12.392885797404956 14.187825218901953
3.475240397131594 9.335020341240277
-7.821416083467128 -10.874425892598921
-8.94934613637775 -10.274755323618592
-5.015721519491857 9.2736274413455
-10.352791869407337 -12.730255266135217
-6.50142926458766 -3.7908974942230955
-10.577441023600489 -11.494593061098891
-4.18952944562974 -11.516445870658826
2.2629650147434077 0.9902137055945275
-11.655023708424467 15.206733389458808
-11.663985678976458 16.97683204223278
6.752579539775988 10.402824318609325
-7.639186426089617 0.10360951971951948
7.330920810143963 10.927354176518577
-13.25265383950475 16.851613397379502
-9.628247624685029 -12.427344471738836
-1.9441107562776265 -10.712401524614144
-9.889399939431689 -10.4415103543083
-6.167092093315922 -10.22744367191886
-7.5630578930702335 -10.072357144541929
-12.999119425058314 14.343410181562705
-16.23676788646393 11.168524898628366
-2.6726833838997326 -9.640300836657998
-1.4329370406064776 -8.121858271816862
5.813322747255557 9.964832979944616
-3.9979227521842793 -11.89027805961501
-12.324908109831437 16.667147153325928
5.780134142367027 8.018475009012574
-6.524169277421328 6.936957082127592
-11.913574983030106 -10.015045523136935
7.434886693723531 10.829742142381376
5.518448905924524 8.94545248090175
-3.665261059020717 -12.567145331640381
-7.29177056286246 -12.421620321099553
4.631610468929903 -5.882788014832158
5.200330096909802 -3.0319168573847506
-10.07928606064404 -14.087134544491017
5.481748930145538 8.569336886607264
-8.102611495356216 -11.241271756835296
-0.2431592812476402 -11.493055290209817
-5.347281747868193 7.1211447575783104
8.356384344718743 9.697360488393171
-14.775157874107196 15.934150536630737
3.4398270392307486 9.358994045295022
-13.316727176953565 16.850208900858423
-13.475193113974573 1.7310808771450148
-6.315370496437243 8.935586518547304
-4.67760745205425 5.093657664599283
3.5057526826211216 -4.24173111591832
-1.750513479010192 -11.395535772302157
9.068784356608688 2.3952181732300204
-0.8664331691615046 -10.460341031215751
-5.0865450138568145 6.998270850308344
-4.080693114252666 5.641478822137417
-13.649869202989708 17.235987140149156
-3.94178169819074 -11.815916393675455
-4.78942108665244 5.744097662314538
3.900070439008278 -1.7956941561926953
-0.8353360047581604 -10.11848503708304
-0.947643807327248 -0.6421386873984183
-6.9208998396409385 6.171555292285503
-4.597806922747207 -12.646357344169854
-9.089736114175347 4.297649051185376
-12.248560516923144 14.262897128672575
3.9452730912216367 -7.625482638704129
11.11241832026191 -8.989056285343485
-6.546196291206589 6.9270335643618095
-2.6668459457228297 -8.335676972690816
-3.840318720365433 10.21317960657407
-13.17475291601281 12.189151586374289
-2.7816321774089134 -14.260483386784665
-12.931828782959027 15.936893002877365
10.456165087217009 -10.548640906872098
-3.57443564485423 5.486958282541614
-3.5344868818048494 -10.471706084405731
5.002416959803181 -8.600013686074666
-12.550591182523917 15.193464608492082
-9.827550118746947 -10.21544432009385
-3.419229782405097 -11.789442246251006
-9.534701610971135 -9.956447515082939
9.623786293253012 -14.865052473382075
-1.8243364330626939 14.431719142793213
-3.8293862788436868 -9.83560578235661
4.217873209956823 11.398580278786794
-5.094048916926889 7.73339345639953
8.842311459795251 0.43388088259020563
-3.8596308522807146 5.4166524899160535
9.0775611266804 -6.204960440005053
-13.188729938424819 13.715486623535861
5.449464760742424 11.112085526785513
-4.297019740503828 6.313012952163405
-2.3998623101781633 10.159795203600087
6.169458050399057 9.549893126877228
-6.1414971416314454 9.829128819171316
5.009797370750428 11.247227131889773
4.386632788245026 6.919802927585364
-5.524772663559146 5.140730794295055
-15.207025935476446 16.264771906981693
-11.100640495809657 15.243235407375211
-15.267514878219474 17.86820490183341
-8.29323286895411 7.242199274769795
-8.92312182665833 -12.725147447365028
-10.635013749651346 -11.197295349736704
6.791388905637874 -5.000713285428471
8.788429094219488 -9.73876962260897
-0.6501866268933032 -10.164624515338268
-14.34595212395386 14.990972685084797
13.230040287838534 -7.958180708873115
-11.84660608353001 -4.667113150517981
7.705786678185565 12.428954780936404
-10.633623594491425 13.703132327235073
-6.429482086198158 -12.53841534229757
-13.16607266107225 16.597684508937384
8.98013921633634 -7.251058337042284
-14.724018051186876 3.000502003429979
7.2634186513670915 11.135753884282714
-5.876575878612536 -11.040237376799158
-8.91754748655019 -11.793482643383271
-11.681068280169152 15.90211765740429
-2.2062423149873407 -13.980886350304802
-2.9167617437886557 -11.873389535481234
-5.386485371236629 -10.191565803097127
-13.521451779835354 -0.4608201167194519
-10.098732247322443 -13.027933620200184
-13.232097931484661 12.819887718454217
6.568286850555399 8.620853039862162
-10.24238545043595 -12.184661613737726
6.968525941032398 11.30946338828979
13.811535427060502 11.804025350876664
5.53135966061698 11.28499995302019
4.203259043780547 7.875965219044458
-14.819624264769715 15.103731676856007
-10.107766694508596 -14.6948931228629
9.644313565272704 -13.100193556885166
-5.332821708441827 8.126143650413749
6.306097424949657 9.515463225101858
-12.401014253862714 13.625487809894736
-3.2847508924394444 -11.783299516515683
-14.189068135705774 14.662975545538568
-2.065065958797902 6.607315860253371
-4.249357540923792 -11.645749522221788
-13.660528447706389 12.797306553501906
-2.185642728683895 -11.445587974461137
-4.3427873130470935 7.625224256979697
-4.74030637475636 -9.617428483874184
-7.705328521635632 -10.193931021378146
-16.466135225256032 14.21964206596889
-8.821631923072276 -12.373656146538224
4.256336383396553 8.88414494298999
-14.662551142394861 13.069307443380666
-4.635909126376735 7.808452887922685
-1.4738192610020202 -12.520045652943633
5.4532280518096465 6.4415817274122205
-8.0725270283731 -10.890220989015333
10.404913229165768 -13.903396950490155
-4.068819288100603 6.671144420147854
-13.383028506645056 14.873840133623268
-11.991442713966347 12.473531068627322
9.532390076776952 0.6815406367562051
-5.822980404395743 4.993577918444789
-9.390310973038336 -1.2364697776550528
-11.433437531162129 -12.41093001436201
10.206799893269313 -1.0407399230449403
-12.379305514755348 16.09845095475356
-7.9049928768360544 -10.344474000135444
14.985562323915534 -12.726300334172233
-10.178858501745584 15.040052009313872
2.3530493368448226 6.505062295821146
-11.520269263298669 14.460346508241011
-8.90000225323239 -11.042468663271599
-9.149547874947192 -8.538042184036001
5.942504229771433 9.186277160517548
12.016764022114408 -10.574135377357432
-4.600386576276023 6.603553173652662
-8.090580041335365 -13.107724486872664
-11.79789028356275 -14.066046965567487
11.024667817024497 1.4658159638095043
-12.002572660218558 17.602165793136194
-7.859964477553266 -9.44013842807027
12.966265280958265 4.019364635104196
3.053315472950903 8.44149463345118
-7.36284668459483 -11.116256806906227
-10.280741406411293 -11.456734706636977
-7.159281762189215 -13.404883876204384
-9.856589266702498 -10.094625156780806
-3.68001310131178 -12.971358013890926
-9.503298776395154 -12.243533059428563
-5.907563742661474 11.177475097521626
-4.751546802977045 -11.96419703114665
-13.421738091361826 2.3081475269130785
8.17990850630625 9.280808966439176
-6.6752856024325835 -11.570951792295503
-12.041332951440332 11.735757939760102
14.71157123052663 -11.414195101308735
-13.236785245169528 3.510915635309349
-8.41442601245985 -14.539696621489096
6.032891344159 7.169607062386005
-6.649911086891819 6.558109855240915
-12.24000220594821 16.059735245222765
-14.073392529843314 -2.1309492035408937
-4.89385965490576 -13.49918100788867
-5.130101311550373 -11.175409541054158
-12.306113597561552 16.489052946938926
-12.826586582230581 7.147426083306449
5.4767232017925185 7.884433845013996
-1.6936735450618279 -11.718104176394696
-7.602955325746316 -2.109357551849852
6.7680566195377985 8.751758020213648
-8.030263817393312 -13.980300496588889
8.069023901777024 9.365450541523787
-3.0125536748228257 7.58715520498195
-5.16280323600584 3.8390354289428066
-2.388864334655968 -8.195763315437517
-6.590798102431609 -12.912910585799578
9.777884962345105 0.37168427540555093
-5.854082409214967 10.074605665293173
-0.697799214826258 -11.536550354823905
2.421710087511426 7.376402042597771
-12.35031148970382 13.24259462559442
2.4173262218424467 8.64437604971949
8.537484374695094 9.72255322380373
-9.673909204786467 -7.420101043402113
11.159273044646298 -1.4595279263676577
-1.0655164389514644 -11.590046612799307
-4.927599447916846 7.342944038348622
-2.535534756974986 -10.693355805493505
-12.087354961424248 1.7917122012975106
-12.09758825963451 13.519699676183931
-1.7546216936153143 -13.271912650312379
5.2535721164511475 9.532865698518235
-11.606567091390447 15.127377480581725
-9.29222842052189 -15.439324435631905
-2.5958931827782723 8.43896443766917
-2.282684076287978 -9.243843431713623
-14.470826698914216 0.1945602710962131
-2.300401065952221 -13.487942140465641
-10.51636488303279 -2.2222530135642256
-9.081253317317 -11.210481704812135
-4.713169441434214 -9.159319150970344
5.381634365823641 11.724174321133372
-12.852363785270848 13.63865149291173
-9.697971224762014 -11.892889178875073
-9.3806961215019 -10.148622654668225
-7.270288040783677 -12.277985117548067
8.86769720123868 -0.09939649619471247
-7.3390705314145634 -11.19707425418121
7.852733282560976 1.589136456056906
-9.745669327936021 -13.79411281631411
-14.46328855770738 13.948062902593254
-10.083234533113906 -13.217312669376035
-11.352170461389814 16.838000049667173
4.4495182680943515 11.195000084280485
-3.354490751101136 8.515679910182499
-4.283813151543498 -13.506406845046428
-3.5423270414670665 6.306435187426607
4.8878023384122 11.822269181447503
-6.928555838844282 -9.508419279275813
-6.390137955441023 6.32931509557733
14.07916625679989 12.143560334446143
-4.125152635313784 10.527237839553397
-2.6683500992690434 -10.54661081002704
-7.197712842920145 4.090298008147556
6.258267495744437 9.677473993955159
7.797058211665152 7.677521642940434
-8.505428846630688 -13.599562561335542
-2.375884699867867 7.06108513738248
6.31060035037827 11.033295854610223
2.474943932115032 -5.408945325522229
-8.696767589628669 -11.364853617240716
-6.9708671349104545 -11.399509907259286
-11.688763751988414 -2.094794551676289
9.601286313227678 0.7194696425999432
-5.861192420230849 8.733128806947153
-4.278143873925821 9.079151554652487
3.9023676682410606 9.630208181296716
3.958305960105431 8.082979672903965
-8.126198718230974 -10.351326929325447
-12.90699707535958 14.337237172955847
-5.133219462887235 9.366322783775631
-4.677199983347305 -10.839919784834034
-4.021992813019186 6.011708964131942
-2.9345199289473274 -12.347783630359709
1.4447218457959607 -4.737813989703168
-4.18679801274908 10.016469156766204
-13.34392352845024 14.050021246233907
4.465056458191626 10.318936509504908
6.389617707283841 8.590625191072254
0.806432926328851 -1.6088429378617413
-13.211689166674471 13.391211851621549
-2.506088647150662 -8.755988384366894
-7.309615004999107 9.449412512680418
-14.956837673467666 13.28344356234511
-4.214222916573357 -11.222343508425904
-3.2184738246967903 5.682629150468266
5.987391449095863 -3.9350487805376826
-10.653156856330591 15.705283103765712
-5.896488390018086 4.17482664092511
-8.264376883117542 -10.241186957747841
-3.713185594694201 9.977215036929296
8.716518922109433 1.7298816937072843
-10.185773958474545 -10.87851842965706
3.61227438411466 10.558519163860062
-7.368798896461386 -10.451704892071557
-1.449354584853826 -10.243259141573443
-12.424532708289087 13.448978670236624
-5.362469875652073 5.941891515995127
7.981331558903993 9.028853774974126
5.065839951790777 10.364665624528051
4.022692149789497 11.705800478112913
5.064334598056238 -5.59738003715424
-2.5150547059662287 -10.666752556580667
-4.640724917563707 6.5314385384955855
-1.9995580828566548 -9.273703189457834
-6.773844650440431 4.80104550779423
7.547210776695611 -14.953418266608477
13.000970969035063 14.077124351517277
-3.7775127315052455 -11.286933866152745
12.303398077316867 -11.411848108594116
11.03417725762409 2.926461550991583
-3.680182368737664 -10.750386893927761
-5.050497044289982 8.412350613639425
-6.606181887903217 5.638168116702037
-15.531562909163533 15.908689533778062
-9.424316703651769 -12.566164744020199
6.437767118465088 8.126806534969468
4.058729213850603 8.535424244827032
5.390232293950374 8.609064598144581
6.040197005545435 10.264767526480993
-2.3662274740561156 -10.9152602240367
-7.897402623088476 -12.274918340006984
5.933648528502163 8.083622074342244
6.403022636091186 10.327440363503149
-7.721910261494758 6.117198223235414
-1.3359404782482431 -10.287630378082715
4.6747046680369095 -13.588467431051614
-5.096743749882599 8.89388372458082
-3.9104173896484697 -10.547564977415181
-12.909227237840657 13.524493377244488
-5.806017440604631 7.474415527694504
6.2333385538417785 10.478543847163545
13.257988573818167 11.547493024001334
-12.430463466187854 15.543986831359003
-4.797041391263528 3.614489658874116
5.080490576921323 8.262985866986988
-1.1900286884156837 -13.052560008455353
-4.213849304212629 -10.51956379906926
-5.247155515408862 -12.000493248605123
-8.661510170844341 8.23067486838804
3.2757607221988825 9.809054422684659
-13.839213094204739 16.73189528588791
-8.665004308744066 -12.19277591361962
-10.87313726337926 -12.346790320149555
-3.3907374181489813 -10.942441662995298
5.3958734170767375 8.532423117700398
-8.252223043373307 -11.802760094567029
-5.903549956108205 9.072562499823402
-11.246995231189985 0.18493231168815782
-12.099961720941034 14.389984741752244
-12.33726171346166 14.34398899031309
-2.926861312873982 -15.259784248560184
-8.40008828750141 -9.008880129682636
-4.102652563956941 -12.298412267433825
-0.9900631043649715 -10.076847322567659
-14.459940883491536 15.360965554697067
6.611330324102177 0.36166309958298903
7.007732030381771 8.533229937595507
-10.589887473776962 -12.972838856672158
-15.012500331379142 14.133258577598578
8.917672723271096 -6.122108612966763
-5.238612385363908 6.935224762125108
-13.442378710486135 3.3936176696401965
-3.3496081259454122 -9.982554678620586
-0.8476068704123065 4.959361430751208
-3.3075004429952237 -10.459675753176134
-4.837161526793102 -12.23340844108285
-3.0187725228178595 -10.72735251969387
-14.757774457797519 14.06498071882791
-14.742727310393201 14.295840439063056
6.373064553623156 11.204269779973862
13.969322929990213 -13.773392980585594
8.436353931581067 -7.300747629613687
-7.1055573806174905 8.633405783986321
-8.255923350610807 -13.743857268686876
5.490075360345439 9.766625606861133
-4.7210004829540875 5.8920256199699725
-4.461537950821503 -11.209860293793266
6.395031531987691 -6.3191975776104865
-6.6879123206125275 -16.416392110566036
-6.825350872982109 7.787628323811614
3.974360619014026 10.366469102208885
-11.189068932098374 -9.50794125387516
-12.272846053985855 14.452392702323264
4.396135741263905 10.152123908706272
-4.0119382564818125 4.214820626449747
-13.331920603775869 15.07407867668407
5.6546474060739875 1.249600252321791
8.180036786854583 7.98027044619746
6.270063017037499 8.654296302913915
4.72893571654325 8.261839892065272
2.064690652374587 -2.603389179490488
-12.705970314339144 13.664679404446792
-4.260082196381772 -2.8315115561130817
-13.077816282414837 14.170004879202697
-5.676516361817535 7.429535513106189
-2.898903087168745 -8.80600840275211
-8.085880855942149 5.635944855267114
-2.222617163322774 -13.129343831942474
14.860694103221146 -5.781390232647421
4.108030500428987 8.154318367679473
-1.9319862874090274 -9.237118605669725
-3.5268727372797306 -11.282800629484482
2.126981577961182 -0.6705322945949046
11.687068865878366 -6.624916367640818
-5.521955032404925 6.400036085842372
13.065931095954078 12.115501973940038
14.936301843870062 14.568669122710489
-2.1499863513266213 -0.2195297563799432
-4.82608238288061 -11.404481683343263
4.73250064125523 8.411684667172365
-6.311736098153959 8.141492056762912
-4.879805511491507 4.597406561779861
5.327652162791282 7.856310017865649
-2.8387061761953105 -12.06966273034321
-3.0784145675716186 -12.444308332612371
-7.355108819784453 -10.452513961956175
5.219907640571106 9.33185209043226
-13.910436856716494 15.266710225798805
6.642424992218334 -6.246462806992568
-8.108416870758477 -10.549147848361976
-7.798054382648921 -11.189956930834187
-2.7258598572188864 6.59870853433883
3.779337309830926 9.313291145408005
-6.176893073918004 8.604100848025588
-9.38759514908779 0.7537564338737681
-7.148824778909198 -12.265223325651663
-13.757537712881224 13.640753991242672
-5.023545731253321 6.031285614374641
-11.794602999198066 -12.877539568091244
0.36250325941855266 -2.5024422817463403
-3.177601573977637 -8.205259640867986
-11.307123856293806 13.604551789961992
-1.452304444010295 -10.241104142577445
10.057675349615224 -0.3507431718191949
-5.787644771433484 9.058412591721234
4.810499978705788 8.518778184962898
-2.0010989886614183 -10.467817752489553
-2.458413241666143 -8.672483200380183
-2.6634541087636863 -12.87617265567131
5.4939278115303445 8.21346382964954
-7.89117573360827 -10.72616200311778
3.487361144887452 9.094242400301276
-3.078879216305098 -13.988224084842791
-9.802861165180651 -12.597388257778274
6.85062427506754 8.791838561606903
4.223916494765806 -3.059001656434555
5.902051271566719 8.820781029861937
5.0588210193736955 8.48601537527827
-4.630689942789719 -12.427268491622353
-9.836732717025281 -10.774127063502538
-9.779318111923363 -2.9543401033176995
-6.749650298557479 -11.877211155049883
-7.269025607820682 -11.324920578770495
-9.355559294631213 -10.289969302995985
-11.526377093839475 13.253914533081538
14.150826532175081 -4.014759568379864
-8.660735374618449 -11.589701626673087
7.036456006308793 11.247807878420671
-3.4140738788288245 8.610972557935648
-12.549281018951639 14.638069843270582
-10.073222036515915 -9.472584510430162
6.052413367991819 6.3249239481006185
3.131441115689327 -5.2028012709772415
-9.302610210612091 -11.166664393693516
-4.195934737239757 -11.574365712197034
-2.855983781600504 -9.497407648384376
-7.718119938596226 -11.442866656764448
-4.036364051426849 -0.6049605019897104
-13.623158138676775 12.87505686118924
-8.074627939950402 -13.882470294688874
-1.4925256844955301 -8.121967570129499
-5.634427038837326 6.797340820154087
-9.050713915203783 -9.387687688134843
-1.7898519386767404 -1.1321206703512559
-7.8357076824073975 -14.16352495282473
-3.4296772418292885 -8.706778755670635
-7.034706553143764 4.7686541696339795
12.837584007401265 -9.239348997760276
-1.4629615329204502 -9.73836000516564
1.5861150293906654 -4.154909399777987
-5.3543513873716515 8.234718724823434
5.628402937471236 -7.588880803532111
-5.326862999122305 -10.869794264177992
-13.960866941928233 14.45105531617587
-1.9938769787123354 8.005837942806522
-5.476908796621859 7.912750917548001
4.468674586547848 8.95191827846006
-4.339075959573244 -9.094888244913372
-3.354219020580322 -13.929204315187926
-2.276982768572247 -12.239536435989482
6.01317299826832 11.130810057821382
9.419405020411505 8.019627267082612
-1.870001838613248 -9.78976742646829
9.763741560008139 -8.244168796430461
-11.726858556072612 13.169251949797665
-4.743120146455027 -10.182287473576713
14.611345837539062 -4.782752723722032
9.735190497279596 -1.6290124238039887
4.0443592806963515 11.474140753561453
4.591051733874879 7.121249841219881
-2.7779600030681277 -13.210831963007209
-10.912054919873121 14.787070893103392
4.288534447592715 5.950079221721932
1.3232618682581752 0.6030546900862603
3.6046808897249027 9.681008378393166
-11.881292908879674 14.192345907788436
-9.588866739862922 -13.236407377496908
-3.9320048292093763 -10.644079745145165
-6.112052632607488 5.973932529608609
-10.137456623431593 -12.06333664403732
-14.251353284970566 15.147531586861499
-4.4970735220260405 7.784793912430282
5.334077339679405 7.781054529909811
-7.207288942482901 -11.088572584308805
-7.559965766835045 6.964523404503973
-7.787319523076337 -9.012169654008286
-6.572310591358156 -12.558439040535399
14.671913724362682 -1.1678372429476163
-11.727063886210752 2.6845122496769562
-12.573083250774918 3.3830387705685823
-13.66480471617772 14.868312746416043
-6.871525553003847 5.3162123868631195
-3.9454957668105424 -10.015484526750388
5.5555539757276255 9.17885358396549
14.018839545590822 14.314056557288946
4.576348052819905 6.794882180860327
6.42405636210958 9.415370961927929
-11.911289970100167 -4.271950457302069
1.5877053312197162 -1.8677198373410029
-1.7417675305952809 -12.686826664663121
-4.947541555633732 6.5048855710760165
-9.07517078636682 -11.542814278443077
-2.767484814161709 -12.401895793884869
8.286547022320363 8.379481170680332
-12.453938372078476 0.13302313575834113
-2.62656306941105 -2.766444083564773
-11.8495864096664 11.089982189586024
9.67817628105869 12.52553948373044
-14.027135173701478 15.777656331487156
-2.662565010373566 8.037523102164773
-12.806948619664066 12.97727988249743
-7.5330638844100815 -8.221034513115615
14.622002934812247 10.031989006231264
9.103697839241171 -6.124123040589229
-11.397981394503775 -7.802471411450591
-2.376819944349323 -9.883777502494913
-3.6971069523522093 6.5836684466744115
9.261390618161272 -9.775978252899263
-5.766321150182035 -1.8979629633067319
-5.727999702345546 -12.180615858349901
-6.842527112633224 8.002610516269506
1.934441825848591 -3.979387238164902
-12.809608183360526 13.14492260739351
-3.893936395592574 -10.91422413516324
-14.641314043826133 14.921745678562063
6.144513350006967 7.120028492475143
-12.427211375690357 13.631135347303964
-9.339980132917493 -11.237665210449126
5.8815342996248665 9.077154298017822
13.746499835586015 -8.811582625356925
2.814748815273736 9.899873106196097
4.267615696795085 7.310779911894603
-6.213417662553707 7.034778153325585
-5.258124379356186 8.618808541578364
-4.335692061620594 6.311397136538748
-14.00184805641691 14.556917315499334
-10.285061841212347 -10.465313951091417
6.782793550914601 0.8249564754627947
-11.606448299683683 -11.395384892719125
-5.482381942361225 -12.961505477772189
11.671262344677913 -11.235304742013959
-2.7722183603120123 -8.882315943528337
-2.2220290130521256 9.402772843167755
-6.592594449895137 8.351410035370586
-2.906340321990724 -9.824221518529049
4.16050360145935 10.20009407679797
2.3506074600812816 -4.695698925123606
-3.681229007221833 -10.89119423735671
-7.073294428200553 7.19128644533091
-6.67152107730925 -10.564267530751728
8.370132154348903 9.96228753038821
-1.2382251122922079 -11.802044124665954
10.923029964775289 0.5249046888085491
-4.5423935151258945 6.921286868542549
-11.925455526280842 14.252163730338495
-8.40816724906027 -12.405784397928327
-9.14950644783536 -10.92407147945914
-1.0894144608899743 -13.425112794724003
-5.9318004988416835 5.575816008509533
-10.801853711780469 15.159877895443278
-2.173032781164036 -8.857891595838456
-7.4282715220853195 -10.083348229011797
-4.197497228309557 7.623599956849999
3.339700042457225 6.349163398825014
-6.4840271774426945 -4.049219702597695
-3.027321951369858 -12.517184039724249
6.308338896851278 7.823115792341317
5.448665718266121 9.258525199555496
-9.325033152938554 -12.240245762493766
4.508737348489828 8.671598051578053
5.039156534126688 10.646712574223065
-12.919448188412803 14.374856533661958
2.2384339919508527 -3.7861779189536584
-5.199282451010186 5.8605760099251825
-2.082795990415194 6.758005548483345
7.5203687727496416 6.536419243049537
-15.761429390448582 15.7984096361148
-6.910657012285787 6.391294863787751
-3.018523730991305 -12.573576064609114
-12.598237710940646 15.197871484597686
11.256455441786553 -7.785683320939947
-10.715666011151072 -10.865278752715472
-5.549990414883281 7.655727200960342
1.5081632793513213 -11.897657968834736
6.840073585804472 1.5549459802539367
-4.050852094301165 -12.568476281518764
-6.064432806000076 9.972301873567053
-14.862839294554535 2.531145105852943
9.240022892421845 -6.595335842217825
-1.8245444675558333 -10.380937667446341
-6.795211560183019 -11.208091577544653
-5.762791704099406 -13.579081056431441
-4.254814926449528 8.01160951713514
-6.802715458104457 6.14379240030186
-8.699803730883247 -1.4011778114254785
-2.568472425881515 3.2448095215265864
4.701331440451057 -2.6644362139673774
-9.446561000821118 -9.475804265840981
-3.7618728493037663 -10.042815897727895
8.674684919187616 -7.818542567985752
-12.229804317201033 14.916760898196209
-3.315612601060722 -10.195654910485642
-7.123409415948016 -9.37205613480791
-11.704400512954635 12.260357450412258
10.809588774502945 2.208772410659112
13.384898128897078 -3.982759792825746
-6.109006695326679 -9.798840481559656
-12.164799131139041 12.589697003375239
6.024569143753805 9.0830262860913
-12.863817705079654 15.438620051059361
-10.111462212928698 -12.452083234265304
2.6512445195448855 -4.508936461658507
14.62534585674539 -13.890823793522813
-6.011311296689181 10.073540192270118
-12.23917922827903 16.980069826921394
-6.43663466274236 6.8269734568728815
12.282257527290973 -4.585095768032815
13.345222862464372 -0.7807792294837128
-10.160994881929243 -12.23629476892517
-4.821680979479782 -10.3643737262035
7.588776202994228 11.907071989431321
1.2601362070759698 -3.2696548676603854
14.750642551683775 7.716327399988664
-9.295633781175578 -10.074237815178591
-3.793779645656027 -2.4355699130068693
10.30247988408631 1.1305257726461413
6.177820126206527 9.80259112209032
-14.937032439345915 12.410127735749516
-14.018403507457142 12.759193932584713
-12.932521316782688 16.911996269279683
-9.291259925497792 -12.368624908715157
-3.491438417079358 -11.756595495513363
-4.471895067387783 -7.850009131339158
-9.53835282856272 -12.133761217681855
8.87429359394304 -14.00807961926076
-5.016091516469145 7.304342744765141
-5.502529854160773 -12.063523325278894
7.148393013453026 8.106722638558418
-1.899748253932782 -10.779340448529705
-8.876954438590072 -11.402778694580318
-10.888028472291698 16.119583533205105
13.430260337560277 5.490406555593118
-12.777926269810106 13.997646052538075
-13.237998540915072 15.883367404582998
-16.74669226184607 14.065889677132967
3.190838278831908 -4.015920757983292
7.685725834382 9.718521652463657
4.133168075216632 6.908335509371813
-17.033321187241256 13.963086023868915
-13.60563013690746 17.625775028147697
-4.2030331190595565 -11.322669167117924
5.827821743774756 8.379266992182423
-2.906843949042907 -9.591033136954056
-6.68454145086094 8.607244706959163
-14.819570417733821 -1.0263068286470691
-3.5511117389590376 -8.784192127074537
-10.060679062389886 13.518402722489773
-6.582322936396877 7.565623848610564
-3.530184986638374 8.265682338357514
-4.910237642575655 -12.073775178785597
-5.299563725196203 8.109725551240594
-11.346162474472408 16.9448785173974
-1.3229523359512065 -10.363169843044485
-11.421874040821091 13.355833838432403
-7.104569543650074 6.743376624486764
-13.326383350182905 -0.32901645128107404
-15.171217465765913 13.80561111703844
5.334454765382038 10.166124745620685
-7.112584334296625 -12.554235017733504
-11.045695902340205 13.692925443532282
-7.38651243973322 -9.024785042489842
-1.8386244562798346 -9.30817447827104
-8.767390549497197 -11.432004264526968
-8.69010604674171 -10.908421893016348
-5.0318741298289655 -8.877146405872752
0.5358173563444879 -0.7461312401807607
-3.160499062416206 -10.890979771316164
13.09081076362163 -2.3699122726434467
-8.682802093233768 -10.98003857842023
3.3864787689463784 9.23511477820179
-12.053194740888472 16.87194405665562
-4.055262413932626 8.78723864892443
-10.800512328176879 14.82233618140979
13.106721557703462 -1.331153293532461
-12.186407038708099 15.398514547871848
7.702757840871279 7.774858656575228
0.33433303473483544 -13.952469983258558
-12.099944256639446 12.00532149442192
-1.5580785776109587 -12.11916972485409
-6.845075355219236 -9.948988368959279
13.833406639739827 10.369926996890573
-12.735819427884431 16.87000987793133
-3.1608123937493056 -10.181144606189571
-5.659842039812925 7.753222761640001
-5.458631232199817 5.393966598240267
-1.5636876663635597 -1.5508542194523613
-0.8840965582388796 -12.710584208544931
-10.26186645295645 14.77067043066491
-11.12742177932819 13.44180648449177
-3.8463539302011287 -9.150052646084106
-1.8064177898152067 -12.037491513399948
5.753961737161279 7.566058081070809
6.496352196431458 8.453548985450935
-4.029461696836739 -12.92404789098626
-13.874564362304229 14.718582071264509
4.1134858699845696 8.744074948381028
-2.540779316690853 -9.525335686383434
3.0467674430226532 8.125652327351869
3.9045352701976985 8.622617508634432
6.40180335315597 9.72425352454062
10.731665481556345 -5.01218690447544
-5.274710654060842 7.031871841365199
6.548449541496364 10.300540682064764
6.463285355560171 0.8435315649096697
-3.0715979194279672 -10.786792285891854
5.087768832663702 10.793759267485784
-12.43419026719516 14.907534560673886
-6.520059628970062 7.961242204933172
-5.932871512958144 7.077487200649909
5.640515236294733 9.671629761466509
-6.179336425416872 8.803167689890852
4.574310699433143 9.143008191224967
-5.974575073824087 7.5906314811478275
-11.260966342609091 17.06674671031802
-11.409866432952665 13.86965937137835
-13.278776622830085 18.772307822835806
6.1867557532479935 9.464095616126919
-12.86439714618146 -0.6860781129997235
-0.253322135707311 -1.882740746281117
13.864461509298664 7.1691167192406375
5.064484770469431 8.21368273051679
-9.465525627536415 -10.587345372273454
-2.958539336504672 -10.778076408374723
-3.9420191219502163 -10.320307902644121
9.104570348572011 -2.988687622783333
6.723792170723491 8.518730248511277
-2.178293985125086 -12.548039297507597
-5.280659749763601 10.29933507807349
5.695424488594817 7.743793768848845
-11.451011171654846 0.6824939415497262
1.8131884979786372 9.298768105320988
-1.9295164403989058 -12.566794299722226
-5.487128554630117 5.687577601080665
4.579525327856388 9.33738015901266
-3.2791509969429424 7.746368386512055
-1.302261252954915 -11.141864130115673
-4.960051856906329 -9.943206458971462
-8.287542241236483 -12.161617094919833
12.551622623673573 1.5292172178949102
12.87029673842624 -12.297642147087975
-13.060936555435294 15.092506684469008
-13.322988975796717 15.067371121981212
-2.0016514224030786 14.761993437492482
-4.019838088430772 -1.4745483028973965
12.524985784177002 14.544566333772117
-3.800261596177525 7.279940537621769
9.062423681131275 -11.347922193182196
3.27353338826347 9.114095861560703
-8.839806750696365 -9.593059408360894
-3.361408405792446 -12.577791593225475
11.630323078347821 -5.701821643619358
-5.883058642790932 -12.029889125582843
-10.623715651174045 13.864078339280512
6.079195756423272 8.721009907607796
-10.849442592315343 -12.259863572207827
-5.628485344567814 9.747433493869977
4.62287612550574 8.227678697412461
7.224285033294585 8.260183471322996
-5.5895640262584845 -10.20870925189547
-9.160916035341696 -10.021251417275947
6.67318414504301 8.85972841575558
4.087792095993837 -0.18748867578439743
-11.463668481174103 13.587969692233735
-8.644379484932784 -1.1741507877170037
-9.64210444179405 -14.047270783865024
-11.402008635809251 14.134852792888324
-1.0323410701627813 -12.086493818940122
-6.702150941105307 -12.445179281615653
-12.578978795373203 -2.9645370874552306
12.341915783582365 0.5118673910232605
-5.11885962842488 8.121727946780593
-8.70883659831753 6.461134126378871
10.929685109255967 0.9831351583449841
-2.421889987081199 -11.938347130339904
13.972039580359926 -4.877206815335359
-13.954996552870979 16.24452079004189
-5.317381997089427 8.987475832485787
-2.1240595200131334 -8.9462553766623
-13.641210443266525 13.552786887847503
3.409204799018977 7.5025767751457
9.405965589105474 0.9227382637995944
-14.283519870890345 13.939618610595963
7.002546274158249 6.948782234160239
-8.878535503468282 -13.562349472691857
7.069290655088608 5.14924140686802
-14.392106127570695 2.045030754440358
-5.6374672696849535 6.488573091608718
-8.124268668321095 5.544146375633257
-11.54508445805941 -13.7343504743299
-7.830149493794638 -10.740318927094865
11.750556226319105 3.284729909313157
-4.558225164426679 -10.644216955804817
3.4100269218120784 8.742081892691536
-0.7179286938148488 -11.675377542494308
5.98888528820769 10.204574212122798
6.615179481351646 5.8991865199449425
-13.064313432901496 14.102927572300771
-8.207278946058619 11.350404489733762
5.445669459715114 10.316956326720893
-8.877104716936179 -10.95516531012737
-3.2500605783110172 -12.006392241094863
-13.016397505657336 15.253838086318366
-3.912011093054147 6.023081976962948
-3.601564404649716 6.9731549713289045
-2.6305027002760166 -0.10669029778104466
-5.727369135341655 6.600572185667788
-6.6957327408468945 7.012513789853088
-13.233236944101867 15.838041843078381
-2.352393452766406 -9.779000571489
1.814214030867447 -2.5488896223500728
12.673399472705938 12.522830027668267
-13.759538521254026 14.258598263891674
14.211920422135364 -13.86203047604044
-0.9069732584825108 -12.538748960614916
-2.1673888796101823 -14.024082182012078
-3.0068888426937233 5.299907520887174
-4.648181121985712 6.920680316150587
-13.525333612553208 11.494567640471459
-13.45975483559806 16.00062696261442
-9.194531117925917 -11.038479422959027
12.357244891719684 -6.924485997057005
-11.52020991356534 2.5170341618618757
7.821709623144447 8.568534542021041
6.21968310412444 10.204339813170503
-14.083822168509872 14.86715888680973
-9.764630116024772 16.697356562864297
-2.9389568267614976 9.768246859352827
-4.6556511335606166 7.629268349646731
-8.4397946584654 -1.4903914979991484
-9.132274873389704 -12.115668627850976
-11.177253746922625 -10.3227576002028
6.848169943075007 -7.652187994444671
-13.526445768788184 15.8168869786802
-8.386330089947911 -11.118923141149054
-12.550121974487187 13.483124751075309
-6.858518499934858 -11.218333007533543
-2.434891956933971 -13.662235302930842
14.493081667819915 -11.980259878065057
-14.372231605578374 6.606731876529647
-5.424208788121756 6.448218601355582
-9.646673008462853 -12.070959387165676
-15.5216951031423 13.416384880052291
-8.188257568887666 -13.455254973380622
-14.235272721716132 14.414805263040455
-10.12523525175114 -14.49126501394808
-4.653075881366557 5.062832515075435
-13.427996779206309 15.509213016417654
-13.54789219657983 16.642413269514662
9.258890084247849 11.37098846243846
-14.29658573924526 11.246007190969026
14.892966135802904 2.342974587017615
-4.06754152278177 10.3511482293138
-4.953938561002308 5.281301363314998
3.3336142714677037 8.82197437907999
-13.194002121382594 14.195697896190135
-7.089301470358569 -11.439042995215583
14.466338416716628 -13.250485106719914
-3.083366747929259 9.323821877618347
-13.208413453418569 6.2307909916156525
11.941272651715913 5.15228809824313
2.0405050420797854 9.06528726859079
-9.508942140909493 0.6792770876698704
4.6529649261728885 -3.432223306415967
3.7998178728046668 8.934974385005352
-12.927701445039185 0.2543236667740807
-3.0154540548603377 -9.56160157056323
-7.381830579870616 -11.38183563749067
-8.888062459753861 -11.78408159545621
4.717162420442453 8.573171146194676
-5.526988548674535 5.589828680573099
-14.841096652800063 12.379937649438995
-14.221898157082599 13.396979044025247
-0.956861289681467 -10.840695474097688
-1.8422910591289348 -13.936634461723331
-15.611988047498766 14.494736414942436
-4.455686426272505 7.088204660590615
-4.82704107794759 -9.971805520886644
-3.3396595862963387 -11.73517986355128
-15.71340439056224 14.076977475504378
-11.079755547964947 11.522704505739142
-14.614210629812877 16.832789419447195
-15.8096259895682 13.04215263089662
6.1929194712764115 -0.846914554561252
-5.146089428099174 -13.06467150550107
-8.783524112549383 -12.893417299793633
3.655760829153633 9.600329545065819
-12.151707582466514 4.341797222369898
-13.79292390983754 14.866918271087483
5.147045110419398 -13.49957582002601
-4.653291561596577 7.009102593798614
-3.995949170604108 -11.57776160166769
11.186739962223342 0.6307902003175379
-2.51294756409911 -13.58250683393867
-14.161943017596817 13.251130122970743
-3.85052568438375 4.707870789546955
6.373330788494343 9.567300603153928
-11.791785236887577 -0.6951368079588818
6.052369194255684 7.712715606390182
-14.568974280071654 3.681236146542929
-11.91410971152767 -12.001837862248033
-14.070051925891857 16.744469191941434
13.987385318027467 11.538551989103706
-9.31533019546626 -12.717094801745098
-5.365966715294895 7.059159730486215
-8.031208629940371 -10.825930064277088
-5.373499830460396 8.857450122667478
-2.8709385602451216 -10.254187434363653
-9.051694029989942 -12.596489089632772
2.9010235693021733 9.924088588733811
-14.811888049228195 15.124176425204865
5.1829232509999565 8.210985374282515
-11.702049851064967 -0.23745617628627969
-1.2392745756156793 -11.705178543175588
-7.554639063174237 -11.902216219173704
-10.984759229778973 13.413785396846539
-6.090483981705048 6.491357068971678
-0.0812909075029804 -0.795369135577058
-8.645507429000316 -13.605874735584653
4.314198324128431 7.932618467698781
6.229189344138939 6.884450534325077
-7.148822765362475 6.321977879906966
-6.95221049957823 5.713147475832383
-13.18606806611095 14.221973849688132
-4.118206572762249 7.894146708052932
13.36059556018662 13.910982350379275
6.613684485240125 7.1264563354341535
-15.515491236766087 14.347198055328779
-4.35154537253344 6.421581987826264
-9.82343057040027 -11.887198163355189
-8.80418164090438 -12.23623110458342
-6.869505888292826 -0.15026021559947722
8.337546596293755 12.067090961116499
-1.5723323901571764 -14.79077517022132
14.48121424804145 -10.403169876673108
-12.891911242260338 14.413553651749304
-3.855598633698154 6.136633648134136
-13.119437238050201 17.211933552081167
-12.127681272352696 13.718879163720459
-3.8984798435458248 -7.3796319404689585
-10.693992811617226 -11.822961831120569
-12.746309106654255 15.862339305535091
-8.427057116547394 -13.06994438948177
-2.992181364378454 -10.386479793430524
-5.910007738060358 6.633178921006447
5.234343737977175 10.53593603602992
-10.196922606488446 -8.458320612219454
-12.57334721903716 18.381371009322983
-4.032915921561889 -10.390272066585759
13.540602229476253 -10.097165737910899
-3.766795037215285 -12.860290613703405
-7.689191135182128 -12.782207991405343
0.41101929657514624 1.5161185780145416
-3.625224290141145 -11.976154659753456
-9.072822324221686 -13.790419867369742
-7.9794166695476285 9.708659729095217
-1.1949079165529817 -0.1257634662472924
9.570063644338514 -1.5780620979072584
-8.974701362377465 -10.099947173277645
-5.009358651105062 -9.692059462609139
-4.757431862880809 7.594784264288084
-7.431809542946606 -9.736562310732575
5.075191627347753 7.587588038961849
-8.550308660865857 -13.126187783495762
-7.882997246632336 -12.008957607346893
-12.502017856020178 12.199856568125695
4.882970866189359 9.360766349571755
-12.364222212174788 13.176844925303048
-9.155944283989776 -12.756382002879972
-14.795801837713597 15.653526741397139
-4.5723253198931015 6.517084151631366
-4.221069781325852 -9.797791703829851
-5.986168150081303 -13.065169644656562
-3.551414094659507 7.41182253422367
-1.6951070653561469 -11.646321111249954
3.3993268329160635 9.949810206422281
-14.305807319562774 13.94946163224498
14.755906528074625 -6.0655683248064705
-5.052512220808551 -11.186851549980446
-13.865689807709352 14.180608219328116
8.089003860956957 -14.249608281717851
-3.00015335580887 2.8041986587073664
-14.67682789412829 13.77005376541713
5.181228694167784 9.92279216558597
8.033843571053918 9.619839743107143
4.40030498548887 7.225189895887228
-3.053713356121814 4.325897607678246
6.2752086276008106 11.31203387476112
-4.8212205639862455 8.480724540484955
-11.034812419857701 13.681284011251304
6.933109223669787 5.826048630883064
-6.425400309589653 6.264465168255421
8.87894764291876 1.9843460144127043
6.600617371556962 11.6822718699447
-4.73654240141525 8.793706998339232
13.537992201460561 -3.2574607848883996
5.804070498029789 8.342028534186511
-4.659171527828905 -10.435580694044322
-3.526937999005175 -11.512879794148198
5.564184548753421 9.642383170549367
-4.974455291541666 -10.79079282961455
-0.4390512749366078 0.18082867466707242
-5.443221592431322 4.8589054791468085
-14.739629638316229 14.60188794499927
-13.39187501615721 15.967195862416805
-7.311668061879157 -12.578989806536901
-5.061616975474657 8.018675368612605
-6.555166585483565 -10.9995175711436
13.327031272453038 -5.368301561494155
10.209837860809674 -3.6423232189023587
-3.6529553898905496 -14.861296869410753
-13.576526960772807 12.86109349410018
-11.240467269925244 17.092544218086527
-3.292488920236255 10.376514086134286
-1.5699730991984235 -10.54923987746301
-9.734230250249214 -12.361725234117943
-4.735578173014475 -12.171445026108465
8.266636467655879 -6.779151963960372
-8.574140268756619 -11.617784116747702
-4.12606325930736 8.671509331496384
-13.035597318903998 14.149319512786287
-5.781093397501194 6.63228880427914
-14.397444907254703 6.518792397897958
7.9765573421443285 -12.888120901907875
4.0776807044261005 6.347389051135215
-3.4613889828193916 -11.991072974662423
14.130721094759508 12.369875303309264
-8.694113065639016 -12.77746074864926
-13.495984581325905 13.205025554196808
-12.02256193809125 4.144762694180546
-0.6341509977534177 -10.810505216964994
-15.123593866015023 13.412055427454295
6.742818029369308 9.50705208368367
-4.021653980941397 6.804403769934768
6.365062594508863 8.16965131934203
6.6086440374170685 -13.242422930661723
12.835252184925679 4.709075551551962
10.690301741513114 -9.838046958579572
-9.63126369413745 -12.347691926460987
-14.800142285372946 4.5459897779693925
-12.754450842086895 16.29209725627048
-5.285947891214248 7.287006148543874
-8.360330276757683 -12.502182410466691
-5.80687009943676 6.097647022600368
-9.532485886314214 -11.302356387281435
13.515392588473944 -7.46285408701471
12.773315109616654 0.9989714160479011
2.9026159876748694 8.113181651433333
-1.4372120790129328 -11.939728082225889
-13.163919848892528 15.229892521751108
-7.578762107923142 -8.923793439679928
-12.617509259663558 15.33496166583837
4.155041188992285 7.57816995387379
-11.736284827719507 17.396630997121058
-10.002713984106848 -3.0978838263634376
-3.5754481141684495 -9.88815309962589
14.742745142575274 5.134966135627337
2.700825896494706 -4.064393703896007
-14.905602173951655 14.141658419928078
7.783700782109962 10.90688678686675
-6.58057088753903 -13.13823432126425
5.218983669305796 -10.495728140279228
-12.226511292234663 13.585473670657752
5.452705012320829 10.429649350560556
-3.1877485570169126 7.488106380629919
-13.235295414159179 13.803533168398367
5.585645817238488 7.057300163010813
-2.2314547705719807 8.09654223765671
-7.149031226146727 6.63223279758107
-7.97686852668601 -9.563184740712728
5.977661863510458 10.08401691703274
0.680071665655964 0.37942435276225694
9.1808094561067 -11.073609452575159
-11.71619665665333 -8.984404917953102
6.72352021549718 7.21972024225983
4.6574482406523146 -0.38932460313177764
-14.699345087790233 13.727179187800184
7.116172217879612 8.246988539423208
14.19630330777153 0.762279551525948
4.693139851101326 8.179616396650752
5.4786986661547745 8.37449549814153
-13.442823230419192 13.425479318841825
-2.720288820454158 7.7568384067268905
4.4936286631931255 12.43089721108015
-1.1522941229606896 -13.489879878641805
2.8387877688628316 8.377328162466103
-5.260402348092149 7.158157757065177
-2.4950484428358664 7.715432480231171
-12.282559057598604 15.357563207374712
-12.87260133298803 16.171671948171443
-2.792409713425806 -10.782113358211307
-6.17400067254259 8.996489633367261
14.633382648884194 0.4138262713466414
-10.194404947916746 -11.243576216605174
-1.1023842298045796 -9.298647065041077
-6.610615417086139 -3.5842833088592876
13.484096809249529 3.909063681661415
-3.6791450993459174 6.996184310928152
-14.494033503902548 2.118919303750747
-5.010136232291428 7.087369511647362
-4.906357478191925 7.074448730750188
13.549432057037212 3.7009563575988516
-9.508039812903325 -9.68431612902676
-4.185336879472189 3.849931154788484
7.874749854173317 8.293759345545942
-11.557612529301164 -13.852505508616288
-3.569107571237113 -8.452472713614151
-14.063944505424134 17.477443959121405
-4.0108330983608225 6.137055333388128
-10.885568896922797 -11.280192711461886
-9.63053206023969 -11.324605232177447
-4.390512630918554 -3.7057508822657272
-3.3679399614511727 5.703279580860532
10.699490760501995 -13.888937633839566
6.256769724151022 8.711718666412334
-6.40574583767295 9.049935036462998
-14.037783438902716 15.643757621802582
-7.538313526384989 -13.77767483935698
-8.606413578673035 -10.596173138634386
-5.213842212879054 -10.652998125151873
-1.8188237034959138 -13.012969753407406
-2.2051139908371873 0.15600330495977843
-7.554087635333519 -9.681974124673307
8.338282313800555 0.30029304438929216
8.141845532150363 -4.240973412560146
4.8632149952366115 9.134229380801074
-9.703866743262592 -10.867026854192286
-5.340581914006629 5.917843583268776
-2.581440404810795 -10.808853275071057
13.730745934025752 -2.507563384995093
6.431392661279627 -1.938159103400114
-12.57357826088421 10.833903945078283
-2.3896264768740423 7.177279543697912
7.164835970932664 -13.537894641788446
12.047460638046136 0.6612867591737377
-3.795184810280469 6.123926082335919
-7.44606733614422 8.968235818503672
-3.7647972344796305 6.646316717344142
-2.7264114807114463 7.412341609010142
8.278261435714928 -0.8314047703882128
-4.96098834524435 7.165951699388977
4.100906512514555 1.5615966017363796
-5.523257687697902 7.852638899367344
-3.4526877737437376 -8.47281519908834
-9.476877878859023 1.146032098494235
-6.58745305505998 8.77144842573584
-4.8576658941309825 6.05261892779742
-13.328377501181752 17.414804904178233
-10.526255514955945 -11.749950446299808
-6.090954106380674 8.667490158329464
-2.5480390006898936 -9.735205756020068
-7.65190334136498 -10.340631751742016
-7.996133437966182 -12.745599880628681
-1.3427584458870336 -9.518878751650323
-1.7721016950808939 8.320290427417664
6.055063264349525 7.653733736571488
-13.515551602237068 15.245782256918869
-9.032104956091347 -12.817255165536594
-4.854732686376757 7.980597452432889
-13.364035342455722 -2.1106635081277574
-1.0878856158945671 -10.919877204422795
12.512626949593262 -13.91278283476282
13.298923023849365 6.205713754954914
-0.5398636607880882 -9.444731590979123
-2.8568045208787582 -11.621837994372534
-2.833079239371703 -12.527293718455049
12.102573512978253 12.79215126087185
-7.608680343895039 6.623621258444627
9.512498790251737 -10.48185867473223
-3.8341763164544096 -11.386797385912548
-10.146361593070772 -10.949594435386985
4.79339717816475 11.307659512840997
-12.575709520709614 14.098407648212234
-13.138690874084622 12.852698643725939
-7.11643857627327 7.402673426696114
-9.227502499414786 -10.364983608260637
8.278782135414705 8.194634993606673
-0.5565061414548982 -11.293924185123787
14.308765807899647 -7.732565376355966
-9.906366120338348 -11.029563386736745
-4.722777970680067 5.478274999997588
-6.224658095965053 10.950354589017621
-14.8962510268083 14.399788866903933
6.892577016450823 10.319314934091713
-7.851771217055908 -12.37227716888012
-3.578498132711532 7.357549598831913
-7.44962950879772 -13.204695970359108
5.987858229845699 -13.482287283415111
1.1148681371565274 -1.854541327675724
-4.419719875609722 7.547473313475888
10.320286903635584 -5.240403774658798
3.452507772122301 5.924211994820058
-5.726679365558449 6.849666840124919
12.671249078090089 2.1643296698875716
6.062081579835802 6.3163658691533
-4.16685802239743 7.592228108662178
-14.190722930926425 16.181339203861825
11.99004329839585 0.1334206879473161
-9.509057595650624 13.610474598327393
-13.056622855478878 14.936630717682366
-9.235777871146626 -10.065943898321954
0.16877657080477793 -9.01132053837092
-4.425896610284347 -8.694669370756177
4.495614503076861 11.776641088222231
6.6011734293255735 8.803751229782852
-2.628245321260797 -11.9473467518638
12.906570301516389 13.987009415152947
3.6490693702702863 10.260706509759661
-15.617675275019492 15.304343833446191
-11.508571866343434 -2.3933259662921973
-14.10515048391134 12.29461474784173
-3.6651596246761238 7.6890170825746935
-5.15091479029684 9.584149318286098
7.819609884749905 -14.280502256366693
-3.1105263273122414 -12.675131347427829
-6.85016753374471 8.045797821738475
-8.88598377242152 -12.130782245078459
-3.7618833957046585 -9.651898716291893
-4.19413512380826 -9.499162111860006
11.595306806684867 -0.5627417762146045
-10.250101104225974 -2.590675033224999
-11.868501856274282 14.758771931790923
-13.606471057679448 14.458578340328572
2.767815952096306 11.395342702004992
-14.774536468862673 15.963425978236662
-8.483786685642244 -13.640307240097428
6.789904820372667 10.065185138429253
4.938409938084625 10.538992474726916
-6.839103303861037 -8.84967296704642
-6.818177312956216 -10.187489699971822
-2.374979136502312 -11.380089084766546
-1.2079972442069749 -10.246831320474348
11.05654702509997 -2.1043680321799823
-12.923562538714007 13.785907567257453
4.881482669930828 9.002266679562455
-6.433992408165964 -13.596977218409194
6.181891259357193 11.639364928077098
11.385256208885998 -1.7839005672278248
1.0694044745271007 0.21669683011037044
-13.885754538364944 13.531693088444678
-14.34514307923085 16.113424767195234
2.059575291171095 9.231407441416687
-9.27092591227431 -12.136826475290478
-10.658190524027344 -13.180465711589838
14.826915274395649 -11.54541017847814
-5.369950873802716 5.9425020532644925
0.9416019427952609 -2.6323132363259845
-7.2669279180748365 -9.940368506007452
-14.892620703891984 5.819197669310881
-3.4964165313045346 -10.254803741680217
-13.20117398121246 14.308664539106637
-3.1032625990299483 9.178920782534473
13.737778726949252 0.5752412979862189
-8.835993084425215 -0.7328165514421787
-3.521981350600755 -12.540764944165234
-0.8735910273320815 -12.685384672117628
2.0923724467830125 9.892516666810163
-7.253455779363294 -14.439526524639177
-13.04444431273022 13.4866203271776
-8.783302067582587 -10.687714501922875
-7.347291110413887 -11.329439683071511
-14.94596985010391 15.854262093366824
4.919531364967236 8.542579267141166
-7.0577254626439325 6.03417686934516
-6.189939603320663 6.718557676566627
-8.058104273038593 -11.541275681723615
2.8327176647450756 10.541972835490768
-3.5345622566264288 3.957967544384373
-10.674397727284799 -12.560306137996072
-13.619555896607823 15.375085606600795
-5.450841227196581 -12.570096101792453
-1.4857934928806937 -12.963644058819874
-14.931548312804983 12.929120986441092
8.217006304109784 7.857745803001416
-11.264247093255362 -11.61971983050118
-1.0821492352045599 -11.110778649069683
-2.7683057658359425 -10.308413177720771
-7.283239948509844 -12.464963538281907
-9.610926317394258 -8.901878329924251
-8.7666492824846 -13.791001184690028
14.40926353897072 -9.269587564232484
5.258258610813866 9.247519591487514
-4.115722334391293 5.30740955778812
-3.9644215850263076 -8.91214292999149
-8.79375035731412 -13.101678007858037
5.300063605118627 -11.353485556393455
-6.398272616585173 -12.312114856480783
-1.3085041941047693 -11.853805175697198
-5.48337427381494 -11.611257124075147
-4.259572598787479 -10.906878352699522
-9.70997014726683 -13.217265757825736
5.8030666089999245 6.697464570027352
-1.8987009059800488 -9.454763550459894
-4.764843914934572 8.825869789451982
-3.950914927481179 7.218650208836244
-10.242403744388396 -9.701983662563691
-11.890361612924035 15.373186608363879
-9.163632429596754 -10.386212405041984
-2.3786683614353414 -12.114747501651761
-2.238866258182607 -9.648418000724506
8.529875727017316 -5.907716745536142
-9.3735021641466 -11.782709099635559
14.757764646560016 12.640587067992914
-14.690428457888991 13.11145220174575
-15.218682405720669 14.349005987847857
-5.29086270031071 6.45081930858403
-9.488143226330898 -10.970420470020157
-1.8373180983742081 8.447975079125381
8.182447137457672 7.99093525876995
4.663161395193317 10.544503916337584
-14.34446031572268 12.899954241771225
4.753681393280121 7.780564758423415
14.285421429342662 10.986334334397661
-3.984451314785301 7.361014389672352
-3.2852511077662476 7.467636847873463
-8.888739376776197 -11.312221377208807
-10.861735895325788 -11.268199048268075
-17.282093981993594 15.583128232709988
13.976809076805743 1.306305042821311
-10.72180712902231 13.045335087628565
-3.2858867474210793 -11.658159949066627
6.4912284828140105 11.914774033111076
5.181798492833014 8.750918637290798
-7.9431971894301405 -12.50362046094571
4.639035934464401 9.935175451694079
5.4587014472673445 0.9687762234206758
-6.057114709835125 -12.063955617726437
-11.580402796006293 13.354277989319892
-12.599382864205287 15.53235610726446
-13.020894308621761 15.401255335467193
13.532694428732995 12.96067545327389
9.893931444532601 -13.74958136814852
-11.706409543164082 -15.238842229731581
-10.049296715558402 -11.695162790973
5.288079827429018 9.63458878258667
-1.5386697405419487 9.34738619130804
-2.1201402749060945 -12.087167699545343
5.610631680584561 -14.271665340805423
-7.6340551882098495 -10.36632022228667
-9.405360792907585 -12.011279531779316
-4.3696035783675455 7.047310686077313
11.212194909617743 14.429280505962438
-9.183462692030984 -10.200451555713789
-15.848684907020697 14.608994926050338
-2.736449411012036 -11.143658992417196
-12.472724545663194 14.00872176509382
6.2556546675392095 13.069537986873883
-3.735728672414708 6.258555758417577
-10.11540361556085 -10.45235791684011
7.709704248784361 9.722931037222223
-12.946672581963139 14.317264609768781
5.518605458080145 10.684887956923301
13.3927442352255 14.93612897695919
-8.442145618414383 -12.955639662665181
6.200529935048871 10.39913025000817
-4.627117054324767 7.9519896331236835
-7.903071142775394 -11.382301384268912
-4.2797164235253184 6.152412159062538
-9.069809003773361 -2.323947335023208
-13.64270937607569 15.292353265173137
13.768272520610122 7.912893481316718
-4.489620147144117 8.18577065847953
5.5422668838280575 10.711749277754835
-14.451782581659522 14.172359758106426
13.389938403997373 -12.811402132015738
-9.772918307392322 -10.443735197999239
11.024726801394145 -9.062180970513893
-14.547216750153723 14.436253500365414
-12.864400739901669 5.88109966460901
-11.501567465578933 13.604042836475564
-2.4661656209219958 -9.97027128736572
11.897340425685275 -6.225669696672325
-14.037045923506385 13.576716121058322
-3.980223737041323 -10.765163292880537
-15.561705301151422 13.20706168699496
12.87100605858529 13.407367992120204
-13.976335598777139 16.72840190705119
11.58506703145548 -2.892996817378794
-5.091264579907317 5.172369294760109
-7.6691178852373145 4.931861269174018
-8.57564379992684 -14.08396911362787
-6.039078124181385 7.541354632673906
3.526981463061091 9.939231566976273
-3.5600690308572025 -9.922013618499724
4.671679179615669 -12.266285161286778
-12.688679274190656 12.272635547602171
-14.14509458590093 14.73496041340795
-0.2759711117020536 -12.553373606106653
-5.218434929462232 8.162879261712865
-11.551130759791622 14.197703491735576
10.84854795142125 -3.072343434985248
-15.473221511420352 13.688237827515026
-13.534881031431548 14.496124525671458
-5.344680808629532 -9.84437852718142
3.9821207614533116 11.224462807064729
-12.701893056689238 16.8554483421011
7.850706039014193 8.348986318778097
-7.139034628859059 -10.351730831270682
-2.9561970764462173 -10.339589796409912
-10.313672071589284 14.87631238551502
-9.867270737301718 -10.70711025284466
6.72271202033532 6.726277742687527
4.899866939662754 6.613598359872756
8.032154455545346 8.470656227245547
-13.321936366541468 0.7785540144182317
7.584607546265481 8.019874543318329
6.3643666877365 11.683000489804012
-5.07812042027742 7.800257727702153
-1.9603184832355245 -11.3817527474526
14.077510840572856 9.964676851048075
-4.013077835003244 14.750909556978321
-13.238340471558296 13.030907301283467
-13.248156311491902 12.214387971046454
4.917028166870394 8.974378852241932
-2.473805365123823 7.863830172121281
12.613099469507237 12.581200823865263
-10.048431912612916 14.952203595406225
6.106274513721403 10.605311250786519
-11.285667320397867 1.038339535721125
-3.1955333281843 -11.028346631518142
-11.216131913585686 -14.10669807257699
-9.253158915079005 -12.12000476133388
-14.91535091969093 14.238826327737359
14.857198428511033 -9.658726684796752
-1.1173138981669486 -14.0938468226093
9.129868286248861 -7.626252090382185
-4.24531033012521 9.678323369023571
-10.920808327617916 -11.31156697138547
