2500 2 5
4.256336383396553 8.88414494298999
-8.126198718230974 -10.351326929325447
-13.865689807709352 14.180608219328116
-2.7749998899904833 -9.204854221326265
5.3483357792488935 7.878848476310793
-13.67682604110821 -10.420836234351922
-12.931828782959027 15.936893002877365
-5.16280323600584 3.8390354289428066
-6.97885023601296 -11.71764154454539
-6.311736098153959 8.141492056762912
-14.973539252016847 12.532710484779347
-9.413260897600352 -12.67084777987809
-13.056401640204554 14.918335621194002
-7.65190334136498 -10.340631751742016
-9.646673008462853 -12.070959387165676
-8.7666492824846 -13.791001184690028
-7.928288300110838 -3.950981779641685
7.2634186513670915 11.135753884282714
5.444905800378956 8.026133536443554
-14.971120683156778 -4.0750532293407
-7.283239948509844 -12.464963538281907
-2.973244644693268 -9.66977638489706
4.479661886524709 8.907701820665572
4.072884120412803 9.219653330910843
-1.8245444675558333 -10.380937667446341
-14.479605205096949 -1.2737300139695975
-15.561705301151422 13.20706168699496
-2.628245321260797 -11.9473467518638
5.566086098828578 -6.359031524553583
-5.6374672696849535 6.488573091608718
-2.3267939831683404 -13.588508667347138
-15.515491236766087 14.347198055328779
0.733625766703268 1.2306792623609333
-0.5792247849890031 -11.95472301822506
-7.44962950879772 -13.204695970359108
-12.583246583990618 15.38021918015361
5.52502016919035 8.640372832404893
-1.9534009421519563 -10.667013037009358
-12.995348764139486 12.74017791585075
-12.701893056689238 16.8554483421011
6.967380664869455 8.886903793819927
-0.6847492226419449 -11.938136561427523
5.4767232017925185 7.884433845013996
-3.950914927481179 7.218650208836244
-1.4978194972253647 12.995915738242871
10.818040298359996 14.549443386008424
11.92323666774081 14.401028809878447
-7.034706553143764 4.7686541696339795
4.759254061259372 8.947003822266264
-9.867270737301718 -10.70711025284466
-2.9635503965847008 -10.684814601842007
2.977479195155194 -1.6522355463518785
-2.7683057658359425 -10.308413177720771
-5.1377713398148925 6.254626878115722
2.8387877688628316 8.377328162466103
4.087996574094092 13.43838165001926
6.742818029369308 9.50705208368367
8.182447137457672 7.99093525876995
-12.24000220594821 16.059735245222765
-15.617675275019492 15.304343833446191
-5.096743749882599 8.89388372458082
-2.906340321990724 -9.824221518529049
6.9018909747623605 10.523458821786427
5.804070498029789 8.342028534186511
-2.506088647150662 -8.755988384366894
-15.908697464692672 13.188147279901656
-13.84892138642564 14.981762660565195
5.908086538968995 7.006252658542732
11.913056252255839 14.892183833369703
-4.364743804161468 -11.373648926041339
-3.6529553898905496 -14.861296869410753
-7.721910261494758 6.117198223235414
-6.553984749810372 5.189511101236072
11.914827802741677 2.9909748495524973
-2.357098071901783 -1.7943829971257959
-5.016091516469145 7.304342744765141
-10.33448805794419 -11.330401457399512
-10.079075730180678 -12.45590948522175
-10.280741406411293 -11.456734706636977
-4.055262413932626 8.78723864892443
-13.064313432901496 14.102927572300771
-7.309615004999107 9.449412512680418
-4.068819288100603 6.671144420147854
-7.866476125969656 -12.957621304459483
-9.94836643277224 -12.355897405634582
-3.766795037215285 -12.860290613703405
-10.107766694508596 -14.6948931228629
5.251101109584859 7.8552256865988115
-2.300401065952221 -13.487942140465641
-1.0655164389514644 -11.590046612799307
5.585645817238488 7.057300163010813
6.128611956770787 10.645185790479227
-1.4819157718787124 -14.369519753419935
-14.695440485718429 14.392009102548363
-4.111409957926898 -10.922094594742326
-5.631820183583391 -12.288694031865614
12.527942360237905 12.452274215405566
-10.825974581038277 17.82871486271399
-3.7931514214020723 -10.302651048200286
14.751777349974383 11.995863166097028
-12.847758957043265 5.736141372412174
-6.833029127696726 6.970374873021974
-8.104740404577033 13.130787413230916
-5.0350998926381125 7.661592786210534
-11.706409543164082 -15.238842229731581
-10.185773958474545 -10.87851842965706
-4.222630996008581 8.84362260883809
-3.1810931781735747 -8.878140174748784
-15.72819793324975 13.852291578120129
6.155863570226742 0.347922866491281
-5.424208788121756 6.448218601355582
-5.238612385363908 6.935224762125108
11.303498767646712 1.3786686875735867
-5.0318741298289655 -8.877146405872752
-2.7253690736637077 -10.666682932527126
-2.4261028399590785 -1.1005193179061035
-3.174066532134307 -8.59529174055157
-3.19353960255708 -10.899376357468773
-9.673909204786467 -7.420101043402113
-12.23917922827903 16.980069826921394
4.127656497799778 11.442691277466075
-9.183462692030984 -10.200451555713789
-5.29086270031071 6.45081930858403
-4.489620147144117 8.18577065847953
-9.92163492464353 -12.98387333352788
-13.020894308621761 15.401255335467193
-9.764630116024772 16.697356562864297
-2.9345199289473274 -12.347783630359709
-8.402000754631587 -12.207612130001692
-7.765428301980857 -12.844085801583388
-5.371626091851774 6.593504859973908
-4.493621361713917 4.687295082971421
7.698452567245081 -3.9799970907533737
0.18879875073785035 -13.81984749088469
2.421710087511426 7.376402042597771
6.3247916292222595 9.356182047353677
-14.490365254309626 -7.094669995470478
-1.2605604451060262 -11.153090738931324
-5.781093397501194 6.63228880427914
-14.280873889381416 13.12974294439956
-2.212248779046912 -9.128177888730239
-4.757431862880809 7.594784264288084
-15.8096259895682 13.04215263089662
-15.13010699102825 16.887996647337165
3.779337309830926 9.313291145408005
-5.822980404395743 4.993577918444789
-10.160994881929243 -12.23629476892517
-9.509057595650624 13.610474598327393
4.203259043780547 7.875965219044458
-5.5895640262584845 -10.20870925189547
-4.060228561725482 5.734824693784121
-1.2140430392857908 9.694301946090466
13.166493865737593 5.352064708471932
8.069023901777024 9.365450541523787
8.596878834516055 -8.416158088841437
-5.11885962842488 8.121727946780593
5.258258610813866 9.247519591487514
-6.433992408165964 -13.596977218409194
8.278782135414705 8.194634993606673
-7.090605634112098 -9.791453778887327
-11.264247093255362 -11.61971983050118
-14.958624672135587 3.296020334331182
-6.95221049957823 5.713147475832383
7.499414192112365 4.266080202795628
-1.6257324944797098 8.051121375553365
-4.080693114252666 5.641478822137417
-5.443221592431322 4.8589054791468085
-5.0865450138568145 6.998270850308344
-10.526255514955945 -11.749950446299808
5.181228694167784 9.92279216558597
-12.113190854350165 7.929084609022905
-9.802861165180651 -12.597388257778274
5.334077339679405 7.781054529909811
3.7638279630543643 14.178437460096259
13.81747178737903 -6.545166258937861
-14.371545139929083 13.45119581544679
-7.176895218938096 -14.744438301717203
-5.972108281728286 5.908286562502644
-12.488696450391574 -2.5405994185514054
-1.4857934928806937 -12.963644058819874
-0.7179286938148488 -11.675377542494308
-1.6895926782490722 13.218799243568405
-10.888028472291698 16.119583533205105
4.983026091203752 10.847992448323716
6.21968310412444 10.204339813170503
8.749216559043585 0.025326784351971554
-11.499256663064351 14.643513861632382
-11.520269263298669 14.460346508241011
-3.2852511077662476 7.467636847873463
-11.881292908879674 14.192345907788436
13.667588907831458 -14.578450451346933
-12.430463466187854 15.543986831359003
2.7387692831087507 9.333164226306625
-4.110156989720251 -11.201673311514963
6.256769724151022 8.711718666412334
11.066298552306762 -5.223473321606939
-1.9603184832355245 -11.3817527474526
-5.061616975474657 8.018675368612605
-2.0010989886614183 -10.467817752489553
-15.405286089622205 13.869565741548836
-8.626540978499126 -4.954007473646103
6.017946140799252 10.63120659583707
-5.345233554779704 5.220272486679733
-8.661510170844341 8.23067486838804
-12.705970314339144 13.664679404446792
-10.885568896922797 -11.280192711461886
-1.8373180983742081 8.447975079125381
7.148393013453026 8.106722638558418
-1.2242688191372033 -14.012330661556202
-0.8353360047581604 -10.11848503708304
-7.159281762189215 -13.404883876204384
-13.606471057679448 14.458578340328572
2.0489602942581193 -13.002663301279672
-11.346162474472408 16.9448785173974
-9.64210444179405 -14.047270783865024
2.461487146568489 8.371167257791635
-3.0154540548603377 -9.56160157056323
-1.9563466583180458 6.192568694817707
-6.749650298557479 -11.877211155049883
-2.898903087168745 -8.80600840275211
7.353083418137739 -2.743222346666389
-10.250610879601304 -14.191218966693658
-13.18767305343407 16.860171806196604
8.237250486812101 8.950194807770778
5.0588210193736955 8.48601537527827
4.917028166870394 8.974378852241932
-9.827550118746947 -10.21544432009385
7.172834969169483 10.073365306184293
-1.2382251122922079 -11.802044124665954
-8.65102849090331 11.994141592984505
-8.660735374618449 -11.589701626673087
3.2757607221988825 9.809054422684659
3.5553759557184317 10.762487602181936
4.2273244266598935 11.177344787097958
-7.311668061879157 -12.578989806536901
-2.6634541087636863 -12.87617265567131
-9.70997014726683 -13.217265757825736
-1.0667963382399965 -9.935633552285992
-8.29323286895411 7.242199274769795
-0.6324050387341948 -10.302756082868942
-10.979082139221035 4.61503626643222
-10.306125281652367 13.712600806235246
-7.903071142775394 -11.382301384268912
4.817512815000153 9.838020587668398
-8.442145618414383 -12.955639662665181
6.285419870348312 9.69491629019162
8.989620935017047 -13.875017837953385
-7.129784231752609 -12.467655618772547
-10.157616242788556 -14.117806907850992
-9.415978098936947 13.614083613876623
14.008214444213483 -5.31141863172464
7.434886693723531 10.829742142381376
-8.631154279241706 -13.53275294678655
-5.344680808629532 -9.84437852718142
-13.163919848892528 15.229892521751108
-7.207288942482901 -11.088572584308805
2.2633857109670217 -13.845028728955029
3.7699343429095182 8.11794876740898
-6.47132046275351 6.103222396565336
-11.725584615880031 -0.08910345163169175
12.917769154516407 2.46651132529313
-6.052096301126385 5.890251201543957
-13.64270937607569 15.292353265173137
7.612405400743228 -5.551851945785749
-7.25694846475718 -5.565006210034266
-10.083234533113906 -13.217312669376035
-7.8357076824073975 -14.16352495282473
-14.699345087790233 13.727179187800184
-5.853803305973924 8.331717648509718
-4.82704107794759 -9.971805520886644
-8.031208629940371 -10.825930064277088
-12.282559057598604 15.357563207374712
-9.3735021641466 -11.782709099635559
1.855646813036664 -5.0226148060045634
-3.0641931958533846 9.927444299109048
-3.2847508924394444 -11.783299516515683
-5.476908796621859 7.912750917548001
-2.610969637963242 -11.264395883534565
-5.188024478426938 -2.8024853948767436
-1.7008633162886189 -10.56720255559946
-5.778758964785863 8.07953508623213
-7.379115013502684 -11.010935065478588
-0.9245056538599588 -10.887849824951507
-10.12523525175114 -14.49126501394808
-13.874564362304229 14.718582071264509
-15.873203811867391 16.41034233405869
4.62287612550574 8.227678697412461
11.318779355721627 10.005325795278843
12.333059400739234 10.335268553569403
-4.12606325930736 8.671509331496384
-9.469132911658845 -13.177455786651276
-9.66998556990163 2.756554893150362
9.67817628105869 12.52553948373044
-9.201301410154706 -12.373334833471215
6.365062594508863 8.16965131934203
-13.45975483559806 16.00062696261442
-7.565596241373896 1.2378480383512738
-8.665004308744066 -12.19277591361962
-5.010136232291428 7.087369511647362
-2.173032781164036 -8.857891595838456
3.9821207614533116 11.224462807064729
8.84723167144298 12.665299526040293
-10.993877058139969 15.071295676401894
-8.621893642266873 -10.655866884020988
-5.332821708441827 8.126143650413749
-0.5435481715451633 -3.3127918695888265
-11.631279720268017 11.458165663316791
-8.717867031426637 -11.045923373325817
-5.386485371236629 -10.191565803097127
-14.67682789412829 13.77005376541713
-10.11540361556085 -10.45235791684011
-14.931548312804983 12.929120986441092
-1.4355603867204163 -5.0512672252827056
7.981331558903993 9.028853774974126
-2.8387061761953105 -12.06966273034321
-3.1387641980753145 2.055537785213808
-8.405958107428498 -2.689858406518603
-13.581349310845363 12.17700308271866
-3.681229007221833 -10.89119423735671
-2.3728426466571446 -12.1887482338261
7.116172217879612 8.246988539423208
3.3336142714677037 8.82197437907999
-3.6651596246761238 7.6890170825746935
13.088617245398432 6.913236060902065
-3.735728672414708 6.258555758417577
-9.488143226330898 -10.970420470020157
-9.644635720137432 -13.224743989162288
-3.9454957668105424 -10.015484526750388
-11.240467269925244 17.092544218086527
-1.1900286884156837 -13.052560008455353
-8.91754748655019 -11.793482643383271
-1.7584928652546368 -9.880005712506156
-16.052986434674853 14.652580327863237
-4.291746184464262 8.144150010268921
13.91479443983786 -13.357860077014927
-7.4604011138207404 9.059320656772414
9.127094913649021 3.5687856219498144
-7.559965766835045 6.964523404503973
-7.012642319161627 6.497868912822379
-12.002572660218558 17.602165793136194
-10.07928606064404 -14.087134544491017
-14.434273471992707 -14.438104855255894
-9.63126369413745 -12.347691926460987
-9.534474969579792 -8.05381122672242
-4.359897870355962 -8.52652150454007
-2.626352523906476 13.85873844335839
-5.037855232808607 2.151575724009522
-2.7681674085304215 2.1347292103132576
11.670104807586913 -8.99099621411575
8.59690812428028 9.130726789582479
7.2005604565993515 12.570391278643516
4.472726289562824 9.606418907447603
3.396509604908701 -7.720565353782361
-14.12717641549349 7.35351483569098
-4.4970735220260405 7.784793912430282
-13.278776622830085 18.772307822835806
-4.501140361184051 7.770133626949851
5.942504229771433 9.186277160517548
-10.674397727284799 -12.560306137996072
-7.609027763991181 9.36955898061505
-8.959280056535716 -11.746021269850285
8.180036786854583 7.98027044619746
-4.630689942789719 -12.427268491622353
-6.312019367988741 14.023922553325527
-2.185642728683895 -11.445587974461137
-14.34595212395386 14.990972685084797
6.389617707283841 8.590625191072254
-12.229804317201033 14.916760898196209
-13.30262909918705 14.930165545208277
-4.2797164235253184 6.152412159062538
-7.97686852668601 -9.563184740712728
-9.325033152938554 -12.240245762493766
4.786140408864693 -3.2387835616962573
-5.874701585979558 5.366480396211513
-8.770067426049915 -8.634729995198285
14.60113055818016 6.567468664148759
-5.482381942361225 -12.961505477772189
-7.689191135182128 -12.782207991405343
-14.29658573924526 11.246007190969026
-2.631955462942221 -12.675640082237946
-5.15091479029684 9.584149318286098
-13.060936555435294 15.092506684469008
-4.696869024705244 -10.914926180566733
-6.590798102431609 -12.912910585799578
-12.115365706827987 16.07166628325455
5.547592033010788 9.69231191673962
-4.677199983347305 -10.839919784834034
8.537484374695094 9.72255322380373
-9.5388422179078 -11.522500923118034
-11.551130759791622 14.197703491735576
-8.799546042880701 3.353445788648827
-1.302261252954915 -11.141864130115673
-14.757774457797519 14.06498071882791
-8.959061372399459 -15.502067945298386
-5.617214147743745 8.412809441601349
-8.60171120582939 -4.716493388695117
-8.799497991164746 -2.5687571941668406
-14.283519870890345 13.939618610595963
-5.3543513873716515 8.234718724823434
-7.608680343895039 6.623621258444627
-1.4629615329204502 -9.73836000516564
-14.841096652800063 12.379937649438995
-3.625224290141145 -11.976154659753456
13.33048741821467 -12.371491348866977
-1.6085351392870701 -11.58316282834508
4.639035934464401 9.935175451694079
-14.945798068673898 17.589979619882513
-3.995949170604108 -11.57776160166769
-12.27859468966166 16.21886598903884
8.936603308912915 -3.078993091607412
3.7110378352015125 7.6498300660688985
-3.419229782405097 -11.789442246251006
-2.662501268182554 -11.867614409640431
-8.45690592961902 -10.588630300278954
-4.246771883582673 -9.952350539576347
-3.417315380519497 9.96059160414202
-10.653156856330591 15.705283103765712
-0.697799214826258 -11.536550354823905
-6.520059628970062 7.961242204933172
-13.442823230419192 13.425479318841825
6.67318414504301 8.85972841575558
-8.529554223846395 -10.322846273070311
-5.299563725196203 8.109725551240594
-12.33726171346166 14.34398899031309
-3.7366462401771763 6.268651347342065
-10.801853711780469 15.159877895443278
-4.953938561002308 5.281301363314998
-13.910436856716494 15.266710225798805
-2.9561970764462173 -10.339589796409912
8.872866139317345 4.404305433837365
-5.340581914006629 5.917843583268776
-3.0845853331266175 -10.462167167899784
-12.502017856020178 12.199856568125695
-11.755545012425237 0.48734919780881825
-9.07517078636682 -11.542814278443077
12.134765777746377 4.460823008683551
-9.355559294631213 -10.289969302995985
-10.62390491486248 -9.453598671493822
-5.630873113906643 8.153835645765346
-12.891911242260338 14.413553651749304
-14.702347292036492 0.5308189455403074
-9.450149518353276 -2.6288748331460727
-0.27977012793945466 -10.032298243315916
11.190267696937891 1.9833694567199807
-2.6691965767111814 -11.376113745586604
-11.925455526280842 14.252163730338495
14.647612255434161 1.0968446358180053
0.4639662905063897 10.75942192617191
-7.6340551882098495 -10.36632022228667
-3.4140738788288245 8.610972557935648
8.770704169540902 -2.744048971365121
-6.021683395967569 -13.664774040996218
-13.645030134635235 14.01302165066545
-12.43419026719516 14.907534560673886
-3.177601573977637 -8.205259640867986
-10.849442592315343 -12.259863572207827
-1.4331579940481571 -9.768519850168978
-7.347291110413887 -11.329439683071511
-4.0108330983608225 6.137055333388128
-10.196922606488446 -8.458320612219454
7.684878485803091 7.412988310633736
-4.18952944562974 -11.516445870658826
-11.753575743304198 14.99579764396872
5.962390889912746 9.253926197297348
-1.6624495156423968 5.960934285340562
-0.37366584671228864 -5.645437291721402
-14.208224285330243 -5.492759832858141
13.320872549197908 2.0126458685145963
-15.47608510236683 17.297663828403795
-14.683269347591475 14.460282251224351
8.402782128725772 14.176547349231186
-0.030662864726442862 -12.851803533577712
-9.588866739862922 -13.236407377496908
-13.57617850881091 13.277869690646614
-9.160916035341696 -10.021251417275947
4.953494872787116 7.315724210768947
-0.5235953924697849 -11.638698316988037
-4.937326527842985 7.40514870329457
-3.680182368737664 -10.750386893927761
-5.573261315809183 10.221248090826823
-8.085518701533609 -16.004676616324577
-5.4804060017899205 6.27387999753573
-7.29177056286246 -12.421620321099553
-3.9104173896484697 -10.547564977415181
-5.274710654060842 7.031871841365199
-6.410644053000757 -11.33881348316349
-6.54755296429145 -9.487650978114143
4.468674586547848 8.95191827846006
-3.315612601060722 -10.195654910485642
-3.3639604779994103 4.057149619333366
-4.185336879472189 3.849931154788484
-13.192022046828285 14.659642076701644
-7.89117573360827 -10.72616200311778
-3.083366747929259 9.323821877618347
2.3530493368448226 6.505062295821146
4.4495182680943515 11.195000084280485
-12.095222098612357 -0.7011611034277045
3.487361144887452 9.094242400301276
-4.16685802239743 7.592228108662178
11.605935600697418 6.232639870586496
11.923680836900967 -7.466108076984153
-9.44139414906276 -11.365642931383736
-3.00015335580887 2.8041986587073664
-13.187562406602739 7.480701495846766
-7.355108819784453 -10.452513961956175
12.727003395592718 -3.453563923739754
5.019788028617956 13.71534969823751
-3.160499062416206 -10.890979771316164
5.064484770469431 8.21368273051679
-2.3588047167105706 -9.168529842527919
-8.314919960439305 -6.580805606194213
-9.610926317394258 -8.901878329924251
-3.128813826590317 -9.751921345989052
-3.292488920236255 10.376514086134286
-12.099944256639446 12.00532149442192
-7.1055573806174905 8.633405783986321
-6.390137955441023 6.32931509557733
-0.33241752719780493 0.4243491687904548
12.548402727262669 -1.2732141974474622
-4.029461696836739 -12.92404789098626
-2.918732013216722 -10.97506139305467
-9.80799364609278 -13.543657884482682
-10.658190524027344 -13.180465711589838
-0.5827978631787936 14.252928080387846
-9.22678285532629 -10.115851826515632
-12.09758825963451 13.519699676183931
-3.161931063975973 8.278077198168443
-7.35244790223101 -13.323465209663587
-4.24531033012521 9.678323369023571
6.6224139953460135 7.693131429961879
-4.199471277336568 7.238346158139238
-12.550591182523917 15.193464608492082
-3.018523730991305 -12.573576064609114
-12.427211375690357 13.631135347303964
-9.161801370344985 4.509728072712537
-3.4613889828193916 -11.991072974662423
4.547794420712692 12.241841051705102
-5.508395232529311 6.36740329804999
-14.616020359440679 13.326444055860934
-2.2062423149873407 -13.980886350304802
-3.122613912438931 -3.712743725294434
-6.39240176734695 7.921469712825086
-7.38651243973322 -9.024785042489842
-0.8735910273320815 -12.685384672117628
-5.07812042027742 7.800257727702153
3.377616933011625 7.459741182843688
14.966233378625606 3.3678791248160778
1.9414277848389183 2.258329697066081
-9.534701610971135 -9.956447515082939
-14.00184805641691 14.556917315499334
3.974360619014026 10.366469102208885
-3.5423270414670665 6.306435187426607
-6.546196291206589 6.9270335643618095
-2.962567042849648 -10.601893301133293
-5.015721519491857 9.2736274413455
-4.879805511491507 4.597406561779861
8.252056814796656 1.2049269681826296
-4.35154537253344 6.421581987826264
-2.421889987081199 -11.938347130339904
-14.006663483726754 12.871417549337991
-7.49158524868381 13.068461557408185
-5.256243532189265 7.833040969063857
-5.883058642790932 -12.029889125582843
-12.248560516923144 14.262897128672575
2.323091047727921 -8.56323020915566
-2.461127312628251 -9.930856212822192
-11.397981394503775 -7.802471411450591
-4.398536490299344 -11.633146241861303
6.308338896851278 7.823115792341317
4.133310897750555 10.832148092461765
7.709704248784361 9.722931037222223
-15.547489273814007 14.641816882498278
-7.041693742612061 9.372651189745405
-10.403587451860666 1.0579284837762089
-1.3194397376424134 -11.500261148144867
-2.5087242626506425 -13.545113680696648
-9.291259925497792 -12.368624908715157
3.457872617195168 3.135300183748676
-13.383028506645056 14.873840133623268
7.673845432329445 8.04918171038812
-10.403713173819517 -9.544936853259859
-8.461988475576986 -11.8784254079613
5.281533346653754 8.35215401009202
-14.027135173701478 15.777656331487156
-7.486538011182837 7.993670305390536
-3.354490751101136 8.515679910182499
5.276786272537664 9.239384787973757
-13.138690874084622 12.852698643725939
-8.505428846630688 -13.599562561335542
-13.534881031431548 14.496124525671458
-1.9235702061652935 -10.25801781283597
0.33498208692734543 -12.417621599705573
-13.147371896680765 2.652488303638581
-10.577441023600489 -11.494593061098891
-3.0125536748228257 7.58715520498195
-3.7618833957046585 -9.651898716291893
-4.659171527828905 -10.435580694044322
-0.699918002054563 5.405340505185457
-4.597806922747207 -12.646357344169854
-13.545144417019475 14.680196000565367
13.739800529029043 -8.307051929104338
-5.213842212879054 -10.652998125151873
-9.745669327936021 -13.79411281631411
-5.355809616445422 -1.8940262153904293
6.476857617045663 -10.90711112821613
-5.896488390018086 4.17482664092511
6.3643666877365 11.683000489804012
-12.041332951440332 11.735757939760102
-9.27092591227431 -12.136826475290478
-3.8763006587312177 6.563134227656732
-7.1719876374304015 -10.605581711318008
-2.1941040240015286 -13.38344660586716
-1.1433931728842914 -2.2913150304253964
-4.821680979479782 -10.3643737262035
-6.858518499934858 -11.218333007533543
5.2535721164511475 9.532865698518235
-15.25934708235167 13.89419873823948
-6.112052632607488 5.973932529608609
-8.386330089947911 -11.118923141149054
13.709796976655781 -9.448273258622978
-13.930751278947321 14.05056382965158
-15.218682405720669 14.349005987847857
2.1857492413701793 8.987679510957387
-5.802199581624261 3.0231660393698156
8.6067798573484 2.6596403308336676
4.591051733874879 7.121249841219881
-9.82343057040027 -11.887198163355189
-7.851771217055908 -12.37227716888012
-5.282309898473739 8.569668604546006
5.234343737977175 10.53593603602992
-0.956861289681467 -10.840695474097688
5.906361781042346 -9.42666575674179
-11.055007281529175 -11.399962148244047
-12.549281018951639 14.638069843270582
-3.2184738246967903 5.682629150468266
-2.5671029439432616 -8.57363093522405
-5.7509766386664145 6.781766246156682
-11.750280288182712 16.29478660650049
2.6437521965774415 -5.828167831327409
-2.238866258182607 -9.648418000724506
-2.958539336504672 -10.778076408374723
9.432174659853526 3.72566364492355
-13.747590149945218 6.23271887211753
5.5422668838280575 10.711749277754835
-8.15529670388904 -2.2995521847765072
14.98703966421305 0.6107254854105229
3.3864787689463784 9.23511477820179
-4.806516583123303 6.759135480191314
-4.185062407666155 8.939196911207606
-5.974575073824087 7.5906314811478275
3.958305960105431 8.082979672903965
4.36712419541383 14.802797813339279
4.899866939662754 6.613598359872756
-0.43591331369107955 -11.801598293068627
-8.102611495356216 -11.241271756835296
-1.8581750881462673 -12.564474288170242
-1.243298717704795 -9.88757308639029
-5.749561546438836 8.319296888500489
-8.515453158445318 -11.750520556838257
8.949900661335786 -10.752468604851623
4.314198324128431 7.932618467698781
-14.10515048391134 12.29461474784173
8.553785556983641 -5.50347048486595
-2.2314547705719807 8.09654223765671
-14.690428457888991 13.11145220174575
-6.702525766259337 -8.498735816093788
-2.4950484428358664 7.715432480231171
-7.865315366105216 -10.843352557556646
-10.004456012985372 11.544881894041904
-3.2858867474210793 -11.658159949066627
-6.932557304179175 9.509043753598286
-6.710703149011452 -14.26446195965853
-11.421874040821091 13.355833838432403
-4.18679801274908 10.016469156766204
-2.1673888796101823 -14.024082182012078
5.374278249611593 6.852534378488036
-0.8423736652206388 -10.43310619190635
-3.526937999005175 -11.512879794148198
-8.200136025050933 -0.7002079972015061
-3.057219225255141 7.109246451953737
-1.0878856158945671 -10.919877204422795
9.27470886032949 0.3825926070605181
-10.032982035365265 -10.542523671227498
-5.6253533430312554 6.79151255948514
2.8988414562156564 -12.126369110040915
7.171347127391671 8.533996499836414
10.004029031918215 4.481358478859153
-6.702150941105307 -12.445179281615653
-5.932155429038545 -3.491974932754273
-3.1608123937493056 -10.181144606189571
-3.0068888426937233 5.299907520887174
6.2333385538417785 10.478543847163545
-7.429340908695459 -11.27553015991154
4.541493723002247 6.331877396056784
-5.146089428099174 -13.06467150550107
-5.362469875652073 5.941891515995127
-6.649911086891819 6.558109855240915
6.7680566195377985 8.751758020213648
-10.060679062389886 13.518402722489773
5.112640691715565 9.071204946361432
-4.3696035783675455 7.047310686077313
-2.5802026435784082 -9.243311165811651
5.452705012320829 10.429649350560556
3.829961499400151 9.494508709126293
-4.018866737340106 4.6921112270043
-12.422232874718027 14.540678511270164
-10.635013749651346 -11.197295349736704
-4.278143873925821 9.079151554652487
10.788739369886013 -0.22907942670813242
3.475240397131594 9.335020341240277
-7.073294428200553 7.19128644533091
-9.29222842052189 -15.439324435631905
-1.9295164403989058 -12.566794299722226
-13.194002121382594 14.195697896190135
-5.6706778691812625 7.543675548541209
-9.032104956091347 -12.817255165536594
-10.502861894542669 -10.09178788870221
-2.4665872431691334 0.052739044020036374
-13.649869202989708 17.235987140149156
0.8494901952769993 4.536628319790601
-4.89385965490576 -13.49918100788867
-14.8962510268083 14.399788866903933
4.753681393280121 7.780564758423415
7.850706039014193 8.348986318778097
6.3983950901777815 7.428576818938618
-2.779702617900495 -8.581124235020738
5.847349416931802 -3.444427759019735
-2.4616023345597724 -8.744277429031033
-12.863817705079654 15.438620051059361
-5.373499830460396 8.857450122667478
-5.88535108055111 7.918619681956587
-7.869351455133624 -11.724776010982929
3.570715657767294 7.685288805186815
-6.6879123206125275 -16.416392110566036
-4.132132446244161 9.930564605611892
3.452507772122301 5.924211994820058
3.6046808897249027 9.681008378393166
-9.3806961215019 -10.148622654668225
-4.058506406735884 -9.375956563586147
5.490075360345439 9.766625606861133
-4.589108359372609 -0.4882069046191866
13.322241806486566 6.941106613574437
-4.214222916573357 -11.222343508425904
-2.924194374310774 -10.181257995475445
-3.1105263273122414 -12.675131347427829
5.472446760905906 7.605224060881474
5.975830323895176 8.783518543777838
-1.1173138981669486 -14.0938468226093
11.485459458178035 9.64808787943721
1.7853648051154671 3.9015803540669936
6.177820126206527 9.80259112209032
-3.354219020580322 -13.929204315187926
8.980621697797709 -4.765163503742853
14.618565238865028 12.294810991002137
-5.876575878612536 -11.040237376799158
3.585093807146106 8.640966343088683
-13.299700333664587 12.715394127488924
-12.90699707535958 14.337237172955847
-6.183781302347885 -14.283973422536086
-14.161943017596817 13.251130122970743
-14.614210629812877 16.832789419447195
-3.94178169819074 -11.815916393675455
-7.308978821681043 -11.801826015519566
-10.912054919873121 14.787070893103392
-2.178293985125086 -12.548039297507597
-2.540779316690853 -9.525335686383434
-2.2894627475094977 -10.355931717659848
-4.195934737239757 -11.574365712197034
5.0683522074943905 8.748964266559224
-12.919448188412803 14.374856533661958
12.756748794596234 -2.214551473361965
-4.2030331190595565 -11.322669167117924
-9.588132474364066 -12.027209141666953
-3.551414094659507 7.41182253422367
-11.663985678976458 16.97683204223278
-9.503298776395154 -12.243533059428563
-12.735819427884431 16.87000987793133
-5.775884267439457 6.876814332598391
-11.91410971152767 -12.001837862248033
-6.839103303861037 -8.84967296704642
-3.8759578489020736 -10.472651839057528
-13.769000053894647 13.666214496731797
-5.787644771433484 9.058412591721234
4.8632149952366115 9.134229380801074
-9.941060463328608 -9.928926611031
4.810499978705788 8.518778184962898
-14.773987482152279 -6.146441179671331
-13.119437238050201 17.211933552081167
5.97474392400575 4.173576058338668
-4.032915921561889 -10.390272066585759
-4.1307462981198695 -9.916996609518632
-6.43663466274236 6.8269734568728815
2.3925154858391835 -10.099200812233871
-4.78942108665244 5.744097662314538
-12.87260133298803 16.171671948171443
-4.947541555633732 6.5048855710760165
14.694036798334775 -4.517187658345108
-9.481010706194287 1.8214651140456724
-13.37282851314266 13.525308746792351
3.930384107942377 -6.099600019439025
-9.339980132917493 -11.237665210449126
6.095252919987626 -7.795500371907353
-10.924313109098199 5.487205454938437
5.780134142367027 8.018475009012574
4.693344475873658 -0.6824222106621303
-9.295633781175578 -10.074237815178591
-9.089736114175347 4.297649051185376
-8.012275445843155 -13.076833920638853
-2.3662274740561156 -10.9152602240367
-1.449354584853826 -10.243259141573443
-2.2769053857665167 6.138332522781578
-11.517655764030541 3.708657868541742
-17.033321187241256 13.963086023868915
-14.645399491476043 16.12847117033856
-0.7481533177152695 -10.638428680665845
-8.88598377242152 -12.130782245078459
-3.665261059020717 -12.567145331640381
9.318942172647457 0.0787196145231377
8.56440346128818 11.469994885206148
-4.249357540923792 -11.645749522221788
-7.430126117514732 -12.239551073790983
5.146479166197288 8.566271961367413
-6.093745103685922 3.799437383946408
5.518448905924524 8.94545248090175
-4.173962154180635 -10.901872800155536
-13.077816282414837 14.170004879202697
-6.68454145086094 8.607244706959163
-6.3561574950058795 -16.317089242733097
5.933648528502163 8.083622074342244
12.467175625657745 -7.25151044285203
10.64624605268125 -14.782817805876899
-1.9106043281015481 -10.832670931886387
-13.554475320286517 16.242905451414178
-13.12125538934016 13.872128621225242
-4.195209919335958 8.40680046222793
-14.739629638316229 14.60188794499927
-10.861735895325788 -11.268199048268075
5.468902825726984 11.879100619870714
-3.3496081259454122 -9.982554678620586
-7.897402623088476 -12.274918340006984
2.4173262218424467 8.64437604971949
4.86235767659886 11.378664740760014
11.886243338985864 -10.292038977410606
-1.2202868748254323 5.964495447102493
-2.7722183603120123 -8.882315943528337
13.755229709764563 4.577128698178708
14.803231330701571 8.229029521220355
8.17990850630625 9.280808966439176
-2.81689455582806 -12.5807311567225
-12.575709520709614 14.098407648212234
-11.216131913585686 -14.10669807257699
6.968525941032398 11.30946338828979
-4.653291561596577 7.009102593798614
10.873126673812969 12.114306579716132
5.3958734170767375 8.532423117700398
-15.583543629722868 17.194876684959368
-5.628485344567814 9.747433493869977
8.055859577448748 9.115141806967209
4.938409938084625 10.538992474726916
-7.3390705314145634 -11.19707425418121
-4.764704960883751 -10.057653959352287
-10.755242070726428 -11.74448779484371
-7.787319523076337 -9.012169654008286
13.708666812579526 14.458491825174924
3.053315472950903 8.44149463345118
-2.6431183550108384 -12.230521835979333
-2.0435674864107547 -4.670493497769771
-11.501567465578933 13.604042836475564
-7.148822765362475 6.321977879906966
4.292710138078908 6.898441820797084
-8.264376883117542 -10.241186957747841
5.368204879516323 6.8843182998624135
-6.429482086198158 -12.53841534229757
-2.376819944349323 -9.883777502494913
5.287309889811624 3.0806437418430477
-2.7264114807114463 7.412341609010142
-12.852630152824062 14.493755451392047
-1.1023842298045796 -9.298647065041077
-6.795211560183019 -11.208091577544653
-10.049296715558402 -11.695162790973
-14.083822168509872 14.86715888680973
-2.9389568267614976 9.768246859352827
-13.560342564477331 14.619379015753124
-6.6957327408468945 7.012513789853088
-9.14950644783536 -10.92407147945914
-12.823322230798027 2.6156977705407094
1.8435412344258033 -5.26341987681381
-5.067156430066581 4.998369846286035
3.6776512937616634 9.955003383088739
7.296114303604071 8.46656829231364
-8.974701362377465 -10.099947173277645
6.6663823210146536 9.663057306570026
-3.7618728493037663 -10.042815897727895
-5.254818189817531 5.914944827621595
-6.6752856024325835 -11.570951792295503
-3.4611660059479163 0.9044204554086797
-3.5600690308572025 -9.922013618499724
-2.6683500992690434 -10.54661081002704
-6.731348923907455 7.891777972003148
-15.171217465765913 13.80561111703844
12.14084043844716 -4.258389618436498
-14.641314043826133 14.921745678562063
-15.473221511420352 13.688237827515026
-13.691446800719373 2.9836484800648435
11.34630005116173 -14.754010085245913
10.23955911698144 -12.80454739983437
-5.562335612555107 4.569827988144109
-11.778425639496822 15.75780030206128
7.705786678185565 12.428954780936404
-7.269025607820682 -11.324920578770495
-3.414339146568361 -15.219062014342695
-11.327510033848858 -10.601934778879325
-12.024032515640329 -1.2110856204905804
-1.3427584458870336 -9.518878751650323
-6.011311296689181 10.073540192270118
-0.38512792442509314 -13.707041573198499
-15.012500331379142 14.133258577598578
-11.177253746922625 -10.3227576002028
-16.466135225256032 14.21964206596889
-2.352393452766406 -9.779000571489
4.663161395193317 10.544503916337584
7.891541676957225 -10.814538402497186
-8.257280598462486 12.73316118430931
-4.9698555568885885 5.714666383326745
-6.236145715332479 4.34598627128476
-2.276982768572247 -12.239536435989482
0.1384993132810166 -0.4079209842533391
7.142318013483518 10.871693882805745
-5.671353600913294 8.941766339793306
10.924503189707789 4.048653492440312
-12.392885797404956 14.187825218901953
-8.411983812083065 -10.029974335122528
-0.2759711117020536 -12.553373606106653
-1.6936735450618279 -11.718104176394696
-3.9071982727678094 -13.37590018533638
-9.302610210612091 -11.166664393693516
8.04560429988356 4.692501514640192
6.033050657063664 10.28593735593266
4.0776807044261005 6.347389051135215
-5.999251379173274 9.167709683412863
-6.572310591358156 -12.558439040535399
-9.306519149125311 -14.08868957769685
-2.9178481272681926 -9.824723166682952
-5.055955390746719 11.202161013991562
-7.9431971894301405 -12.50362046094571
-9.527839450338055 -0.5727272113133477
-14.774001531994745 2.5851243580308996
5.373027404817608 8.85296547151806
-11.547555387623156 5.978738525000267
-2.941197109871205 -11.1720301181487
-1.3359404782482431 -10.287630378082715
-10.678019227602888 -12.375189407397228
-5.094048916926889 7.73339345639953
-12.823739520115964 -1.2242968179090727
-8.606413578673035 -10.596173138634386
1.381550059851243 -14.832004743873336
-13.09828387123769 17.14766629929569
4.111113757479263 -0.1720344194414576
11.41958329536962 9.789485281815683
-1.645334062953744 -10.667747016682316
-12.379305514755348 16.09845095475356
7.560896394273364 -14.880977818755092
6.258267495744437 9.677473993955159
-10.90953675985985 5.180822589316229
11.382649611410145 12.565344173487443
-11.991714369471874 16.525960237091777
-3.569107571237113 -8.452472713614151
-3.4296772418292885 -8.706778755670635
-4.1097520390370885 -4.637166439032505
5.851950746852152 9.021789469595506
-11.03471006270171 -9.909135765911671
-14.662551142394861 13.069307443380666
-7.0577254626439325 6.03417686934516
-13.571322544288773 5.0144750929617175
-7.39828705465121 7.431118531059156
-10.100903703570662 13.126238092144728
-7.178628266823818 -12.968272695461419
11.521610826563126 12.199459834187198
-14.29263407435013 12.772178485722769
-7.36284668459483 -11.116256806906227
-2.8709385602451216 -10.254187434363653
-13.328377501181752 17.414804904178233
-12.995084461142447 -14.033603410273884
-9.53835282856272 -12.133761217681855
-3.912011093054147 6.023081976962948
-7.241701596461164 -8.528286787790513
12.765713522939826 -5.041956226776362
-1.8386244562798346 -9.30817447827104
-11.42060961287272 14.596516074932262
-10.914133277647508 10.835697792562826
-4.102652563956941 -12.298412267433825
-7.98089713815138 -12.089392679469446
-7.578762107923142 -8.923793439679928
-7.4454798686163395 -1.227109921890822
5.756461607142785 8.30723927904347
-6.256972679484323 6.208192288932052
-10.614639243247145 16.307140327468822
6.144513350006967 7.120028492475143
6.270063017037499 8.654296302913915
10.80869111859959 -5.50635130158167
10.726635919881122 -0.11458266330786593
-9.227502499414786 -10.364983608260637
-9.906366120338348 -11.029563386736745
-7.446527391716884 -11.359451543618627
-10.098732247322443 -13.027933620200184
-14.831368529676661 -13.537545174148622
-4.735578173014475 -12.171445026108465
4.658282528821861 9.903663146184682
-7.729745428462295 -9.159666898273121
-3.491438417079358 -11.756595495513363
6.373330788494343 9.567300603153928
-3.57443564485423 5.486958282541614
-4.980786017360559 -0.7624099800426514
-12.960960479908325 12.955963810123233
-12.909227237840657 13.524493377244488
-1.0894144608899743 -13.425112794724003
-4.750043977451147 -13.822082655713201
2.059575291171095 9.231407441416687
13.03190296483466 7.533851033346306
-15.207025935476446 16.264771906981693
-10.24238545043595 -12.184661613737726
5.225100926708855 -10.242125904368944
-14.311131265481926 -12.119305062467381
-2.7816321774089134 -14.260483386784665
-0.8008873188359757 -1.7982400204325337
-3.578498132711532 7.357549598831913
5.080490576921323 8.262985866986988
9.125059743344856 13.161317448712701
6.72352021549718 7.21972024225983
-3.030363310079479 6.751516518435708
5.559238555089436 -5.129705337811316
-3.893936395592574 -10.91422413516324
-4.021653980941397 6.804403769934768
8.229218676662423 9.51496613023
-4.714859579566381 -10.854317346733273
-8.574822722089033 -12.58056946099034
-13.819071246864935 -12.872708457998542
12.89066871802287 0.4089552545215085
5.219907640571106 9.33185209043226
-8.864518896536332 -9.663818848604091
-13.839213094204739 16.73189528588791
0.3084463327694671 -4.095931965793882
-4.021992813019186 6.011708964131942
1.3397883449517032 4.968592566339915
-2.434891956933971 -13.662235302930842
-14.070051925891857 16.744469191941434
4.909574431491667 8.876356584923998
5.9457772407026965 -0.6053310065405668
-14.269273257094131 13.87013274149946
-9.873203581126075 12.179394405099357
-11.12742177932819 13.44180648449177
7.5203687727496416 6.536419243049537
-8.862914703320413 -12.1392162778806
-13.237998540915072 15.883367404582998
-7.119742565120028 -13.008421957113288
10.014848217683866 -1.9970674614834092
-13.174663287740215 13.365634037805592
-11.079755547964947 11.522704505739142
4.495614503076861 11.776641088222231
5.438360267860184 9.199052241004804
6.198737533078015 8.586959012166785
-11.866582526402386 15.394617369188907
13.936199234183743 6.129151001531209
-4.335692061620594 6.311397136538748
-6.17400067254259 8.996489633367261
-14.35331650266286 15.126016219094879
-12.688679274190656 12.272635547602171
4.267615696795085 7.310779911894603
-3.2143501426660603 6.03818564568923
-6.644239049837322 5.513332328906903
8.30079870602497 -2.2048949056160243
-10.312349740118789 -14.296146874268931
-3.8596308522807146 5.4166524899160535
-5.050497044289982 8.412350613639425
-5.910007738060358 6.633178921006447
-10.137456623431593 -12.06333664403732
-10.67644192681289 16.163890918249564
-9.173304729297998 -12.258514832955344
-8.250482663637436 -10.47543858953223
-10.790690580464231 3.3300268197392455
3.089151548670568 -0.22956125002549221
5.827821743774756 8.379266992182423
-5.448512605372974 7.496722238829814
-7.071184017083061 -10.69043873868711
-3.8463539302011287 -9.150052646084106
0.5806967363273756 9.18520247757342
-5.204754130504622 -11.29689137235534
-14.390953512772233 16.035110177735252
-11.28999270266054 -12.22295596797597
4.465056458191626 10.318936509504908
-8.767371766290683 -1.862219849017272
-3.485059980920928 7.245621051128099
-3.3907374181489813 -10.942441662995298
6.255749716456012 10.055231616100526
1.3550152420186876 -7.860550955528806
4.4936286631931255 12.43089721108015
5.882002960843152 9.329251993815285
-10.555942099263884 -10.20190858716148
6.055063264349525 7.653733736571488
5.4786986661547745 8.37449549814153
-14.905602173951655 14.141658419928078
5.4532280518096465 6.4415817274122205
-12.545707149291742 14.156021378904063
-2.086507733888599 -11.469321394230766
5.4939278115303445 8.21346382964954
-6.349215215617415 -13.763787760489658
1.1792853425273044 7.485217700378541
-2.746005419096635 12.23763849388758
-7.340858142257721 0.9132587513398107
-4.32249796638503 -14.078625088804179
-0.31844760992657495 -7.935240826728206
2.9056676987672234 9.242592736429398
-10.87313726337926 -12.346790320149555
10.429160860423728 -3.023084570968198
-9.889399939431689 -10.4415103543083
-5.903549956108205 9.072562499823402
-7.535024201784387 9.414045920695425
-0.2431592812476402 -11.493055290209817
12.173444812767723 7.219831162828957
10.61628923138134 3.161049422206183
-4.635909126376735 7.808452887922685
-10.521708942503027 -12.577990365236435
-2.784690148492251 -5.411265798349767
-1.3246962024027966 -8.260652950313592
-3.5268727372797306 -11.282800629484482
-14.221898157082599 13.396979044025247
-6.763959227949146 7.975241948371184
-12.809608183360526 13.14492260739351
-2.767484814161709 -12.401895793884869
-7.196962190902049 -11.620935072579124
6.2752086276008106 11.31203387476112
-8.427057116547394 -13.06994438948177
-8.694113065639016 -12.77746074864926
-14.809514317815522 16.562740278301437
-5.892558211182108 10.186019109154625
-14.482165136672245 13.32465622007878
-13.39187501615721 15.967195862416805
8.033843571053918 9.619839743107143
-7.821416083467128 -10.874425892598921
4.45493757602857 14.399011159176975
-3.688459389251462 8.666252166867231
-12.946672581963139 14.317264609768781
-6.107903368905561 -7.392818957098925
-1.3900878996730612 -9.358778035654073
3.7910396304008955 3.241310830729322
-14.66742821684903 -7.596489269356425
-2.8365419776621836 -10.312982611812995
-9.836732717025281 -10.774127063502538
-17.054548582460225 14.413296872423711
-14.637184168566543 5.002182691749823
-11.352170461389814 16.838000049667173
-3.855598633698154 6.136633648134136
-13.515551602237068 15.245782256918869
-3.826659411106056 7.206558985397239
-5.986168150081303 -13.065169644656562
-8.732758389847154 -11.678793354193665
-10.352791869407337 -12.730255266135217
-12.599382864205287 15.53235610726446
-9.424316703651769 -12.566164744020199
-9.111171809232173 -10.193510000788912
9.51885567133101 13.587170916324975
-14.472514259559908 15.895577003098607
-12.443172543304257 17.114884454796904
-5.091264579907317 5.172369294760109
-14.72447431165425 14.919088108674138
-9.719831065422738 -0.20079412433951482
-3.5511117389590376 -8.784192127074537
-5.009358651105062 -9.692059462609139
-3.6890625845221714 -10.6634470697702
-10.420113227292681 16.572432454092198
-5.830086497763297 9.81674825511131
0.6602837338862972 2.3437708686833787
8.23075446142144 13.687092085756465
-5.06323841151497 5.160951819153654
-13.495984581325905 13.205025554196808
-12.57334721903716 18.381371009322983
-8.18531858396124 12.571753807005106
-10.313672071589284 14.87631238551502
-10.180416363698319 -11.37218609595387
-2.374979136502312 -11.380089084766546
6.798236253906578 9.698548268925382
2.158993847296827 -14.861109426560994
-10.911454645192103 16.25649080871271
10.853843562191276 14.937428453000756
-14.179275759296045 16.630623341415376
4.047971858654807 7.93411749722009
-5.372172049076224 6.022725955216301
6.032891344159 7.169607062386005
6.052369194255684 7.712715606390182
-9.966541780213408 0.28620939745709606
5.039156534126688 10.646712574223065
-8.574140268756619 -11.617784116747702
-13.369000537394083 14.632583585478692
-3.840318720365433 10.21317960657407
6.079195756423272 8.721009907607796
2.720270653956784 10.109776213360561
2.3747182060840615 -7.1435781330049855
-7.270288040783677 -12.277985117548067
-13.976335598777139 16.72840190705119
-1.361686639953569 -10.753566349921975
6.56554562895555 10.643995215168598
12.626273037605607 -5.8319367243615226
-5.80687009943676 6.097647022600368
-4.613271201822996 7.910881600573851
-3.6124109095210564 8.21082740320196
7.069290655088608 5.14924140686802
-12.999119425058314 14.343410181562705
-9.051694029989942 -12.596489089632772
7.007732030381771 8.533229937595507
4.027645781728611 8.997952655923624
-4.846106189542971 5.6303141909246825
14.989994838714594 -12.9478288804885
7.666087006117426 2.2833984012871085
-8.725537854133247 -10.921746770391406
-3.530184986638374 8.265682338357514
-7.353094568997446 -11.926187524483701
5.283360302580358 12.047388384890082
-12.550121974487187 13.483124751075309
-12.932521316782688 16.911996269279683
4.72893571654325 8.261839892065272
-14.637059334348711 -7.649955039261451
11.033163955988663 1.3074854144331383
-11.463668481174103 13.587969692233735
-5.2475818208278975 8.267395459691365
-13.2614883932802 13.600719564011712
-10.26186645295645 14.77067043066491
-4.5060483313947035 -7.38275747659958
13.161523226768796 13.494308314939929
-4.258668213509013 -5.904566835361235
-14.124036645824376 14.693209680224534
-9.414440441352724 -9.63861726173781
-5.450841227196581 -12.570096101792453
-3.800261596177525 7.279940537621769
-9.844652832113457 -3.46359307944045
-14.94596985010391 15.854262093366824
-2.535534756974986 -10.693355805493505
5.9492781104299715 10.983055484660355
6.026181381109502 8.113803634807224
-5.48337427381494 -11.611257124075147
-6.465149579885585 6.274806284210083
1.233552185404136 -6.698024348562772
-6.315710615894371 -10.942807336705622
-5.693017176897923 1.936029316536839
-5.347281747868193 7.1211447575783104
-4.425896610284347 -8.694669370756177
-2.4698759817650267 14.87294234223431
6.752579539775988 10.402824318609325
-14.96935205295335 13.482421994425223
-11.8495864096664 11.089982189586024
-9.446561000821118 -9.475804265840981
6.8523220906074895 11.03469475186084
-13.125358450346855 14.104677203602899
-5.023545731253321 6.031285614374641
7.584607546265481 8.019874543318329
-5.419304136108167 -9.73241223958134
-12.33971203953437 14.538379323331133
-11.75796632206588 -4.652444250596327
6.910483646289384 8.284949958754082
0.48891155112793605 4.455555981527731
-14.018403507457142 12.759193932584713
-14.983272281964876 12.136297663263282
-7.3129492586734095 5.816868075695679
-6.58057088753903 -13.13823432126425
7.969054648506673 8.610787175838325
-10.633623594491425 13.703132327235073
-7.538898386983946 -12.61791503579612
-3.027321951369858 -12.517184039724249
-13.641210443266525 13.552786887847503
4.23212482014338 7.975205080093733
-1.7546216936153143 -13.271912650312379
-14.95875735368841 -1.7029473789525724
-7.830149493794638 -10.740318927094865
-9.194531117925917 -11.038479422959027
-14.91535091969093 14.238826327737359
-7.148824778909198 -12.265223325651663
-7.554639063174237 -11.902216219173704
-9.299181808540654 -9.210628887566973
-7.953114262271328 -13.854967443422456
-5.552621268694658 13.04615992009943
6.72271202033532 6.726277742687527
3.50547542273197 9.381256108323685
-1.9441107562776265 -10.712401524614144
-11.163763780868091 -12.449317850230695
-5.487128554630117 5.687577601080665
-5.907563742661474 11.177475097521626
-2.5214912108443652 13.235327984925057
6.535427191036131 -13.291417293402048
4.022692149789497 11.705800478112913
3.6006435523783384 10.423400758173212
-3.660920372353983 2.36443246684194
-7.805546756736439 -12.634793799750963
-11.189068932098374 -9.50794125387516
-9.31533019546626 -12.717094801745098
4.386632788245026 6.919802927585364
5.481748930145538 8.569336886607264
-8.252223043373307 -11.802760094567029
8.10449884554128 -8.472919818957264
-11.045695902340205 13.692925443532282
-0.31851540987938165 -12.351379876230752
-12.684218246418407 13.434907413695253
13.703920265800175 -9.353575062934716
-12.990633486891733 15.76220153891991
-9.860843012928918 -1.2771268311321027
4.384932726669575 10.396932679068692
0.33433303473483544 -13.952469983258558
4.104675370106324 8.295580090454964
-8.256559248757682 10.160087168949035
9.258890084247849 11.37098846243846
4.981638965051868 -9.433628116603007
-14.803823721165319 -11.378410054538634
-14.956837673467666 13.28344356234511
-4.068478701434736 -12.909677665377508
4.396135741263905 10.152123908706272
-14.547216750153723 14.436253500365414
-12.52070659659488 -1.1266559882500626
10.051903151362442 -9.288706861813585
-2.543634421880757 -1.3210216177750915
-14.811888049228195 15.124176425204865
-6.832774187008763 10.543280879073563
-3.4526877737437376 -8.47281519908834
-0.5565061414548982 -11.293924185123787
-6.425400309589653 6.264465168255421
-9.149547874947192 -8.538042184036001
0.3723887507035908 10.002965971140817
0.48422290330167606 -2.6694735405394834
-3.6463080077980123 -9.25113964986765
3.341314415788247 7.299075236948322
5.30378787184344 13.610358627569532
-12.3614079839633 16.06419294530068
-8.255923350610807 -13.743857268686876
1.451418108839544 0.9803489267403194
-13.619555896607823 15.375085606600795
-6.555166585483565 -10.9995175711436
14.469873715930976 1.6649209079329133
8.02335553074414 14.407971561563738
-4.600386576276023 6.603553173652662
-7.44606733614422 8.968235818503672
-13.331920603775869 15.07407867668407
-9.721001912709392 -10.795269588274689
-6.167092093315922 -10.22744367191886
-9.885464351259383 3.553675269095322
6.384905506096389 11.582596859633677
-6.179336425416872 8.803167689890852
-7.56147431384416 -10.691516440734661
-10.073222036515915 -9.472584510430162
-1.7978009562699808 -9.248107218980827
-1.2079972442069749 -10.246831320474348
1.8919475535523498 8.81353605711394
-7.551569616313457 -10.85579720479834
5.695424488594817 7.743793768848845
8.356384344718743 9.697360488393171
-12.2088735002903 -1.142357982415156
-4.764843914934572 8.825869789451982
6.373064553623156 11.204269779973862
-13.471241002569137 7.048817053104504
-5.523257687697902 7.852638899367344
-3.3926691069309483 -8.25462369612753
-0.8664331691615046 -10.460341031215751
-12.54608373703858 2.135568032227372
6.836779772978383 7.4612169368375785
10.753235877930106 6.5792165205744695
-13.951542556377717 6.358951695748882
-13.840812564553044 4.708063670395539
2.992810805013402 -5.955029320768201
-13.081386034793429 15.010767322905053
-1.9995580828566548 -9.273703189457834
-14.508448981494238 12.11350568119579
-8.94934613637775 -10.274755323618592
-15.5216951031423 13.416384880052291
-9.803267204202339 -11.18615639501289
6.104456770992253 8.677340407528199
-11.899842474460941 15.546939878564292
-6.213417662553707 7.034778153325585
-5.218434929462232 8.162879261712865
11.221628767966191 -14.969749595011349
6.373206056258983 -14.178383629208168
7.224285033294585 8.260183471322996
-4.297019740503828 6.313012952163405
-5.458631232199817 5.393966598240267
-4.58609831544563 7.940497356690065
-11.852582340476939 14.980140316924192
-11.250700865201976 8.917677212259983
9.687857795828052 -14.300497317405084
-3.1080634238586295 -10.707050227092259
-12.795605856081124 12.304991710190027
11.344283219588931 -8.509723696052427
-7.368798896461386 -10.451704892071557
2.0526263217936673 -5.00098415332854
-11.409866432952665 13.86965937137835
-13.25265383950475 16.851613397379502
-3.9326824602968 6.384916341846996
6.024569143753805 9.0830262860913
-13.211689166674471 13.391211851621549
4.058729213850603 8.535424244827032
-9.674343882892073 -10.031566176836971
-5.594840241493133 -0.8047064558878265
-13.641472862851508 13.72793102331806
-11.730888880074014 12.716451858412011
-0.9496777048825908 4.615343312758593
-11.95241521616442 0.45073950415910247
7.4775704888455525 8.964844783922654
-4.772013870353769 -1.9971021080723332
-9.723196045560455 -10.649909059800242
5.381634365823641 11.724174321133372
-6.40574583767295 9.049935036462998
7.76038141340004 -8.275508439216987
-3.288112212090846 14.561678306587975
-4.19413512380826 -9.499162111860006
2.1629749654454606 -8.421442249766454
-12.256329403347163 16.212850301171652
13.865438383381445 10.676652430105058
7.203518596530442 8.0265555863575
5.157736698394515 11.019887919902233
-5.273082486828147 8.654381340936148
-4.526594170790513 -9.893924887729554
-9.781644048106116 -9.77303741622153
11.639065036801814 2.983016361650982
-14.134360991002419 -12.266605189237584
-10.589887473776962 -12.972838856672158
-2.729274623846753 -11.605750181551647
-1.6951070653561469 -11.646321111249954
-8.888739376776197 -11.312221377208807
-3.3075004429952237 -10.459675753176134
-5.75609956814575 -12.176798958536112
-9.081253317317 -11.210481704812135
-12.667866193496137 14.3679670471535
-8.124268668321095 5.544146375633257
-13.37358242768876 4.670167290033877
-2.473805365123823 7.863830172121281
-5.877636989490047 4.913103752407727
-6.582322936396877 7.565623848610564
-1.7369055111563574 -11.04451837795935
-9.132274873389704 -12.115668627850976
-11.79789028356275 -14.066046965567487
-11.260966342609091 17.06674671031802
9.256483242599476 8.561666595089111
-3.1310819455658763 -8.964326706483046
8.635662302881844 3.580747530647365
-14.46328855770738 13.948062902593254
-8.647782048690274 -4.039207208752572
4.217873209956823 11.398580278786794
-13.291528331925484 10.048201798322243
-13.392463750823243 17.472777389043188
-12.370850215372105 12.76494752186518
-1.452304444010295 -10.241104142577445
-1.3085041941047693 -11.853805175697198
-6.040063116046955 -12.778882667038962
-4.910237642575655 -12.073775178785597
3.805683821855886 9.565131463019327
-5.285947891214248 7.287006148543874
10.221931585398337 4.090049105890365
-8.80418164090438 -12.23623110458342
-8.41442601245985 -14.539696621489096
4.576348052819905 6.794882180860327
3.122417601288788 -4.270134814779945
5.449464760742424 11.112085526785513
-4.743120146455027 -10.182287473576713
-6.137955791242431 9.28779018096913
-7.859964477553266 -9.44013842807027
-1.5386697405419487 9.34738619130804
-4.461537950821503 -11.209860293793266
-15.713590357505888 16.436355222782105
-4.74030637475636 -9.617428483874184
6.260414971416926 7.177722691695025
-6.090483981705048 6.491357068971678
-8.550308660865857 -13.126187783495762
13.874022406831159 6.10629828160646
-12.73663638534272 -11.26048744690939
-5.826556721057212 6.771521113818156
3.364335364038192 8.881870491836187
-13.638362920974183 15.55173508119528
7.036456006308793 11.247807878420671
-7.554087635333519 -9.681974124673307
-14.23582490385627 -4.262078896656101
-7.112584334296625 -12.554235017733504
1.5081632793513213 -11.897657968834736
14.06691942221952 -2.122500534357828
-2.51294756409911 -13.58250683393867
2.814748815273736 9.899873106196097
-4.221069781325852 -9.797791703829851
9.228786275472576 -10.935141977647554
-2.7258598572188864 6.59870853433883
5.159871018726967 -14.902856604324924
-1.8422910591289348 -13.936634461723331
-6.266428880172469 -9.122726256068361
-7.2669279180748365 -9.940368506007452
-3.1955333281843 -11.028346631518142
6.437767118465088 8.126806534969468
-5.247155515408862 -12.000493248605123
12.518994010229516 7.555855857132148
6.40180335315597 9.72425352454062
-5.676516361817535 7.429535513106189
5.747701744220612 9.915694117565018
-1.0097918185449575 -9.70991397547798
-12.418995349731043 14.98439765152006
-1.4377752907200365 -12.972874059363589
5.995609414729469 9.359102279699977
4.212125341910303 9.629416804349647
5.334407636645575 8.22102498493059
6.613684485240125 7.1264563354341535
9.528093872993715 6.8859004161118165
-7.197712842920145 4.090298008147556
-13.200167182969283 15.157084886751353
-7.089301470358569 -11.439042995215583
-8.783302067582587 -10.687714501922875
-8.437342526523839 -12.131469510278052
6.106274513721403 10.605311250786519
-9.163632429596754 -10.386212405041984
4.834000450980184 -13.634806075680151
-12.401014253862714 13.625487809894736
-2.6726833838997326 -9.640300836657998
-10.59055929724504 -1.6569052321021918
-4.5423935151258945 6.921286868542549
-11.913574983030106 -10.015045523136935
-1.899748253932782 -10.779340448529705
-4.104616971685434 -0.21741599178060866
5.807393775640179 14.802704756069318
-14.335500926308178 15.14011059573701
-14.290510736912664 15.355112253646123
-8.611043076176333 -9.50825156433536
-7.359770903298472 -10.94920483504811
-7.882997246632336 -12.008957607346893
-11.54508445805941 -13.7343504743299
-5.365966715294895 7.059159730486215
-13.017717740947788 11.424158527420424
-4.3427873130470935 7.625224256979697
-7.11643857627327 7.402673426696114
-10.693992811617226 -11.822961831120569
11.166663696372293 3.297569881839749
-0.5398636607880882 -9.444731590979123
-2.3998623101781633 10.159795203600087
-0.8476068704123065 4.959361430751208
-6.825350872982109 7.787628323811614
-5.294417064687536 6.6475570226057945
-3.3679399614511727 5.703279580860532
-8.090580041335365 -13.107724486872664
-14.158977277953786 13.057886888323868
-13.041247656288055 11.923489701073606
3.526981463061091 9.939231566976273
5.587083798939784 9.873195155417438
-1.595016972208631 -10.537780975218949
-2.4533935781908847 -11.249544406209514
-8.877104716936179 -10.95516531012737
-6.842527112633224 8.002610516269506
-8.093918603954277 -11.82211362881589
5.8815342996248665 9.077154298017822
14.221639011473393 6.450182253462856
-3.1161092991483823 7.118784997407632
-11.048397509838903 8.19518103847517
-9.176486414625867 -1.1600076566357345
-2.082795990415194 6.758005548483345
-6.224658095965053 10.950354589017621
9.419405020411505 8.019627267082612
8.857541021550833 -6.782957336480319
3.866043554579705 7.97524416500638
-15.611988047498766 14.494736414942436
-1.9537034646169626 -2.013712715080832
-8.483786685642244 -13.640307240097428
6.6011734293255735 8.803751229782852
-11.526377093839475 13.253914533081538
6.306097424949657 9.515463225101858
-3.795184810280469 6.123926082335919
-14.994879326120463 13.277351511414436
-11.483467918600468 13.613312179394741
-8.781548851817558 -11.44484091873614
1.0654908234935725 4.312311881200518
-11.88623526194467 16.34854356819887
2.6853282689199736 9.22716671822638
-11.726858556072612 13.169251949797665
-7.434353289820692 7.2902670716210585
1.381164360704374 9.572822307219248
-14.819624264769715 15.103731676856007
0.04809505936134428 -10.836444189307434
5.925834356403396 2.0405426188012896
-5.331258971506751 7.806259292190587
3.875564706198146 8.815711306138262
-9.628247624685029 -12.427344471738836
-8.985542721379904 -13.57959651734385
-9.0128928845794 -11.357243398182561
-7.842179990441207 10.997763828692051
2.0405050420797854 9.06528726859079
-4.854732686376757 7.980597452432889
-6.928555838844282 -9.508419279275813
-3.9607667061921603 -10.668575576868363
-3.9009271031757917 -11.435885333021517
0.6386047530449304 -7.160194425032707
-13.18606806611095 14.221973849688132
-13.60563013690746 17.625775028147697
4.613121582800743 9.089740701810578
4.4404741243751795 8.752068034786943
6.052413367991819 6.3249239481006185
-15.71340439056224 14.076977475504378
-4.626435969581891 -12.167577458782535
-10.623715651174045 13.864078339280512
6.892577016450823 10.319314934091713
-3.8254937410001717 -11.619658867406674
-3.7775127315052455 -11.286933866152745
-12.59101076833856 17.293809764392222
-1.2592311026769547 -11.697668366345955
-1.4925256844955301 -8.121967570129499
-4.259572598787479 -10.906878352699522
-4.648181121985712 6.920680316150587
-4.653075881366557 5.062832515075435
-11.704400512954635 12.260357450412258
-11.034812419857701 13.681284011251304
12.179329602340605 7.391034253718377
-14.509342605729938 3.222622877344161
11.871242066508461 -2.838466845614846
-6.86155253811667 -14.279078446083172
-5.726679365558449 6.849666840124919
-1.9938769787123354 8.005837942806522
-14.180177458198436 12.691994553173972
-6.524169277421328 6.936957082127592
-4.471895067387783 -7.850009131339158
-9.532485886314214 -11.302356387281435
-12.136872057750896 14.184134953169279
-7.940418550018255 8.660818158348649
-5.932871512958144 7.077487200649909
-15.293917841955018 14.77365801510489
-12.035179849146079 13.917574231645718
-9.697971224762014 -11.892889178875073
-10.643914671429373 -12.927133594108309
-12.127681272352696 13.718879163720459
-3.6569816926188627 -8.132476558861379
-5.861192420230849 8.733128806947153
-10.12183363064321 -11.243956559067367
6.0582281907770605 7.335494205191828
8.217006304109784 7.857745803001416
-0.17157936714315802 -2.6868642679925703
6.2556546675392095 13.069537986873883
-5.171679921324287 5.19231980904722
-11.606567091390447 15.127377480581725
10.530116332437057 12.490409743164406
6.620428279825944 7.205626557044073
3.4100269218120784 8.742081892691536
3.4398270392307486 9.358994045295022
-11.765633896447756 -1.7360749853469404
-13.816096783178285 -8.735386510725915
5.518605458080145 10.684887956923301
-8.839806750696365 -9.593059408360894
-10.580346022011984 -9.510325321064183
-6.022590351648805 10.455437444793915
-4.0145710521701075 4.346268972039562
8.264131316197311 -12.262383106710617
-10.146361593070772 -10.949594435386985
-12.598237710940646 15.197871484597686
-7.9049928768360544 -10.344474000135444
12.063278082142801 -2.1182714444520716
4.666857076954564 9.499585887333176
-6.182099929717877 7.86453725944666
-2.926861312873982 -15.259784248560184
7.578248487601197 6.913349974047332
-3.9979227521842793 -11.89027805961501
-11.74771588509148 16.06808713226984
-13.759538521254026 14.258598263891674
-13.623158138676775 12.87505686118924
-14.451782581659522 14.172359758106426
0.861488334164271 1.0187342794108005
-9.465525627536415 -10.587345372273454
-3.9404143733251464 -14.128584372690055
7.634529887397353 1.1053291687727125
-5.280659749763601 10.29933507807349
9.414869158353142 0.24781227959519825
-7.705328521635632 -10.193931021378146
-12.053194740888472 16.87194405665562
-4.640724917563707 6.5314385384955855
-12.34908855429173 15.499615593452718
-4.751546802977045 -11.96419703114665
-7.9794166695476285 9.708659729095217
2.8770528386748686 6.463547176837215
7.330920810143963 10.927354176518577
-4.388743019863329 -12.260308157785174
-3.8164893831938382 13.89703877694999
13.77328176784668 -13.509298513698758
-8.081752590176471 3.110537021719889
6.169458050399057 9.549893126877228
14.259140101719243 -1.7443926917799821
-14.038812380757935 15.096376225922437
-4.772490906929147 -9.685139388975296
-4.713169441434214 -9.159319150970344
8.971661780356715 -1.461662429214277
-1.870001838613248 -9.78976742646829
-11.566146094817075 3.4411587612459655
1.17640232145353 0.7219429410900009
-6.818177312956216 -10.187489699971822
-6.057114709835125 -12.063955617726437
-5.502529854160773 -12.063523325278894
-4.339075959573244 -9.094888244913372
2.9026159876748694 8.113181651433333
14.651110545130763 -8.490370004651048
-4.569465840777557 -11.869404683869426
-8.592477325966811 -13.126499292329324
3.040310684759099 4.570751371157243
-9.817101339750032 -11.160571202387864
-6.802715458104457 6.14379240030186
-9.822917026954308 -5.598811411060508
-1.3229523359512065 -10.363169843044485
0.7339418214397639 14.229997036920746
-0.45913392039422973 6.2274347102744265
-8.280377730411857 -13.16924553888902
-12.164799131139041 12.589697003375239
6.85062427506754 8.791838561606903
-6.910657012285787 6.391294863787751
-13.56287224205073 14.50984797112896
-8.030263817393312 -13.980300496588889
-12.424532708289087 13.448978670236624
-3.6971069523522093 6.5836684466744115
-8.074627939950402 -13.882470294688874
-13.79292390983754 14.866918271087483
-11.410285075011478 16.131118614599227
-2.543790099872551 -11.735318947980563
-8.40008828750141 -9.008880129682636
-4.310135866103798 -11.79591348852766
-10.847545352504085 -11.025687622203867
0.3827979610845098 2.3610204760626807
-6.425700706431718 7.531994674561057
-3.2791509969429424 7.746368386512055
-9.643627446368146 16.015893746218826
-13.555580075466242 14.37866906726943
-12.476606789743455 14.966026366668132
8.044415868215616 -7.8082777911795755
-2.6170972415204257 5.943995019615092
-7.154521831288248 -11.058823931143094
-3.853951144500348 6.1635239766812235
-2.5150547059662287 -10.666752556580667
-4.67760745205425 5.093657664599283
5.181798492833014 8.750918637290798
13.329681646811803 -0.32914340847325363
-2.282684076287978 -9.243843431713623
3.7998178728046668 8.934974385005352
-4.254814926449528 8.01160951713514
-2.3786683614353414 -12.114747501651761
-4.611589957611976 10.243498373753871
-7.641217126986901 -9.911056842859946
-14.774536468862673 15.963425978236662
-1.5699730991984235 -10.54923987746301
-5.613393009479818 7.779312978918506
-12.57357826088421 10.833903945078283
-17.282093981993594 15.583128232709988
-6.252445687911295 -10.447801567051387
-4.8576658941309825 6.05261892779742
-5.727999702345546 -12.180615858349901
-1.8229731015302393 -11.974523907374682
-4.509143196476347 9.280559611343808
8.951691732811867 -7.291751757785152
6.622905084503522 7.195071536753169
-0.6341509977534177 -10.810505216964994
-14.308592512395954 5.799555827108971
-12.806948619664066 12.97727988249743
-11.518934462487577 -3.8447009148764586
-3.2002386571644372 0.7689789321674461
-9.843507295860922 -13.903643497806172
-14.037045923506385 13.576716121058322
-11.794602999198066 -12.877539568091244
-11.71619665665333 -8.984404917953102
1.8467990209899732 -13.590298410328463
-6.494169753166615 -1.0699900699597222
6.181891259357193 11.639364928077098
8.286547022320363 8.379481170680332
8.337546596293755 12.067090961116499
-13.945237096794378 -0.36115904179877134
-15.848684907020697 14.608994926050338
-8.821631923072276 -12.373656146538224
-11.402008635809251 14.134852792888324
-13.54789219657983 16.642413269514662
-1.456772021059427 -0.43047286351321823
4.288534447592715 5.950079221721932
-4.974455291541666 -10.79079282961455
3.27353338826347 9.114095861560703
-8.853860160385082 -11.92057211657809
7.821709623144447 8.568534542021041
-3.399125715626977 9.485873514039397
-9.47509345800864 -12.80973120169942
-6.398272616585173 -12.312114856480783
-6.18936002775942 9.408938558817797
-9.253158915079005 -12.12000476133388
-7.952748122027674 14.741441353791462
-15.752384010054229 14.763291652564709
8.032154455545346 8.470656227245547
-2.736449411012036 -11.143658992417196
-12.437936699820344 -14.079589654061241
2.033193893019714 -6.043039762848098
-1.1522941229606896 -13.489879878641805
-13.34392352845024 14.050021246233907
-10.888145141567396 15.920385961751418
5.0156041762965735 8.323984258713573
-2.6733123751775647 5.520289386552204
-3.521981350600755 -12.540764944165234
-6.1414971416314454 9.829128819171316
-9.169686390399338 -12.72633232143943
12.43993905308215 -4.364479672146009
-4.731705907787898 -4.490022217891285
-13.20117398121246 14.308664539106637
3.4334789283079985 5.012041724266169
9.529497866344382 4.875860250562912
-3.5754481141684495 -9.88815309962589
-2.1240595200131334 -8.9462553766623
-8.878535503468282 -13.562349472691857
-13.66480471617772 14.868312746416043
-0.7109625991338344 0.5359779386304826
-4.0119382564818125 4.214820626449747
-1.7417675305952809 -12.686826664663121
-9.703866743262592 -10.867026854192286
-7.104569543650074 6.743376624486764
-4.8404405403789905 -8.367837336681578
-5.952581976978082 5.792061475102519
5.640515236294733 9.671629761466509
-13.035597318903998 14.149319512786287
3.61227438411466 10.558519163860062
4.3906950271701355 8.902914882147904
4.919531364967236 8.542579267141166
-3.0784145675716186 -12.444308332612371
-4.34969179461533 -11.372600467760172
-2.7785364469453846 13.450061297073656
1.0135023734330488 -13.701439976489137
-8.767390549497197 -11.432004264526968
-10.800512328176879 14.82233618140979
4.881482669930828 9.002266679562455
-6.330841563777051 -7.385248294059819
-6.67152107730925 -10.564267530751728
-4.118206572762249 7.894146708052932
-2.7779600030681277 -13.210831963007209
-9.768367424165522 3.3686986437321664
-4.627117054324767 7.9519896331236835
2.6922224657459743 -9.51270703152687
-1.4372120790129328 -11.939728082225889
-5.133219462887235 9.366322783775631
-2.543780241980104 -13.39224795265837
-12.472724545663194 14.00872176509382
-1.8987009059800488 -9.454763550459894
-3.561210023804694 -9.010060956056876
10.974975781816749 8.173141216676413
-7.431809542946606 -9.736562310732575
-8.058104273038593 -11.541275681723615
-4.925298165135906 7.466355553904114
-13.885754538364944 13.531693088444678
-13.526445768788184 15.8168869786802
-7.6691178852373145 4.931861269174018
6.42405636210958 9.415370961927929
-2.6326565898110594 -8.245535061660103
-6.9208998396409385 6.171555292285503
-4.8212205639862455 8.480724540484955
-8.533345872783029 -9.989553831408951
-9.774211544790218 -9.869714450242839
-4.837161526793102 -12.23340844108285
-0.4618242512248987 13.433924007841462
6.832325112168981 -8.896197775932034
-12.617509259663558 15.33496166583837
-2.187867797391031 -13.253731688551495
-12.364222212174788 13.176844925303048
3.409204799018977 7.5025767751457
-13.316727176953565 16.850208900858423
-8.57564379992684 -14.08396911362787
-13.977039453694623 13.07109360178243
-13.576526960772807 12.86109349410018
7.373580172895085 -11.818663607956378
-4.722777970680067 5.478274999997588
-5.584496545319199 0.07004713561264886
-14.924406534017585 -10.25277361712923
-6.491969871821473 6.8076827679802685
5.627306462982292 8.73294467944352
4.372468597859532 11.824234633586652
-5.62507987784472 5.931392502701689
2.9398547636884693 -4.167307344376503
-9.235777871146626 -10.065943898321954
-2.515653868222313 -14.354063826052979
-5.762791704099406 -13.579081056431441
-3.148588526176026 6.582631129410254
4.770537184083802 6.612145986043394
5.35290458571604 3.6524143397967705
10.696099950872089 2.6277200378190813
6.229189344138939 6.884450534325077
-3.601564404649716 6.9731549713289045
-5.326862999122305 -10.869794264177992
3.9206142725048974 7.832809885297565
9.921356035689989 7.297075134507452
5.863730838695793 8.289883395783196
5.334454765382038 10.166124745620685
-7.149031226146727 6.63223279758107
-1.4978889195314666 -12.104092638099841
4.73250064125523 8.411684667172365
6.492258676621944 9.027075616315447
5.697188637477762 -6.641747185569484
2.1314410103996053 6.025100129094163
6.662096475322292 10.317747447383239
0.7900326603645915 4.958106262264547
-5.634427038837326 6.797340820154087
-14.551653284067218 13.449503171196252
-8.783524112549383 -12.893417299793633
-15.123593866015023 13.412055427454295
-2.568472425881515 3.2448095215265864
-13.241660093873367 13.989778437521402
-8.92312182665833 -12.725147447365028
-2.8568045208787582 -11.621837994372534
-12.306113597561552 16.489052946938926
-5.66173564908642 -11.691970903503467
-14.937032439345915 12.410127735749516
8.353790921564194 -9.01543039545396
6.322135595864828 9.049393113736848
-13.525333612553208 11.494567640471459
-2.2220290130521256 9.402772843167755
-13.432095693875713 13.049834397667317
-4.574761563027871 5.951530963983185
10.15055234165147 -10.108756350876382
12.05965798232365 12.121235822274514
-4.852168953718958 8.630210675868009
13.969287747232592 -11.949067694661906
-8.360330276757683 -12.502182410466691
-6.592594449895137 8.351410035370586
-8.971605425385022 -12.814511635099546
-3.0715979194279672 -10.786792285891854
-2.531491909623905 -9.517302858177873
-2.7098210439169366 -9.62077118697278
3.3993268329160635 9.949810206422281
-2.581440404810795 -10.808853275071057
-3.6791450993459174 6.996184310928152
-6.109006695326679 -9.798840481559656
5.574439065488253 -6.494820751098882
0.37373417387865615 -1.797953904137211
5.753961737161279 7.566058081070809
10.823178816191351 13.304313354737221
-15.531562909163533 15.908689533778062
-4.928431122732704 -10.707412686722282
6.1867557532479935 9.464095616126919
-8.416941444418919 -10.194955161653965
5.5555539757276255 9.17885358396549
5.649693171634556 -6.544256514890231
-1.4007152186297211 -11.55119876404781
5.065839951790777 10.364665624528051
-4.146794523726179 9.271029134961426
-1.72960939161894 6.953215581232604
-8.40607206634423 -11.822106015326693
5.445669459715114 10.316956326720893
-14.14509458590093 14.73496041340795
-2.1771321916113777 -11.471982238425431
-1.6197375619959473 -4.419269186327501
-2.9298464419955286 -9.666245663770768
2.8327176647450756 10.541972835490768
-16.74669226184607 14.065889677132967
-7.341061258990787 7.545805394214168
12.05592912158572 7.447321739984098
-6.189939603320663 6.718557676566627
-4.197497228309557 7.623599956849999
6.4912284828140105 11.914774033111076
5.977661863510458 10.08401691703274
-4.419719875609722 7.547473313475888
-10.178858501745584 15.040052009313872
5.075191627347753 7.587588038961849
-4.06754152278177 10.3511482293138
-7.9874460131798095 -13.799267751028006
-13.877878825248168 15.658615010672932
-17.637471952972795 13.41910049738519
-3.4964165313045346 -10.254803741680217
-8.79375035731412 -13.101678007858037
-1.4738192610020202 -12.520045652943633
-8.420848708147105 -13.211295796642537
-5.806017440604631 7.474415527694504
-12.754450842086895 16.29209725627048
14.866038121797732 14.743581591553962
5.4385186856059775 13.716210959750004
6.605005180155196 7.982304556870092
-3.2862635346770728 -9.973617336771925
5.902051271566719 8.820781029861937
-10.939044653377069 13.930716712870096
-14.017035238591948 16.62313319727857
-0.7787252642130642 -11.00187351366729
-8.572822032799435 -12.954698984771559
-12.186407038708099 15.398514547871848
-11.100640495809657 15.243235407375211
-3.59425991613643 -1.8233621733312315
-12.052787439933532 14.023735313629555
-4.649111273738566 -11.91381125557729
12.037524548877066 -7.867460538066016
-3.7594073314002965 -11.628588865059815
-8.69010604674171 -10.908421893016348
-7.898256158467111 7.897720994360341
-12.30466036842396 -6.618518233236884
5.7330565074672215 10.544637616208256
1.8131884979786372 9.298768105320988
-7.413600688205303 -12.05081827156828
8.85640736869924 8.046200195427067
4.9774246313259285 9.107338573056271
-14.305807319562774 13.94946163224498
-6.959315625467025 6.424662433807494
-11.433437531162129 -12.41093001436201
6.01317299826832 11.130810057821382
6.548449541496364 10.300540682064764
-4.92695642488809 -13.122403030381477
8.370132154348903 9.96228753038821
6.933109223669787 5.826048630883064
-9.856589266702498 -10.094625156780806
2.0923724467830125 9.892516666810163
-10.453049114349778 0.5380693331929685
-1.1021500524921701 -10.236039600223338
2.9010235693021733 9.924088588733811
-9.734230250249214 -12.361725234117943
-8.696767589628669 -11.364853617240716
4.427194982455379 14.81457230030215
-5.167845373735963 -15.027100805420808
-8.70883659831753 6.461134126378871
5.1829232509999565 8.210985374282515
-7.65414456491769 6.765902678207469
-10.639427150961053 -6.1109249649862
-10.920808327617916 -11.31156697138547
-7.07086652363267 -12.15361798907378
5.087768832663702 10.793759267485784
4.882970866189359 9.360766349571755
-6.58745305505998 8.77144842573584
-2.375884699867867 7.06108513738248
4.384267932038171 1.0674340122289365
-2.9167617437886557 -11.873389535481234
-5.526988548674535 5.589828680573099
-2.1776221337865325 -13.753359036451984
14.602161868181106 0.9067989458349075
4.618864999624151 7.878063745345175
-9.362933177041185 -0.11832321979351335
3.06372790254823 11.77031396888541
-7.023042895038452 -13.30513814882954
-8.712552521208464 -10.547799719174538
4.687499472442163 -2.829291206299672
-12.35031148970382 13.24259462559442
-13.777590734434268 -4.245267436968117
-2.5958931827782723 8.43896443766917
-13.322988975796717 15.067371121981212
-3.8177638610975464 -4.621612530183739
-9.579572074866343 -15.352314958513
-3.984451314785301 7.361014389672352
-4.213849304212629 -10.51956379906926
-8.00263723344134 -9.028123913105208
-2.5480390006898936 -9.735205756020068
4.844940704394432 -7.107261911415792
-7.253455779363294 -14.439526524639177
-2.4553579636049463 0.10801199818462415
-7.2073519300247 7.678492047172518
2.61244364738927 -1.7983409231724448
-2.720288820454158 7.7568384067268905
2.3368706221007187 -7.737494272822994
-6.881786169601023 -9.094151903607411
-10.194404947916746 -11.243576216605174
-10.715666011151072 -10.865278752715472
-7.538313526384989 -13.77767483935698
-14.795801837713597 15.653526741397139
-14.841877006052911 15.986330436644545
-7.793694045275409 -4.919924962801442
-13.238340471558296 13.030907301283467
-5.052512220808551 -11.186851549980446
-13.538104524967007 16.02188546551792
-5.369950873802716 5.9425020532644925
-3.8209737827079078 1.0384131880002485
10.914537829896574 -13.406018650581828
-0.30198428033028124 -11.979338323693543
-12.479368334533232 -7.554980658478502
13.436771532794445 -10.257881082609622
-13.960866941928233 14.45105531617587
-3.85052568438375 4.707870789546955
-10.180614267344291 2.350687027566945
-4.419804681420487 6.734819264203945
-8.085880855942149 5.635944855267114
-11.868501856274282 14.758771931790923
13.056764897620532 5.946540376820167
-4.711899688994379 6.131637239951928
-0.8840965582388796 -12.710584208544931
6.995158820567836 7.997164939312475
6.831913110121789 -14.595508029368322
-13.188729938424819 13.715486623535861
-1.4329370406064776 -8.121858271816862
-5.521955032404925 6.400036085842372
4.574310699433143 9.143008191224967
-12.532209704225613 13.2323207037638
-11.606448299683683 -11.395384892719125
7.797058211665152 7.677521642940434
-1.0629551466880915 -5.464728351643911
-1.750513479010192 -11.395535772302157
-8.876954438590072 -11.402778694580318
-11.890361612924035 15.373186608363879
4.717162420442453 8.573171146194676
3.216028451735145 -11.177783522513995
5.245966887619467 -7.376591941092969
-13.954996552870979 16.24452079004189
-11.736284827719507 17.396630997121058
7.1677125444007785 9.455004969090119
-13.235295414159179 13.803533168398367
-6.176893073918004 8.604100848025588
4.494128627881819 8.055759664101664
-5.529620184075861 8.90043971935896
-3.053713356121814 4.325897607678246
6.31060035037827 11.033295854610223
4.361331977435743 -14.336709378010886
-13.059243956832466 -1.2706572739393849
-14.775157874107196 15.934150536630737
-8.588689597115783 -11.265936225594142
-5.176724722395333 8.216831127094615
-4.906357478191925 7.074448730750188
3.2743831426480305 -5.929671379095279
-13.660528447706389 12.797306553501906
-5.130101311550373 -11.175409541054158
-6.871525553003847 5.3162123868631195
11.529515901207837 -12.517696640766935
6.025672748766702 -12.478838762301182
-9.772918307392322 -10.443735197999239
-4.579966272715801 -9.972277631979303
-13.17475291601281 12.189151586374289
-6.443362151450012 8.461375224386098
-10.72180712902231 13.045335087628565
-3.589827628348431 7.87552283262373
4.3568158314233365 0.05063281767311345
-6.1162297842374205 -5.953789927786133
-7.86852766739803 -13.211739866458757
-4.558225164426679 -10.644216955804817
4.281796588227974 8.405545842946113
-2.8349447083896817 8.004616288688606
3.9045352701976985 8.622617508634432
6.723792170723491 8.518730248511277
-9.340600842023193 -11.66309207864007
-10.285061841212347 -10.465313951091417
-3.8341763164544096 -11.386797385912548
-10.348758757081029 -3.1197392088391265
6.568286850555399 8.620853039862162
6.7254596754847515 10.685572959391653
0.16877657080477793 -9.01132053837092
-13.04444431273022 13.4866203271776
-13.233236944101867 15.838041843078381
7.415244596977056 9.012101098123114
-11.8952640671563 13.49165271970876
-8.207278946058619 11.350404489733762
-6.677741051366694 8.611317673127225
-8.188257568887666 -13.455254973380622
-3.3396595862963387 -11.73517986355128
-12.777926269810106 13.997646052538075
-13.709144797151723 17.026917419743157
-14.115876054118146 -7.679539621986665
-3.320833075098651 -12.027464045307514
-11.360770224787574 -12.665567391678122
-1.9114007015103986 -0.36918156619064746
3.339700042457225 6.349163398825014
-6.606181887903217 5.638168116702037
-8.90000225323239 -11.042468663271599
-3.1032625990299483 9.178920782534473
6.062081579835802 6.3163658691533
-4.125152635313784 10.527237839553397
-16.030064277759948 14.422763750625007
6.789904820372667 10.065185138429253
5.288079827429018 9.63458878258667
4.928164540031507 8.602792971796049
8.430898296455283 -14.33469825852886
-3.078879216305098 -13.988224084842791
-2.662565010373566 8.037523102164773
-14.189068135705774 14.662975545538568
-3.2913448923194095 9.26021264065718
-4.73654240141525 8.793706998339232
-6.987960672221133 4.865584610114788
5.8030666089999245 6.697464570027352
-1.5580785776109587 -12.11916972485409
3.6490693702702863 10.260706509759661
-1.4763914602490644 -12.004478645963793
-14.00913449846028 14.567729028223322
-12.272846053985855 14.452392702323264
-9.546368598972936 2.814715979500985
-6.315370496437243 8.935586518547304
-3.771302999452335 8.922188518835059
-7.123409415948016 -9.37205613480791
11.526221697525017 -13.065746103747598
-5.260402348092149 7.158157757065177
2.767815952096306 11.395342702004992
-3.9320048292093763 -10.644079745145165
2.6644272258028927 14.693964757858623
-10.00391858851967 -10.977701576875837
-4.678870081357903 -2.4051471633771566
5.923147395208446 9.029451091485663
-2.222617163322774 -13.129343831942474
-12.524388415835823 14.020121821311955
-8.888062459753861 -11.78408159545621
-3.3164253590763213 5.039726933866804
-12.226511292234663 13.585473670657752
-2.489212047066454 -6.095584529883018
-14.235272721716132 14.414805263040455
-2.388864334655968 -8.195763315437517
-9.304162957936475 -11.46619988094883
-13.664497297431154 12.802726801898029
-5.4939599149911365 6.954928810701791
-5.727369135341655 6.600572185667788
7.702757840871279 7.774858656575228
5.13023357487436 10.190341287059258
-7.718119938596226 -11.442866656764448
8.299935986333985 14.842104908520763
-9.472326328701007 -12.968030288055353
-3.713185594694201 9.977215036929296
4.508737348489828 8.671598051578053
-10.111462212928698 -12.452083234265304
-5.258124379356186 8.618808541578364
5.327652162791282 7.856310017865649
4.1134858699845696 8.744074948381028
-11.991442713966347 12.473531068627322
-9.050713915203783 -9.387687688134843
5.98888528820769 10.204574212122798
5.009797370750428 11.247227131889773
-13.74686538928742 14.368444927343232
9.993453375372901 6.495696416151186
-0.5765127325717199 -3.6547501379846494
4.155041188992285 7.57816995387379
11.659998818789802 -14.769682080737699
-11.658924211062175 -11.585254565257879
-4.050852094301165 -12.568476281518764
-14.742727310393201 14.295840439063056
5.785835815943312 -14.333379866485684
2.381987398010736 0.07479700359833075
-2.833079239371703 -12.527293718455049
10.763988091331214 1.7553889591169103
-4.7210004829540875 5.8920256199699725
-6.61338906416978 7.500174963769236
-5.082790470497978 -13.045155959023012
-3.0187725228178595 -10.72735251969387
-9.155944283989776 -12.756382002879972
-11.734547340883926 5.682630786527458
-14.459940883491536 15.360965554697067
-5.317381997089427 8.987475832485787
-8.455929616427733 -14.634311381001023
0.5690167023816244 6.442207187221239
-3.890031432865584 -9.70334710554072
-12.175791738781074 -5.932314135085864
12.490894513934048 0.624977764414588
6.197914775435349 9.180653797656376
-6.85016753374471 8.045797821738475
-3.68001310131178 -12.971358013890926
7.874749854173317 8.293759345545942
7.783700782109962 10.90688678686675
-4.558917895469693 7.458770883283065
-3.9420191219502163 -10.320307902644121
10.646104648500902 -2.044234333784704
-13.056622855478878 14.936630717682366
-1.9319862874090274 -9.237118605669725
14.128488959042546 11.837395719539558
-3.778522098934783 8.870985490575388
8.059462966627306 9.403866834185948
-10.242403744388396 -9.701983662563691
-3.361408405792446 -12.577791593225475
-1.987227008281611 -11.700712510192014
-10.80061369947513 15.771172545993238
5.522048174249546 7.362836890375602
7.432847334668798 9.984534929080374
5.564184548753421 9.642383170549367
2.7310611728595227 -11.69999193939021
4.136143418393361 10.222731799912063
5.325767374115922 10.317255841826654
-8.287542241236483 -12.161617094919833
-7.59521459411761 -10.527670327587693
-13.248156311491902 12.214387971046454
-0.07936264817511685 -6.245477283695427
-11.331644155177074 6.6967655796841825
-2.855983781600504 -9.497407648384376
-8.40816724906027 -12.405784397928327
-8.591825302795968 -10.375715609823203
-8.682802093233768 -10.98003857842023
-13.850635186139822 -7.517553321079706
-13.16607266107225 16.597684508937384
7.360959600440989 -1.7157482606046184
3.7554835520075893 6.455226624387035
-6.849888343013236 -11.032080410566472
-11.011706833128768 15.409652841280398
-12.923562538714007 13.785907567257453
5.295747721566283 -10.94513854775606
-10.785855109281767 14.98707960654753
-9.63053206023969 -11.324605232177447
-14.063944505424134 17.477443959121405
-4.283813151543498 -13.506406845046428
4.108030500428987 8.154318367679473
8.908249705280335 8.108897192569113
-13.427996779206309 15.509213016417654
-8.685892571764969 -3.916552179741826
4.223374052701189 -10.046532002476079
-2.065065958797902 6.607315860253371
-15.066104018620162 13.230188258468294
-6.050526735087558 -11.821034737804226
-6.845075355219236 -9.948988368959279
-14.037783438902716 15.643757621802582
6.615179481351646 5.8991865199449425
4.017161910159859 9.365767908151698
4.8878023384122 11.822269181447503
-14.34514307923085 16.113424767195234
4.693139851101326 8.179616396650752
-10.13272255054286 -11.35665859380336
-12.677910347226625 10.923749162420922
3.789920529095871 10.256869801733057
-14.405444966098536 13.245715549203153
4.0443592806963515 11.474140753561453
-15.761429390448582 15.7984096361148
-7.996133437966182 -12.745599880628681
-5.659842039812925 7.753222761640001
-6.773844650440431 4.80104550779423
-4.927599447916846 7.342944038348622
-7.5330638844100815 -8.221034513115615
-10.048431912612916 14.952203595406225
5.390232293950374 8.609064598144581
-0.05948663679501465 14.78491151928478
12.895264397622661 -5.934874182812347
-3.4519218723374063 -1.2193739124345875
-3.1877485570169126 7.488106380629919
-3.8293862788436868 -9.83560578235661
-3.980223737041323 -10.765163292880537
-6.039078124181385 7.541354632673906
7.002546274158249 6.948782234160239
-1.374415611831109 -10.872469836618857
3.639253854959101 -6.8755970348438815
-8.108416870758477 -10.549147848361976
-14.971743266098635 2.4356197323274884
-3.830504137790362 10.264137075300217
-12.035466072337654 15.153573514023785
-0.9069732584825108 -12.538748960614916
-12.324908109831437 16.667147153325928
-3.7647972344796305 6.646316717344142
-4.115722334391293 5.30740955778812
-11.445069897379113 -1.8199540105652652
-1.0323410701627813 -12.086493818940122
-6.418298408816076 7.565187113485421
-4.82608238288061 -11.404481683343263
-0.15815957384275592 -5.931549791176604
-3.5344868818048494 -10.471706084405731
-4.945967150380204 -0.9964575992330627
-10.984759229778973 13.413785396846539
-5.096079603248568 7.456092594379699
-7.50327575941793 -11.128443885347924
13.074637851739876 0.07849666288241153
-14.190722930926425 16.181339203861825
-5.4614363603824065 -11.845855099105224
3.655760829153633 9.600329545065819
-11.351527571309411 9.002498406556786
-3.5345622566264288 3.957967544384373
3.9023676682410606 9.630208181296716
-12.935521378449613 13.222436452707703
7.015858676934307 -10.013110730957273
-1.0821492352045599 -11.110778649069683
-1.8064177898152067 -12.037491513399948
-4.626348232983462 6.681963383497853
-2.458413241666143 -8.672483200380183
-9.405360792907585 -12.011279531779316
-5.549990414883281 7.655727200960342
0.654556998767887 -13.227095679745771
-5.821545202751997 -12.146122464638824
14.273431690993121 2.6028652196263344
-7.5630578930702335 -10.072357144541929
-4.797041391263528 3.614489658874116
-2.0895542246940852 -4.740216999352452
-4.960051856906329 -9.943206458971462
7.245410964481824 3.9452852589223895
-14.251353284970566 15.147531586861499
3.0467674430226532 8.125652327351869
0.11696703229532801 9.61624245864131
-9.572139523613266 -12.472949374728168
10.879675022133036 13.525263263251926
10.807334066638564 1.875699958575293
-11.557612529301164 -13.852505508616288
-16.177445885407003 13.440518454631697
-11.307123856293806 13.604551789961992
-6.854635186483385 9.007081674809838
-13.460750994272729 -6.083472193850287
-15.585680669259006 15.444514792696587
-14.71216224713739 -5.422125471672068
-9.628867230701529 -11.413883535999107
2.738612802854945 -4.8264733231324595
4.579525327856388 9.33738015901266
5.448665718266121 9.258525199555496
-7.798054382648921 -11.189956930834187
-13.016397505657336 15.253838086318366
6.600617371556962 11.6822718699447
-5.524772663559146 5.140730794295055
-7.493645676832962 -10.92111691483501
-9.508039812903325 -9.68431612902676
-3.9644215850263076 -8.91214292999149
-4.96098834524435 7.165951699388977
-11.681068280169152 15.90211765740429
-8.92037901785652 12.857073279215157
-8.216835419247701 9.66515012210624
-14.857146948284832 -12.622440250043066
-8.216181603708266 -9.503505825565737
-12.099961720941034 14.389984741752244
-7.877873399450448 -5.795968321135872
7.351858448336461 12.595393677041141
-9.027435711767245 -10.674237809236658
-3.8984798435458248 -7.3796319404689585
-12.746309106654255 15.862339305535091
5.5772478461417645 10.940285566369765
-7.941767187777407 -15.2114281427665
-6.090954106380674 8.667490158329464
-7.1533106138156555 -12.006862313245731
-5.854082409214967 10.074605665293173
6.496352196431458 8.453548985450935
12.563755547322096 6.809487246280128
9.64590696865605 -9.263217644344023
4.40030498548887 7.225189895887228
-11.332984293584156 3.5317638374554363
-1.6766774516743173 -0.444549589931432
-4.279727831425862 -12.505274184011824
-3.3438233593316182 4.184479034041197
1.2168220609845193 1.2293438284296272
6.168975435567946 9.982006807170798
4.6947957532404105 6.126764073005444
-2.992181364378454 -10.386479793430524
-5.199282451010186 5.8605760099251825
-9.24794659507257 -10.2877390716809
-7.427695808590483 -11.514271938844942
-1.7721016950808939 8.320290427417664
-4.494711012906967 -10.553394162128445
-2.792409713425806 -10.782113358211307
6.200529935048871 10.39913025000817
-13.68566095006572 14.355887652553312
6.208649520915872 8.109391083124029
-2.906843949042907 -9.591033136954056
-1.8188237034959138 -13.012969753407406
-12.169635122014371 15.545371166167287
-3.844596904206523 -12.623626956302111
-3.380674105081253 11.838350382400435
-4.722861084860103 -8.880584874766072
-8.0725270283731 -10.890220989015333
-12.329314516905924 3.4173866775192465
-2.4661656209219958 -9.97027128736572
5.813322747255557 9.964832979944616
-3.467397339760381 7.512304808624404
-13.232097931484661 12.819887718454217
10.131205483315725 10.572348380016741
5.53135966061698 11.28499995302019
-3.2500605783110172 -12.006392241094863
-4.455686426272505 7.088204660590615
10.008351569283615 12.173784503944606
-3.810956150272264 -9.68978076180623
-8.05656282204913 -5.241400280943877
-0.9900631043649715 -10.076847322567659
-2.3896264768740423 7.177279543697912
4.600432332410682 7.503769761642884
12.096377765914987 0.333321926469516
-7.381830579870616 -11.38183563749067
6.040197005545435 10.264767526480993
-6.9708671349104545 -11.399509907259286
-12.852363785270848 13.63865149291173
-3.998913081451578 -4.756045674836152
9.769473017610377 -8.506386226853095
-6.056208207711342 -12.451441809267447
-6.310146478127641 -11.848244473329013
-3.4536284629311353 -2.7551494886311634
-15.267514878219474 17.86820490183341
-13.919154658191683 14.974015653546855
-2.6668459457228297 -8.335676972690816
-4.485693836877542 5.31256983668147
7.348938730063651 11.139498792518584
12.612311150990767 14.274126222258367
9.148364486378256 -2.29881193287515
3.492594387853849 -11.425286290177741
-9.072822324221686 -13.790419867369742
-13.556811322804268 13.258551941335499
-13.757537712881224 13.640753991242672
0.1344576820031449 7.530565976689932
-12.434206777780915 9.726595273404488
2.5043496438328483 6.14545509221986
-4.338596185360642 6.577890262482233
-4.481220337498791 8.101187703366296
-2.1201402749060945 -12.087167699545343
-6.064432806000076 9.972301873567053
-12.974550673967384 13.323785608735674
-4.165106632471082 8.209533620978728
-8.378169307086173 -11.34898476244622
13.453582992886883 -8.846266380051066
-2.454701185926961 -6.516121830142229
-0.6501866268933032 -10.164624515338268
-5.761367373996923 9.3018509731546
-2.7930851179972374 -9.176081976169101
-16.23676788646393 11.168524898628366
-6.438111608899716 -10.790848777731133
6.209768358321398 8.562115331221111
-6.233450365013884 6.469665039159828
-5.06671244455484 -11.675731149672027
13.420992456954252 6.344257344733293
-5.9318004988416835 5.575816008509533
-1.2392745756156793 -11.705178543175588
-4.5723253198931015 6.517084151631366
10.165664034590527 -12.400299340873993
-11.580402796006293 13.354277989319892
5.844372427469515 9.157450878763832
-2.702928139918708 -8.5903529836648
-7.139034628859059 -10.351730831270682
7.685725834382 9.718521652463657
-11.48044823012215 4.6637498341432355
-3.186626172685352 -9.439243310533435
-7.4282715220853195 -10.083348229011797
-3.142433482177632 5.0506540156083695
-4.6556511335606166 7.629268349646731
-14.34446031572268 12.899954241771225
4.133168075216632 6.908335509371813
4.16050360145935 10.20009407679797
4.409245690800086 8.450725465008727
-11.655023708424467 15.206733389458808
6.403022636091186 10.327440363503149
-13.78240403580779 12.388030272474415
7.588776202994228 11.907071989431321
-13.309403355939777 15.633950836400775
10.730395365468695 -4.9063321760330485
4.79339717816475 11.307659512840997
-10.923347233554848 -10.12537876586803
-1.5723323901571764 -14.79077517022132
-4.299843541940431 -9.728604052906865
-8.645507429000316 -13.605874735584653
-0.9909942590325826 6.819041488198918
