2500 2 5
-1.72960939161894 6.953215581232604
-3.9009271031757917 -11.435885333021517
-5.524772663559146 5.140730794295055
-11.240467269925244 17.092544218086527
-13.383028506645056 14.873840133623268
3.2905074838726804 -1.8344588387995326
-6.4610104690220975 2.3535021600890786
11.9248927742862 -11.201257415008705
6.270063017037499 8.654296302913915
-4.335692061620594 6.311397136538748
-3.530184986638374 8.265682338357514
-5.331258971506751 7.806259292190587
-14.280873889381416 13.12974294439956
-4.291746184464262 8.144150010268921
7.874749854173317 8.293759345545942
-12.445367396875298 -1.5920797737460397
5.53135966061698 11.28499995302019
-8.255923350610807 -13.743857268686876
5.288079827429018 9.63458878258667
12.335797303332594 -3.6476444291172534
6.079195756423272 8.721009907607796
6.177820126206527 9.80259112209032
-13.769000053894647 13.666214496731797
-0.31844760992657495 -7.935240826728206
-1.8188237034959138 -13.012969753407406
-3.855598633698154 6.136633648134136
-8.631154279241706 -13.53275294678655
-1.5386697405419487 9.34738619130804
-0.8735910273320815 -12.685384672117628
-4.425896610284347 -8.694669370756177
-6.987960672221133 4.865584610114788
3.3031101664238207 13.329901637266712
-4.611589957611976 10.243498373753871
1.476657421976789 -4.900275289801572
-13.497256799126816 -6.833642183813879
1.381164360704374 9.572822307219248
-8.090580041335365 -13.107724486872664
2.400259420712885 13.628993921189313
-8.588689597115783 -11.265936225594142
-14.086272812790096 1.519426005672912
7.142318013483518 10.871693882805745
-5.448512605372974 7.496722238829814
-2.2946597331368004 11.562694235827305
-5.326862999122305 -10.869794264177992
2.059575291171095 9.231407441416687
-3.0641931958533846 9.927444299109048
4.292710138078908 6.898441820797084
-8.12086018848606 -6.659351610690772
7.578248487601197 6.913349974047332
7.4775704888455525 8.964844783922654
-1.4372120790129328 -11.939728082225889
-13.662841937875601 -5.97854597118571
1.5081632793513213 -11.897657968834736
-2.833079239371703 -12.527293718455049
-14.283519870890345 13.939618610595963
-4.419804681420487 6.734819264203945
3.6808168268855823 -1.2428274101577443
3.475240397131594 9.335020341240277
6.285419870348312 9.69491629019162
-7.176895218938096 -14.744438301717203
-9.63053206023969 -11.324605232177447
5.695424488594817 7.743793768848845
2.1857492413701793 8.987679510957387
-9.051694029989942 -12.596489089632772
-12.099944256639446 12.00532149442192
-14.29658573924526 11.246007190969026
-11.873849361809263 -4.68687230542014
-1.4819157718787124 -14.369519753419935
-4.494711012906967 -10.553394162128445
5.994691215108464 2.3547625056765895
-7.090605634112098 -9.791453778887327
-1.9696512745875125 2.089817981189782
-14.945798068673898 17.589979619882513
5.813322747255557 9.964832979944616
-4.5423935151258945 6.921286868542549
10.638634752086297 -14.301599284569596
3.3864787689463784 9.23511477820179
-7.148824778909198 -12.265223325651663
-11.011706833128768 15.409652841280398
-13.74686538928742 14.368444927343232
-13.846716198271583 -0.8297484606161891
-4.0145710521701075 4.346268972039562
-11.730888880074014 12.716451858412011
-4.852168953718958 8.630210675868009
-8.264376883117542 -10.241186957747841
-0.7481533177152695 -10.638428680665845
-5.508395232529311 6.36740329804999
-3.0125536748228257 7.58715520498195
-11.736284827719507 17.396630997121058
-15.561705301151422 13.20706168699496
-14.158977277953786 13.057886888323868
4.058729213850603 8.535424244827032
-2.7779600030681277 -13.210831963007209
3.526981463061091 9.939231566976273
7.171347127391671 8.533996499836414
-3.9071982727678094 -13.37590018533638
-14.809514317815522 16.562740278301437
-10.157616242788556 -14.117806907850992
-5.176724722395333 8.216831127094615
-9.889399939431689 -10.4415103543083
4.613121582800743 9.089740701810578
-5.218434929462232 8.162879261712865
5.285471580145007 -9.149445625252135
4.658282528821861 9.903663146184682
-11.913574983030106 -10.015045523136935
-1.3427584458870336 -9.518878751650323
-4.115722334391293 5.30740955778812
-9.235777871146626 -10.065943898321954
-3.2852511077662476 7.467636847873463
5.251101109584859 7.8552256865988115
-2.7253690736637077 -10.666682932527126
-3.160499062416206 -10.890979771316164
2.5674195831362425 -5.192450387406687
-9.173304729297998 -12.258514832955344
-1.1021500524921701 -10.236039600223338
8.237359939922985 -14.851423852766668
8.119306294343748 -7.525751834212454
-13.125358450346855 14.104677203602899
-0.38512792442509314 -13.707041573198499
-9.867270737301718 -10.70711025284466
-12.099961720941034 14.389984741752244
-6.639434522545926 -5.9847255039438885
-1.4925256844955301 -8.121967570129499
-6.311736098153959 8.141492056762912
-10.577441023600489 -11.494593061098891
4.663161395193317 10.544503916337584
4.472726289562824 9.606418907447603
-5.775884267439457 6.876814332598391
-4.146794523726179 9.271029134961426
-4.485693836877542 5.31256983668147
-7.554639063174237 -11.902216219173704
-14.695440485718429 14.392009102548363
-3.0187725228178595 -10.72735251969387
-5.6374672696849535 6.488573091608718
-6.236145715332479 4.34598627128476
-12.226511292234663 13.585473670657752
12.756703816815634 2.7663977679399636
-9.723196045560455 -10.649909059800242
-9.169686390399338 -12.72633232143943
7.303611517051696 -2.992203532283847
2.5791398742301226 2.980829552958447
14.210393050217842 -8.349179060662683
-13.612493374212564 -8.90654029200919
-7.903071142775394 -11.382301384268912
4.133310897750555 10.832148092461765
-0.5235953924697849 -11.638698316988037
5.490075360345439 9.766625606861133
7.512000954646151 -13.186731960757218
-9.802861165180651 -12.597388257778274
-9.3806961215019 -10.148622654668225
13.066293863483672 -2.8219044607066355
-3.3164253590763213 5.039726933866804
-11.307123856293806 13.604551789961992
7.850706039014193 8.348986318778097
-12.002572660218558 17.602165793136194
-4.558225164426679 -10.644216955804817
-11.655023708424467 15.206733389458808
-4.2705867492819 -4.965064087789921
-1.3194397376424134 -11.500261148144867
-2.9167617437886557 -11.873389535481234
3.1622407779426247 0.5760365664379137
-3.1608123937493056 -10.181144606189571
11.877403408058683 5.934336603138426
5.3483357792488935 7.878848476310793
-5.450841227196581 -12.570096101792453
-4.338596185360642 6.577890262482233
-5.199282451010186 5.8605760099251825
13.814757276383993 2.81698423881058
8.920298292008123 -5.040079087992206
3.9045352701976985 8.622617508634432
-12.59101076833856 17.293809764392222
14.197716388202327 -10.923968093931752
-6.462779573855737 2.259336138050493
5.902051271566719 8.820781029861937
-12.035466072337654 15.153573514023785
-14.171616227913848 -6.375433540616724
-8.877104716936179 -10.95516531012737
8.537484374695094 9.72255322380373
-0.6783092652502649 -6.336993297526108
-2.6683500992690434 -10.54661081002704
2.652959162982974 -7.888435707570824
-13.954996552870979 16.24452079004189
-4.185062407666155 8.939196911207606
6.723792170723491 8.518730248511277
4.372468597859532 11.824234633586652
-11.362608206536555 7.726444589727183
4.267615696795085 7.310779911894603
-11.055007281529175 -11.399962148244047
-6.86155253811667 -14.279078446083172
-3.0845853331266175 -10.462167167899784
6.3643666877365 11.683000489804012
-1.8373180983742081 8.447975079125381
-7.34619606438193 12.76863342588426
-3.1955333281843 -11.028346631518142
-7.4604011138207404 9.059320656772414
6.662096475322292 10.317747447383239
-0.5398636607880882 -9.444731590979123
-12.598237710940646 15.197871484597686
-4.058506406735884 -9.375956563586147
-3.6971069523522093 6.5836684466744115
-8.093918603954277 -11.82211362881589
-6.443362151450012 8.461375224386098
4.583136832561657 -11.828765293736712
-1.2592311026769547 -11.697668366345955
5.844372427469515 9.157450878763832
6.968525941032398 11.30946338828979
4.027645781728611 8.997952655923624
-7.0577254626439325 6.03417686934516
-0.5442987940148711 0.25895986435470064
-1.3900878996730612 -9.358778035654073
-10.048431912612916 14.952203595406225
-2.628245321260797 -11.9473467518638
-6.833029127696726 6.970374873021974
-11.866582526402386 15.394617369188907
-1.8581750881462673 -12.564474288170242
11.244752925596469 -10.240086231398836
-2.5802026435784082 -9.243311165811651
-3.795184810280469 6.123926082335919
-14.905602173951655 14.141658419928078
-12.931828782959027 15.936893002877365
-3.735728672414708 6.258555758417577
2.8265063259850436 -4.354948023783873
-11.42060961287272 14.596516074932262
-3.2184738246967903 5.682629150468266
-4.419719875609722 7.547473313475888
-1.3750963046689755 -3.860640629904646
-4.649111273738566 -11.91381125557729
-4.9698555568885885 5.714666383326745
-12.789098712659953 -8.556748972419255
-6.7209420259660195 -5.013844224940943
-4.806516583123303 6.759135480191314
-4.259572598787479 -10.906878352699522
-2.7816321774089134 -14.260483386784665
-10.049296715558402 -11.695162790973
-7.486538011182837 7.993670305390536
10.160481145258895 -13.886797794370748
9.001763714880155 2.0605940319327516
-5.75609956814575 -12.176798958536112
-4.165106632471082 8.209533620978728
-5.80687009943676 6.097647022600368
6.308338896851278 7.823115792341317
-1.7978009562699808 -9.248107218980827
-7.9866587898173815 -2.640307392160379
6.6663823210146536 9.663057306570026
-8.696767589628669 -11.364853617240716
2.814748815273736 9.899873106196097
-9.27092591227431 -12.136826475290478
-12.053194740888472 16.87194405665562
-3.3926691069309483 -8.25462369612753
-3.2862635346770728 -9.973617336771925
-14.080488154951663 8.128703810667943
13.230277885198536 1.2890109038862114
-6.183781302347885 -14.283973422536086
3.6046808897249027 9.681008378393166
-4.021992813019186 6.011708964131942
-4.299843541940431 -9.728604052906865
6.052369194255684 7.712715606390182
-12.863817705079654 15.438620051059361
6.40180335315597 9.72425352454062
-3.7366462401771763 6.268651347342065
6.026181381109502 8.113803634807224
-13.709144797151723 17.026917419743157
-3.6791450993459174 6.996184310928152
-10.33448805794419 -11.330401457399512
-12.27859468966166 16.21886598903884
-3.4526877737437376 -8.47281519908834
-6.67152107730925 -10.564267530751728
-10.24238545043595 -12.184661613737726
-4.78942108665244 5.744097662314538
-4.696869024705244 -10.914926180566733
-6.112052632607488 5.973932529608609
-12.777926269810106 13.997646052538075
-13.57617850881091 13.277869690646614
-14.124036645824376 14.693209680224534
8.033843571053918 9.619839743107143
-9.488143226330898 -10.970420470020157
-5.2475818208278975 8.267395459691365
-1.4331579940481571 -9.768519850168978
-9.340600842023193 -11.66309207864007
-4.481220337498791 8.101187703366296
-8.985542721379904 -13.57959651734385
-6.3561574950058795 -16.317089242733097
3.866043554579705 7.97524416500638
5.587083798939784 9.873195155417438
5.039156534126688 10.646712574223065
-5.096743749882599 8.89388372458082
6.19544532791333 -13.976229694729236
-10.196922606488446 -8.458320612219454
-12.532209704225613 13.2323207037638
-7.269025607820682 -11.324920578770495
5.783723653571439 -3.209109220754346
-4.925298165135906 7.466355553904114
-13.560342564477331 14.619379015753124
-4.96098834524435 7.165951699388977
-13.442823230419192 13.425479318841825
-4.928431122732704 -10.707412686722282
-4.449835693672728 13.90963909629474
4.256336383396553 8.88414494298999
-12.3614079839633 16.06419294530068
-12.502471340438374 -7.593571007883466
-3.078879216305098 -13.988224084842791
4.600432332410682 7.503769761642884
-3.7647972344796305 6.646316717344142
4.108030500428987 8.154318367679473
-0.27977012793945466 -10.032298243315916
-2.958539336504672 -10.778076408374723
5.325767374115922 10.317255841826654
-3.1080634238586295 -10.707050227092259
-5.4939599149911365 6.954928810701791
-10.633623594491425 13.703132327235073
-5.285947891214248 7.287006148543874
-3.826659411106056 7.206558985397239
-5.66173564908642 -11.691970903503467
4.983026091203752 10.847992448323716
3.7998178728046668 8.934974385005352
-6.315370496437243 8.935586518547304
13.822737284252565 -1.8325568595310777
3.7110378352015125 7.6498300660688985
-3.830504137790362 10.264137075300217
6.168975435567946 9.982006807170798
-3.980223737041323 -10.765163292880537
-11.463668481174103 13.587969692233735
-9.201301410154706 -12.373334833471215
-2.581440404810795 -10.808853275071057
-7.551569616313457 -10.85579720479834
-7.729745428462295 -9.159666898273121
-2.0352625800690536 -4.760755774653177
-3.950914927481179 7.218650208836244
-3.4613889828193916 -11.991072974662423
-8.031208629940371 -10.825930064277088
-4.32249796638503 -14.078625088804179
-12.57334721903716 18.381371009322983
14.374056009740453 -0.40184548677507337
-12.549281018951639 14.638069843270582
2.0405050420797854 9.06528726859079
-9.469132911658845 -13.177455786651276
11.905664156062674 11.49728431773136
-7.252356646608763 -5.871895659950322
-0.8664331691615046 -10.460341031215751
-1.9295164403989058 -12.566794299722226
-14.017035238591948 16.62313319727857
-15.123593866015023 13.412055427454295
-9.508039812903325 -9.68431612902676
-17.054548582460225 14.413296872423711
-11.346162474472408 16.9448785173974
-4.659171527828905 -10.435580694044322
14.722894805053937 -14.456885983446561
-3.8984798435458248 -7.3796319404689585
12.811640786914957 1.0114571512457786
-1.4007152186297211 -11.55119876404781
4.136143418393361 10.222731799912063
-13.645030134635235 14.01302165066545
-9.446561000821118 -9.475804265840981
6.8523220906074895 11.03469475186084
-0.9900631043649715 -10.076847322567659
-8.853860160385082 -11.92057211657809
-5.853803305973924 8.331717648509718
-4.068478701434736 -12.909677665377508
-14.305807319562774 13.94946163224498
-6.252445687911295 -10.447801567051387
-7.89117573360827 -10.72616200311778
-6.818177312956216 -10.187489699971822
-2.212248779046912 -9.128177888730239
-4.906357478191925 7.074448730750188
-8.592477325966811 -13.126499292329324
-5.762791704099406 -13.579081056431441
-3.9104173896484697 -10.547564977415181
6.2556546675392095 13.069537986873883
-0.8333242091542843 5.459580144139657
3.3336142714677037 8.82197437907999
-13.211689166674471 13.391211851621549
-1.4377752907200365 -12.972874059363589
-8.7666492824846 -13.791001184690028
8.63466705903188 2.9482825906462793
4.203259043780547 7.875965219044458
-5.617214147743745 8.412809441601349
-7.940418550018255 8.660818158348649
-3.5345622566264288 3.957967544384373
-9.465525627536415 -10.587345372273454
-8.798470124873035 3.1879655146368684
4.384932726669575 10.396932679068692
-11.499256663064351 14.643513861632382
2.0923724467830125 9.892516666810163
-6.057114709835125 -12.063955617726437
4.217873209956823 11.398580278786794
-4.974455291541666 -10.79079282961455
-3.984451314785301 7.361014389672352
-14.778899076170637 -9.45999296724812
-5.258124379356186 8.618808541578364
-15.25934708235167 13.89419873823948
-5.7509766386664145 6.781766246156682
-2.6668459457228297 -8.335676972690816
-5.06323841151497 5.160951819153654
-2.7258598572188864 6.59870853433883
-4.297019740503828 6.313012952163405
-12.345432373077916 -6.78500245557043
10.475805519064771 -12.910538130535084
-14.757774457797519 14.06498071882791
-3.589827628348431 7.87552283262373
-6.642893230458437 0.05253917846950351
-4.669844404564575 11.815369997188931
-10.864292101498528 6.628943030806955
-8.00263723344134 -9.028123913105208
-4.102652563956941 -12.298412267433825
4.938409938084625 10.538992474726916
-7.559965766835045 6.964523404503973
-2.8709385602451216 -10.254187434363653
-4.359897870355962 -8.52652150454007
6.197914775435349 9.180653797656376
-9.509057595650624 13.610474598327393
-2.5958931827782723 8.43896443766917
-5.822980404395743 4.993577918444789
7.588776202994228 11.907071989431321
-8.761392825536817 1.45291203385597
-7.429340908695459 -11.27553015991154
7.838200551888242 -12.07624632356134
4.072884120412803 9.219653330910843
4.0443592806963515 11.474140753561453
7.5203687727496416 6.536419243049537
-4.111409957926898 -10.922094594742326
-2.421889987081199 -11.938347130339904
-2.352393452766406 -9.779000571489
-1.3045829380043976 14.196634325662949
6.789904820372667 10.065185138429253
-2.082795990415194 6.758005548483345
-10.306448211372057 -0.7514503170134894
-2.8837585301675634 0.6118115132924267
-7.44606733614422 8.968235818503672
-7.39828705465121 7.431118531059156
5.5555539757276255 9.17885358396549
-14.083822168509872 14.86715888680973
4.796286111858496 1.7366365786502165
-7.104569543650074 6.743376624486764
5.933648528502163 8.083622074342244
6.403022636091186 10.327440363503149
-5.482381942361225 -12.961505477772189
6.67318414504301 8.85972841575558
-4.7210004829540875 5.8920256199699725
-8.2019969886788 -0.09436899678646249
-6.109006695326679 -9.798840481559656
-10.678019227602888 -12.375189407397228
-9.413260897600352 -12.67084777987809
-6.825350872982109 7.787628323811614
-7.8357076824073975 -14.16352495282473
6.033050657063664 10.28593735593266
-8.91754748655019 -11.793482643383271
-6.07210890038963 -6.1519482125285645
-5.726679365558449 6.849666840124919
5.3958734170767375 8.532423117700398
-7.6874695615909925 13.659710344812492
-6.39240176734695 7.921469712825086
-6.910657012285787 6.391294863787751
-4.751546802977045 -11.96419703114665
6.6224139953460135 7.693131429961879
-3.027321951369858 -12.517184039724249
-8.839806750696365 -9.593059408360894
4.899866939662754 6.613598359872756
-2.7098210439169366 -9.62077118697278
-6.40574583767295 9.049935036462998
13.109733502407828 -5.592529863279829
5.0683522074943905 8.748964266559224
-2.5671029439432616 -8.57363093522405
-11.397981394503775 -7.802471411450591
11.280736481002787 -13.78180161655493
-14.613538138981719 -6.988860778716887
-7.898256158467111 7.897720994360341
5.547592033010788 9.69231191673962
-1.7721016950808939 8.320290427417664
-6.189939603320663 6.718557676566627
-4.711899688994379 6.131637239951928
-13.328377501181752 17.414804904178233
-13.545144417019475 14.680196000565367
11.169812657464544 2.2752595518908514
13.853643022408956 5.034554925762205
4.759254061259372 8.947003822266264
6.798236253906578 9.698548268925382
5.518605458080145 10.684887956923301
-12.379305514755348 16.09845095475356
8.908249705280335 8.108897192569113
-3.9404143733251464 -14.128584372690055
-3.0154540548603377 -9.56160157056323
5.334077339679405 7.781054529909811
-7.602049709517581 -3.575764992598323
-12.430463466187854 15.543986831359003
-1.2382251122922079 -11.802044124665954
9.091617256497916 -4.368270965275739
-4.132132446244161 9.930564605611892
-8.90000225323239 -11.042468663271599
4.127656497799778 11.442691277466075
-3.057219225255141 7.109246451953737
-5.523257687697902 7.852638899367344
-8.79375035731412 -13.101678007858037
-11.501567465578933 13.604042836475564
-3.526937999005175 -11.512879794148198
-4.249357540923792 -11.645749522221788
-8.893136387374678 12.15737228076149
-11.606448299683683 -11.395384892719125
-2.610969637963242 -11.264395883534565
-14.956837673467666 13.28344356234511
-9.302610210612091 -11.166664393693516
-11.704400512954635 12.260357450412258
-14.068164569020766 10.14755773171364
6.9018909747623605 10.523458821786427
4.817512815000153 9.838020587668398
-13.66480471617772 14.868312746416043
-12.33971203953437 14.538379323331133
-6.606181887903217 5.638168116702037
11.87923226184268 6.12789713536311
-7.809144756610381 3.6034350357364744
-3.4296772418292885 -8.706778755670635
8.055859577448748 9.115141806967209
5.8030666089999245 6.697464570027352
-2.51294756409911 -13.58250683393867
-4.558917895469693 7.458770883283065
-12.136872057750896 14.184134953169279
-13.534881031431548 14.496124525671458
-3.6124109095210564 8.21082740320196
-3.57443564485423 5.486958282541614
6.181891259357193 11.639364928077098
-7.859964477553266 -9.44013842807027
-7.129784231752609 -12.467655618772547
-11.88623526194467 16.34854356819887
-11.409866432952665 13.86965937137835
-14.547216750153723 14.436253500365414
6.3247916292222595 9.356182047353677
-7.29177056286246 -12.421620321099553
-9.532485886314214 -11.302356387281435
-8.971605425385022 -12.814511635099546
-6.61338906416978 7.500174963769236
-4.597806922747207 -12.646357344169854
3.053315472950903 8.44149463345118
-9.534474969579792 -8.05381122672242
-11.410285075011478 16.131118614599227
5.112640691715565 9.071204946361432
-4.110156989720251 -11.201673311514963
-4.722861084860103 -8.880584874766072
-2.4661656209219958 -9.97027128736572
-1.6459659793799002 -3.4679735444577418
2.8387877688628316 8.377328162466103
-14.190722930926425 16.181339203861825
3.377616933011625 7.459741182843688
-5.262916920440757 -3.9731841304355413
-6.410644053000757 -11.33881348316349
-4.764843914934572 8.825869789451982
-5.010136232291428 7.087369511647362
-7.434353289820692 7.2902670716210585
-15.267514878219474 17.86820490183341
-4.489620147144117 8.18577065847953
-3.6529553898905496 -14.861296869410753
-3.4140738788288245 8.610972557935648
-4.032915921561889 -10.390272066585759
-9.646673008462853 -12.070959387165676
-12.701893056689238 16.8554483421011
4.6947957532404105 6.126764073005444
-7.355108819784453 -10.452513961956175
-2.855983781600504 -9.497407648384376
-7.866476125969656 -12.957621304459483
-2.767484814161709 -12.401895793884869
-10.911454645192103 16.25649080871271
4.022692149789497 11.705800478112913
7.849069945872671 3.3553064845212646
-5.0865450138568145 6.998270850308344
-7.538313526384989 -13.77767483935698
-13.171261935745152 5.5756584321307905
-10.62390491486248 -9.453598671493822
-13.09828387123769 17.14766629929569
-3.2913448923194095 9.26021264065718
-5.476908796621859 7.912750917548001
-14.472514259559908 15.895577003098607
-5.671353600913294 8.941766339793306
-8.50191086749957 3.6257026921757074
-2.086507733888599 -11.469321394230766
6.389617707283841 8.590625191072254
-4.653291561596577 7.009102593798614
-3.893936395592574 -10.91422413516324
-7.608680343895039 6.623621258444627
8.229218676662423 9.51496613023
11.108689420562762 12.921617827913824
3.958305960105431 8.082979672903965
-12.87260133298803 16.171671948171443
4.635850980475723 -8.194544484035085
-3.3679399614511727 5.703279580860532
-6.090483981705048 6.491357068971678
-9.405360792907585 -12.011279531779316
6.922018188027522 -2.815615170907307
-5.3543513873716515 8.234718724823434
-11.868501856274282 14.758771931790923
11.459205081891163 -5.875918672770009
2.08762245199717 0.10283704013290773
3.2097253125620817 -7.998396715024203
-8.302621685460343 11.70912310736949
8.582934201118295 -1.0479273778223064
11.929098867589396 3.098158729783467
-5.204754130504622 -11.29689137235534
0.7392708715371423 -0.515388234321625
-1.7010630132600433 -0.3080987123620247
-8.719473124018203 2.687864818225364
-6.390137955441023 6.32931509557733
-2.2769053857665167 6.138332522781578
-14.429845726850267 2.4254076505171476
-11.899842474460941 15.546939878564292
-9.80799364609278 -13.543657884482682
-6.555166585483565 -10.9995175711436
-6.839103303861037 -8.84967296704642
8.217006304109784 7.857745803001416
4.212125341910303 9.629416804349647
-15.012500331379142 14.133258577598578
-12.891911242260338 14.413553651749304
5.747701744220612 9.915694117565018
-10.635013749651346 -11.197295349736704
14.175597374808639 -8.391702074082385
-3.521981350600755 -12.540764944165234
-6.179336425416872 8.803167689890852
-0.956861289681467 -10.840695474097688
-13.538104524967007 16.02188546551792
-7.112584334296625 -12.554235017733504
-7.542040244177393 -1.8237757036948459
5.658957204322466 -8.107534951425537
-3.561210023804694 -9.010060956056876
1.2858278505076761 14.895890223687893
-2.662565010373566 8.037523102164773
-0.47574966732211443 14.919271119732898
-4.846106189542971 5.6303141909246825
10.983042447173808 3.8713789305644575
-7.427695808590483 -11.514271938844942
-14.018403507457142 12.759193932584713
11.27290525451237 -1.5961525749130487
-0.5565061414548982 -11.293924185123787
-2.712037930097857 0.8247762367984972
3.1321826220938505 13.381500757854091
-6.832774187008763 10.543280879073563
-5.11885962842488 8.121727946780593
-7.1055573806174905 8.633405783986321
-7.119742565120028 -13.008421957113288
-1.4978889195314666 -12.104092638099841
-3.4964165313045346 -10.254803741680217
-13.30262909918705 14.930165545208277
14.809111859407544 13.869846347733784
-14.551653284067218 13.449503171196252
-2.2220290130521256 9.402772843167755
-3.85052568438375 4.707870789546955
-7.359770903298472 -10.94920483504811
6.416214825249014 -6.150938442231853
-14.690428457888991 13.11145220174575
13.488846246691335 -11.07660838878827
-8.45690592961902 -10.588630300278954
-7.149031226146727 6.63223279758107
-12.424532708289087 13.448978670236624
-2.515653868222313 -14.354063826052979
-3.890031432865584 -9.70334710554072
13.732974230584421 -5.215098303417042
-13.656327374824377 -14.14853317670375
-12.186407038708099 15.398514547871848
-5.573261315809183 10.221248090826823
-4.4970735220260405 7.784793912430282
-14.645399491476043 16.12847117033856
7.172834969169483 10.073365306184293
3.9206142725048974 7.832809885297565
5.13023357487436 10.190341287059258
13.336322591334124 13.866110178147494
-11.91410971152767 -12.001837862248033
-15.848684907020697 14.608994926050338
6.660745724350818 -5.494075569938154
-12.960960479908325 12.955963810123233
8.592353504517781 0.056352975309438946
-10.984759229778973 13.413785396846539
-9.503298776395154 -12.243533059428563
-5.613393009479818 7.779312978918506
-1.7417675305952809 -12.686826664663121
5.234343737977175 10.53593603602992
5.381634365823641 11.724174321133372
-4.579966272715801 -9.972277631979303
-7.35244790223101 -13.323465209663587
-5.273082486828147 8.654381340936148
-5.340581914006629 5.917843583268776
7.007732030381771 8.533229937595507
10.30520214073859 5.460231691068504
-2.2707192368412503 0.1876271965241596
-0.31851540987938165 -12.351379876230752
4.639035934464401 9.935175451694079
-7.368798896461386 -10.451704892071557
11.464645102902207 -9.802962957269447
3.779337309830926 9.313291145408005
-3.840318720365433 10.21317960657407
-5.861192420230849 8.733128806947153
8.237250486812101 8.950194807770778
-8.717867031426637 -11.045923373325817
-7.431809542946606 -9.736562310732575
-0.2759711117020536 -12.553373606106653
-5.854082409214967 10.074605665293173
4.753681393280121 7.780564758423415
4.4404741243751795 8.752068034786943
-7.9874460131798095 -13.799267751028006
-2.461127312628251 -9.930856212822192
-3.5600690308572025 -9.922013618499724
-14.29263407435013 12.772178485722769
1.5937453643915838 11.912109903483515
5.863730838695793 8.289883395783196
-0.9069732584825108 -12.538748960614916
2.8770528386748686 6.463547176837215
5.977661863510458 10.08401691703274
-9.31533019546626 -12.717094801745098
-7.5330638844100815 -8.221034513115615
-5.256243532189265 7.833040969063857
-16.466135225256032 14.21964206596889
-0.5272268262880235 -6.005185033439675
-9.472326328701007 -12.968030288055353
-2.720288820454158 7.7568384067268905
-5.974575073824087 7.5906314811478275
-5.238612385363908 6.935224762125108
8.732152968309858 4.9462248977437895
5.0588210193736955 8.48601537527827
-13.977039453694623 13.07109360178243
-12.684218246418407 13.434907413695253
-3.8759578489020736 -10.472651839057528
8.473901438790897 3.3743901718720153
-5.345233554779704 5.220272486679733
4.8632149952366115 9.134229380801074
7.709704248784361 9.722931037222223
-5.07812042027742 7.800257727702153
-14.335500926308178 15.14011059573701
-2.5150547059662287 -10.666752556580667
5.627306462982292 8.73294467944352
-14.994879326120463 13.277351511414436
14.586561601802472 0.4718238091646825
-7.283239948509844 -12.464963538281907
-1.9534009421519563 -10.667013037009358
-4.3427873130470935 7.625224256979697
5.009797370750428 11.247227131889773
-4.132158616219696 -1.7914802156257466
6.104456770992253 8.677340407528199
-13.638362920974183 15.55173508119528
7.2005604565993515 12.570391278643516
8.032154455545346 8.470656227245547
-7.073294428200553 7.19128644533091
7.950633091016819 -4.255045296042475
-2.282684076287978 -9.243843431713623
-12.164799131139041 12.589697003375239
6.106274513721403 10.605311250786519
-3.6651596246761238 7.6890170825746935
-2.9178481272681926 -9.824723166682952
5.828039923478428 2.1498333541245778
-13.641210443266525 13.552786887847503
5.390232293950374 8.609064598144581
4.4495182680943515 11.195000084280485
-6.6957327408468945 7.012513789853088
-13.117486055333483 -8.291805218422999
-8.781548851817558 -11.44484091873614
4.547794420712692 12.241841051705102
-1.6085351392870701 -11.58316282834508
-13.299700333664587 12.715394127488924
10.999728460498769 -2.366481753924889
-1.9603184832355245 -11.3817527474526
-2.1240595200131334 -8.9462553766623
14.292571305645122 -8.661641945799563
2.6853282689199736 9.22716671822638
3.4100269218120784 8.742081892691536
-4.2797164235253184 6.152412159062538
-9.643627446368146 16.015893746218826
9.993453375372901 6.495696416151186
-10.07928606064404 -14.087134544491017
2.201265778968221 -0.979040815234864
8.457691057434936 -2.59873530445725
-3.860310339191397 13.072254707738821
-2.543790099872551 -11.735318947980563
-5.15091479029684 9.584149318286098
12.722979758413636 12.499135682476332
-13.515551602237068 15.245782256918869
5.985784160034967 -8.171344772261019
-0.2058334153470227 5.338739235341983
-0.697799214826258 -11.536550354823905
12.484851324228991 -4.9066009912134945
-7.98089713815138 -12.089392679469446
-6.43663466274236 6.8269734568728815
-4.821680979479782 -10.3643737262035
2.1859940580813735 -8.227301533606044
-1.6624495156423968 5.960934285340562
8.85640736869924 8.046200195427067
-4.0119382564818125 4.214820626449747
-4.118206572762249 7.894146708052932
-6.425400309589653 6.264465168255421
-8.427057116547394 -13.06994438948177
-6.582322936396877 7.565623848610564
-12.90699707535958 14.337237172955847
4.591051733874879 7.121249841219881
-7.041693742612061 9.372651189745405
-5.896488390018086 4.17482664092511
2.218647094818131 14.142730266273524
-9.514797410660673 -1.584504648957747
-5.317381997089427 8.987475832485787
-13.192022046828285 14.659642076701644
-2.1776221337865325 -13.753359036451984
-2.0115282737552054 1.6548658488462067
-3.0715979194279672 -10.786792285891854
-11.79789028356275 -14.066046965567487
5.02719587563325 -4.92969525802318
-5.061616975474657 8.018675368612605
13.279838763979193 4.324950262539797
-13.020894308621761 15.401255335467193
13.63177809364894 -8.765351255852103
-9.253158915079005 -12.12000476133388
-12.57357826088421 10.833903945078283
6.483525901400196 -3.4138327708922347
-12.279952659494175 10.24192535431083
-11.890361612924035 15.373186608363879
12.368602105623129 7.169569593242834
-12.115365706827987 16.07166628325455
6.933109223669787 5.826048630883064
-7.36284668459483 -11.116256806906227
-7.015010797034373 -3.4715175282445507
-4.16685802239743 7.592228108662178
-17.637471952972795 13.41910049738519
-2.187867797391031 -13.253731688551495
-13.839213094204739 16.73189528588791
-9.415978098936947 13.614083613876623
-13.68566095006572 14.355887652553312
-13.885754538364944 13.531693088444678
-14.34446031572268 12.899954241771225
-5.213842212879054 -10.652998125151873
-8.256559248757682 10.160087168949035
-0.7054438884721179 -1.6193491601961814
-3.68001310131178 -12.971358013890926
-4.364743804161468 -11.373648926041339
-8.250482663637436 -10.47543858953223
-12.550591182523917 15.193464608492082
-1.0655164389514644 -11.590046612799307
6.365062594508863 8.16965131934203
-3.128813826590317 -9.751921345989052
-6.266428880172469 -9.122726256068361
8.688669291527415 -8.68777262151582
6.024569143753805 9.0830262860913
-0.8423736652206388 -10.43310619190635
-1.6951070653561469 -11.646321111249954
5.882002960843152 9.329251993815285
-2.3588047167105706 -9.168529842527919
6.258267495744437 9.677473993955159
4.574310699433143 9.143008191224967
-10.863916678343852 0.3034021348873832
-13.235295414159179 13.803533168398367
-3.1877485570169126 7.488106380629919
6.742818029369308 9.50705208368367
-5.5540176792502045 1.4287860253191234
-9.610926317394258 -8.901878329924251
6.56554562895555 10.643995215168598
-13.976335598777139 16.72840190705119
12.473628844700801 -1.700493001474614
-6.167092093315922 -10.22744367191886
-10.073222036515915 -9.472584510430162
4.494128627881819 8.055759664101664
6.752579539775988 10.402824318609325
-2.898903087168745 -8.80600840275211
5.2535721164511475 9.532865698518235
7.936595329456583 13.44657126557895
-7.11643857627327 7.402673426696114
11.820711886878723 -14.756542159488063
-5.6706778691812625 7.543675548541209
-10.100903703570662 13.126238092144728
-14.811888049228195 15.124176425204865
-3.665261059020717 -12.567145331640381
-10.526255514955945 -11.749950446299808
-14.070051925891857 16.744469191941434
-3.7775127315052455 -11.286933866152745
-4.197497228309557 7.623599956849999
-6.854635186483385 9.007081674809838
-4.6556511335606166 7.629268349646731
-4.246771883582673 -9.952350539576347
-13.647670679351881 -6.799238467398553
-8.70883659831753 6.461134126378871
6.253818991542403 1.036712647360293
-3.3438233593316182 4.184479034041197
-10.589887473776962 -12.972838856672158
10.219481648724088 2.8036232641496817
7.797058211665152 7.677521642940434
10.051175633902062 -11.749532745914365
12.266416618507758 -10.995906276571713
-7.159281762189215 -13.404883876204384
-7.253455779363294 -14.439526524639177
-8.682802093233768 -10.98003857842023
-12.35031148970382 13.24259462559442
-4.080693114252666 5.641478822137417
-12.224081084628558 1.375873369083756
-7.139034628859059 -10.351730831270682
-6.763959227949146 7.975241948371184
4.717162420442453 8.573171146194676
-10.674397727284799 -12.560306137996072
-4.626435969581891 -12.167577458782535
-10.111505199317579 3.9696322126173698
-10.140617474490938 3.200979347880587
-12.33726171346166 14.34398899031309
-10.702578670952132 -1.106847083948919
-7.9049928768360544 -10.344474000135444
7.069290655088608 5.14924140686802
6.492258676621944 9.027075616315447
-9.132274873389704 -12.115668627850976
-6.95221049957823 5.713147475832383
-2.992181364378454 -10.386479793430524
-3.9420191219502163 -10.320307902644121
-1.7584928652546368 -9.880005712506156
10.730049776790388 3.0347134088261
-5.628485344567814 9.747433493869977
-1.0878856158945671 -10.919877204422795
-1.2242688191372033 -14.012330661556202
5.075191627347753 7.587588038961849
-5.082790470497978 -13.045155959023012
-4.029461696836739 -12.92404789098626
-5.986168150081303 -13.065169644656562
-13.759538521254026 14.258598263891674
-14.931548312804983 12.929120986441092
-1.6257324944797098 8.051121375553365
-6.056208207711342 -12.451441809267447
-14.160932621232824 1.7769654313654648
-2.81689455582806 -12.5807311567225
12.27162818478967 -1.0797011098191582
-13.81383528987726 -13.55021141212309
-6.182099929717877 7.86453725944666
-12.503415315147258 -14.889556173837294
-14.614210629812877 16.832789419447195
5.438360267860184 9.199052241004804
-5.787644771433484 9.058412591721234
-5.055955390746719 11.202161013991562
-12.909227237840657 13.524493377244488
-5.4614363603824065 -11.845855099105224
-4.254814926449528 8.01160951713514
-3.2847508924394444 -11.783299516515683
4.73250064125523 8.411684667172365
-8.821631923072276 -12.373656146538224
-3.681229007221833 -10.89119423735671
-2.178293985125086 -12.548039297507597
-5.51675432457669 -2.0402154363578227
6.055063264349525 7.653733736571488
7.002546274158249 6.948782234160239
6.2333385538417785 10.478543847163545
-14.14509458590093 14.73496041340795
-7.379115013502684 -11.010935065478588
-8.420848708147105 -13.211295796642537
-9.163632429596754 -10.386212405041984
3.7554835520075893 6.455226624387035
-10.371344572803896 8.622814265940981
5.334454765382038 10.166124745620685
-15.171217465765913 13.80561111703844
-13.54789219657983 16.642413269514662
9.46973542691579 -7.702510108399402
3.3288802363670946 -8.234071829867773
-14.038812380757935 15.096376225922437
9.969290523805736 6.117281352832286
-2.9561970764462173 -10.339589796409912
-2.376819944349323 -9.883777502494913
-5.369950873802716 5.9425020532644925
-4.336189312541668 1.8277295681025727
-6.315710615894371 -10.942807336705622
9.609958437620516 -5.011455017689169
4.1134858699845696 8.744074948381028
-3.2143501426660603 6.03818564568923
-10.80061369947513 15.771172545993238
-9.194531117925917 -11.038479422959027
-0.7787252642130642 -11.00187351366729
-5.778758964785863 8.07953508623213
9.593001610445551 13.097422987261602
-10.87313726337926 -12.346790320149555
-14.641314043826133 14.921745678562063
14.44850324892193 10.151560429892143
6.72271202033532 6.726277742687527
13.179182822715422 6.480594349864393
-4.837161526793102 -12.23340844108285
-13.660528447706389 12.797306553501906
3.06372790254823 11.77031396888541
-3.810956150272264 -9.68978076180623
7.348938730063651 11.139498792518584
-0.8840965582388796 -12.710584208544931
7.434886693723531 10.829742142381376
10.651197220256865 -3.908299424740104
-7.787319523076337 -9.012169654008286
-0.04672887151321703 9.892150712832304
-9.089736114175347 4.297649051185376
10.099207699991172 -1.361475759895356
-15.531562909163533 15.908689533778062
10.220261128514455 7.857490740597509
-12.502017856020178 12.199856568125695
13.465609970949814 -5.745485167279329
5.4767232017925185 7.884433845013996
-4.388743019863329 -12.260308157785174
-2.736449411012036 -11.143658992417196
11.31571836577995 8.221127676802286
-3.2500605783110172 -12.006392241094863
-13.641472862851508 13.72793102331806
-3.8293862788436868 -9.83560578235661
-10.194404947916746 -11.243576216605174
-12.370850215372105 12.76494752186518
-9.781644048106116 -9.77303741622153
3.3911033913622255 4.543407181637537
-5.676516361817535 7.429535513106189
9.13793726400992 -2.007542029046178
11.484940973572797 0.41672473662969267
-17.282093981993594 15.583128232709988
-3.5754481141684495 -9.88815309962589
-4.310135866103798 -11.79591348852766
-3.0784145675716186 -12.444308332612371
-9.843507295860922 -13.903643497806172
-0.030662864726442862 -12.851803533577712
3.409204799018977 7.5025767751457
-10.653156856330591 15.705283103765712
-1.3085041941047693 -11.853805175697198
6.85062427506754 8.791838561606903
-5.299563725196203 8.109725551240594
5.9492781104299715 10.983055484660355
-3.578498132711532 7.357549598831913
-4.214222916573357 -11.222343508425904
-1.9995580828566548 -9.273703189457834
-9.355559294631213 -10.289969302995985
-6.591818745679237 0.1701345404981005
-8.40816724906027 -12.405784397928327
-4.743120146455027 -10.182287473576713
-7.721910261494758 6.117198223235414
-9.304162957936475 -11.46619988094883
-13.919154658191683 14.974015653546855
-8.411983812083065 -10.029974335122528
8.059462966627306 9.403866834185948
6.910483646289384 8.284949958754082
-16.74669226184607 14.065889677132967
8.59690812428028 9.130726789582479
6.144513350006967 7.120028492475143
-6.050526735087558 -11.821034737804226
-4.195934737239757 -11.574365712197034
-4.021653980941397 6.804403769934768
-12.472724545663194 14.00872176509382
-10.693992811617226 -11.822961831120569
-0.6341509977534177 -10.810505216964994
-4.714859579566381 -10.854317346733273
7.821709623144447 8.568534542021041
7.673845432329445 8.04918171038812
-11.475486586040766 -7.234257698690363
-1.8987009059800488 -9.454763550459894
13.207957742338937 -9.247855787565813
3.61227438411466 10.558519163860062
-3.9320048292093763 -10.644079745145165
6.229189344138939 6.884450534325077
-7.6340551882098495 -10.36632022228667
6.01317299826832 11.130810057821382
-12.418995349731043 14.98439765152006
-10.146361593070772 -10.949594435386985
-2.535534756974986 -10.693355805493505
-8.767390549497197 -11.432004264526968
-3.680182368737664 -10.750386893927761
-6.592594449895137 8.351410035370586
2.461487146568489 8.371167257791635
-13.322988975796717 15.067371121981212
-6.256972679484323 6.208192288932052
-2.9389568267614976 9.768246859352827
-11.475723196562267 -3.1323887462178845
1.2733980703742311 -6.056612805177771
-0.6475192023823624 2.735705545904665
5.065839951790777 10.364665624528051
3.875564706198146 8.815711306138262
-4.125152635313784 10.527237839553397
-1.595016972208631 -10.537780975218949
-2.6326565898110594 -8.245535061660103
-4.173962154180635 -10.901872800155536
5.8980430163211 -9.151069255539419
-5.171679921324287 5.19231980904722
-14.662551142394861 13.069307443380666
-13.194002121382594 14.195697896190135
-5.347281747868193 7.1211447575783104
-8.732758389847154 -11.678793354193665
-2.531491909623905 -9.517302858177873
0.446964278316889 13.70955207330909
-9.44139414906276 -11.365642931383736
-5.521955032404925 6.400036085842372
4.104675370106324 8.295580090454964
3.341314415788247 7.299075236948322
14.389772907286435 2.8048586972948364
-7.451505253006942 12.0440913135653
0.9593004147171911 8.442699222511148
-12.852363785270848 13.63865149291173
-2.434891956933971 -13.662235302930842
-9.291259925497792 -12.368624908715157
-15.8096259895682 13.04215263089662
-3.0640499414080775 12.551382161274443
3.2757607221988825 9.809054422684659
-0.7179286938148488 -11.675377542494308
11.556158592884252 -4.846706701351115
5.374278249611593 6.852534378488036
-1.645334062953744 -10.667747016682316
-7.851771217055908 -12.37227716888012
5.756461607142785 8.30723927904347
-2.973244644693268 -9.66977638489706
-1.9106043281015481 -10.832670931886387
-10.861735895325788 -11.268199048268075
-6.97885023601296 -11.71764154454539
-1.0667963382399965 -9.935633552285992
-4.1956340761575 -6.522664579181344
-2.6170972415204257 5.943995019615092
-11.483467918600468 13.613312179394741
-14.221898157082599 13.396979044025247
-3.1310819455658763 -8.964326706483046
-13.427996779206309 15.509213016417654
-1.5723323901571764 -14.79077517022132
-14.795801837713597 15.653526741397139
7.029979017354819 -3.602295976532755
-8.0725270283731 -10.890220989015333
-5.06671244455484 -11.675731149672027
1.8559259729565305 -3.374798881003418
-13.241660093873367 13.989778437521402
-13.232097931484661 12.819887718454217
-5.88535108055111 7.918619681956587
-13.12125538934016 13.872128621225242
-10.107766694508596 -14.6948931228629
-5.146089428099174 -13.06467150550107
-11.165024797412144 4.590333432668473
-1.2605604451060262 -11.153090738931324
-6.022590351648805 10.455437444793915
13.934781225105898 -10.1657831886488
-10.614639243247145 16.307140327468822
9.256483242599476 8.561666595089111
-4.569465840777557 -11.869404683869426
6.255749716456012 10.055231616100526
-10.313672071589284 14.87631238551502
5.640515236294733 9.671629761466509
3.9023676682410606 9.630208181296716
-11.991714369471874 16.525960237091777
-5.362469875652073 5.941891515995127
-15.47608510236683 17.297663828403795
-8.437342526523839 -12.131469510278052
-4.5723253198931015 6.517084151631366
-15.13010699102825 16.887996647337165
4.314198324128431 7.932618467698781
-3.6569816926188627 -8.132476558861379
4.881482669930828 9.002266679562455
-11.28999270266054 -12.22295596797597
-14.94596985010391 15.854262093366824
-1.8422910591289348 -13.936634461723331
-14.161943017596817 13.251130122970743
-12.705970314339144 13.664679404446792
-1.4329370406064776 -8.121858271816862
-14.46328855770738 13.948062902593254
12.239655640037125 11.557878013402604
4.209881023406915 1.6970171308624238
-9.827550118746947 -10.21544432009385
7.036456006308793 11.247807878420671
-13.18606806611095 14.221973849688132
6.200529935048871 10.39913025000817
-3.419229782405097 -11.789442246251006
-8.416941444418919 -10.194955161653965
-8.974701362377465 -10.099947173277645
11.184043423832762 2.471735992989064
-6.398272616585173 -12.312114856480783
5.746571622448226 -10.663493044295109
10.880486228600695 -13.091394299724175
-5.630873113906643 8.153835645765346
8.053126157434548 -11.86794084777944
5.181228694167784 9.92279216558597
-1.1900286884156837 -13.052560008455353
-4.927599447916846 7.342944038348622
-6.213417662553707 7.034778153325585
-2.506088647150662 -8.755988384366894
-8.117901626496069 -2.04438894518659
-2.631955462942221 -12.675640082237946
-1.2392745756156793 -11.705178543175588
-5.883058642790932 -12.029889125582843
6.3983950901777815 7.428576818938618
-12.229804317201033 14.916760898196209
-14.616020359440679 13.326444055860934
-4.068819288100603 6.671144420147854
-10.11540361556085 -10.45235791684011
-5.549990414883281 7.655727200960342
6.608627786084284 -10.587517450852179
-3.5423270414670665 6.306435187426607
-8.645507429000316 -13.605874735584653
-14.405444966098536 13.245715549203153
-4.73654240141525 8.793706998339232
-16.030064277759948 14.422763750625007
-9.588866739862922 -13.236407377496908
-8.80418164090438 -12.23623110458342
6.4912284828140105 11.914774033111076
-4.501140361184051 7.770133626949851
9.419405020411505 8.019627267082612
-3.3396595862963387 -11.73517986355128
-4.455686426272505 7.088204660590615
-0.2431592812476402 -11.493055290209817
4.579525327856388 9.33738015901266
-9.237107719702902 9.2149721427153
6.600617371556962 11.6822718699447
5.8815342996248665 9.077154298017822
-5.016091516469145 7.304342744765141
-1.7546216936153143 -13.271912650312379
-14.983272281964876 12.136297663263282
8.516593270917664 -5.08638596577989
7.584607546265481 8.019874543318329
3.3993268329160635 9.949810206422281
-14.235272721716132 14.414805263040455
-14.390953512772233 16.035110177735252
6.620428279825944 7.205626557044073
-2.918732013216722 -10.97506139305467
-13.077816282414837 14.170004879202697
-4.8212205639862455 8.480724540484955
10.617988978467679 -2.2148440047315923
-4.8404405403789905 -8.367837336681578
12.363731903435298 -11.0767927575053
-5.62507987784472 5.931392502701689
12.89720740149923 12.845674462717618
-15.547489273814007 14.641816882498278
2.610742508349823 -3.266120869967784
4.697556322599773 -5.368721631116431
6.753123687975918 2.058668754908606
-13.060936555435294 15.092506684469008
-12.052787439933532 14.023735313629555
-13.188729938424819 13.715486623535861
-7.023042895038452 -13.30513814882954
-15.515491236766087 14.347198055328779
0.16877657080477793 -9.01132053837092
-10.200908657343684 1.9131446504474923
-5.781093397501194 6.63228880427914
-1.9563466583180458 6.192568694817707
-4.630689942789719 -12.427268491622353
4.953494872787116 7.315724210768947
-6.932557304179175 9.509043753598286
-11.658924211062175 -11.585254565257879
-15.752384010054229 14.763291652564709
-9.70997014726683 -13.217265757825736
-6.310146478127641 -11.848244473329013
4.2273244266598935 11.177344787097958
-2.9298464419955286 -9.666245663770768
11.558780014233168 12.651575134838573
-0.6847492226419449 -11.938136561427523
-7.851326853566184 1.1329827931737952
-4.854732686376757 7.980597452432889
-13.576526960772807 12.86109349410018
-10.12183363064321 -11.243956559067367
-0.8353360047581604 -10.11848503708304
-10.280785117522832 7.584167673751047
-6.17400067254259 8.996489633367261
-4.953938561002308 5.281301363314998
5.445669459715114 10.316956326720893
-4.339075959573244 -9.094888244913372
-1.9235702061652935 -10.25801781283597
-7.9431971894301405 -12.50362046094571
10.110756600154513 -11.507468387715944
2.500213351014324 -8.356954747484608
3.7699343429095182 8.11794876740898
-13.34392352845024 14.050021246233907
-4.772490906929147 -9.685139388975296
-5.727999702345546 -12.180615858349901
12.443982386119497 11.358713838194632
-3.800261596177525 7.279940537621769
-8.770067426049915 -8.634729995198285
6.568286850555399 8.620853039862162
-1.4763914602490644 -12.004478645963793
-3.5268727372797306 -11.282800629484482
-12.932521316782688 16.911996269279683
-8.216835419247701 9.66515012210624
-14.10515048391134 12.29461474784173
-5.373499830460396 8.857450122667478
-4.58609831544563 7.940497356690065
-0.43591331369107955 -11.801598293068627
5.923147395208446 9.029451091485663
-0.08017507040772287 8.933771455269344
-11.264247093255362 -11.61971983050118
13.16213800714089 6.996483900757944
-5.877636989490047 4.913103752407727
-5.972108281728286 5.908286562502644
-3.7618833957046585 -9.651898716291893
-7.941767187777407 -15.2114281427665
-5.096079603248568 7.456092594379699
13.91776919223842 8.480522225807526
5.962390889912746 9.253926197297348
6.548449541496364 10.300540682064764
-1.4738192610020202 -12.520045652943633
-2.7722183603120123 -8.882315943528337
6.198737533078015 8.586959012166785
9.241444846364129 6.441172331682548
-5.748554951650176 -0.4214757390605328
6.496352196431458 8.453548985450935
-2.6726833838997326 -9.640300836657998
-3.142433482177632 5.0506540156083695
-3.766795037215285 -12.860290613703405
-5.0350998926381125 7.661592786210534
12.842682787571075 6.454077875925492
-9.764630116024772 16.697356562864297
2.9056676987672234 9.242592736429398
-3.551414094659507 7.41182253422367
4.909574431491667 8.876356584923998
-11.54508445805941 -13.7343504743299
10.112398719199849 -9.897619747880285
-11.852582340476939 14.980140316924192
10.402125126593493 4.774094994409555
1.5651882463287912 14.401555261390737
3.585093807146106 8.640966343088683
-7.309615004999107 9.449412512680418
-8.402000754631587 -12.207612130001692
-12.923562538714007 13.785907567257453
-9.072822324221686 -13.790419867369742
-3.00015335580887 2.8041986587073664
-3.417315380519497 9.96059160414202
7.203518596530442 8.0265555863575
9.935762349318733 -10.313922365122846
-7.493645676832962 -10.92111691483501
11.153883670361953 1.6020958699878705
-13.016397505657336 15.253838086318366
-3.320833075098651 -12.027464045307514
3.7154926422682557 -12.85642024938965
-7.996865396759791 -5.04607408557697
-8.661510170844341 8.23067486838804
-11.794602999198066 -12.877539568091244
-8.57564379992684 -14.08396911362787
-5.932871512958144 7.077487200649909
-5.9318004988416835 5.575816008509533
-3.6463080077980123 -9.25113964986765
-13.526445768788184 15.8168869786802
-5.1377713398148925 6.254626878115722
4.79339717816475 11.307659512840997
7.471295620607009 -4.362217226053923
-9.64210444179405 -14.047270783865024
-11.177253746922625 -10.3227576002028
-10.312349740118789 -14.296146874268931
-2.3896264768740423 7.177279543697912
-5.29086270031071 6.45081930858403
-7.718119938596226 -11.442866656764448
-4.398536490299344 -11.633146241861303
-5.280659749763601 10.29933507807349
-6.9708671349104545 -11.399509907259286
-8.515453158445318 -11.750520556838257
6.128611956770787 10.645185790479227
-13.554475320286517 16.242905451414178
-14.67682789412829 13.77005376541713
-10.079075730180678 -12.45590948522175
13.332874666736625 0.5143551668674124
1.8131884979786372 9.298768105320988
-4.471895067387783 -7.850009131339158
-10.658190524027344 -13.180465711589838
-13.2614883932802 13.600719564011712
7.432847334668798 9.984534929080374
-6.871525553003847 5.3162123868631195
-1.0821492352045599 -11.110778649069683
13.299288470018364 -0.692910196482817
-9.703866743262592 -10.867026854192286
-15.617675275019492 15.304343833446191
5.522048174249546 7.362836890375602
-3.9644215850263076 -8.91214292999149
-8.574822722089033 -12.58056946099034
-11.778425639496822 15.75780030206128
13.686361908931147 -2.2735417467827563
-2.3662274740561156 -10.9152602240367
-11.360770224787574 -12.665567391678122
-6.962925227333351 11.764348403424453
-1.452304444010295 -10.241104142577445
3.3250885636006267 -1.640301504366402
-13.081386034793429 15.010767322905053
3.5553759557184317 10.762487602181936
-11.03471006270171 -9.909135765911671
-5.821545202751997 -12.146122464638824
-2.779702617900495 -8.581124235020738
-11.433437531162129 -12.41093001436201
-6.233450365013884 6.469665039159828
-12.282559057598604 15.357563207374712
6.032891344159 7.169607062386005
-11.551130759791622 14.197703491735576
7.127513635999641 1.2543874757707911
-7.123409415948016 -9.37205613480791
3.6006435523783384 10.423400758173212
-13.56287224205073 14.50984797112896
-10.168667177788395 -1.8870129680466157
-12.935521378449613 13.222436452707703
10.503453182436573 -1.4728617816733198
-4.677199983347305 -10.839919784834034
-10.111462212928698 -12.452083234265304
-1.4144951486268713 -4.269464013457281
-9.419997666513378 6.288780643556038
-1.3246962024027966 -8.260652950313592
-12.754450842086895 16.29209725627048
-8.864518896536332 -9.663818848604091
-5.16280323600584 3.8390354289428066
-5.999251379173274 9.167709683412863
-3.174066532134307 -8.59529174055157
5.518448905924524 8.94545248090175
-12.95883867479387 8.923091912983502
6.72352021549718 7.21972024225983
-14.325008491866042 -10.709000629193207
-3.771302999452335 8.922188518835059
-3.8254937410001717 -11.619658867406674
5.146479166197288 8.566271961367413
4.386632788245026 6.919802927585364
-11.402008635809251 14.134852792888324
-9.817101339750032 -11.160571202387864
5.942504229771433 9.186277160517548
4.155041188992285 7.57816995387379
-9.856589266702498 -10.094625156780806
6.019965578385349 -4.672114206818987
-14.432973207596696 -5.358137018758951
-12.248560516923144 14.262897128672575
-14.78961195402017 -13.970158289332172
-3.1105263273122414 -12.675131347427829
13.525960389416156 -10.69243760621816
-13.18767305343407 16.860171806196604
-10.032982035365265 -10.542523671227498
-13.432095693875713 13.049834397667317
8.17990850630625 9.280808966439176
-12.995348764139486 12.74017791585075
-2.375884699867867 7.06108513738248
-5.371680979553142 -6.908129178096921
-5.282309898473739 8.569668604546006
5.281533346653754 8.35215401009202
-14.063944505424134 17.477443959121405
-6.6137696818494565 0.16428963808902175
-15.611988047498766 14.494736414942436
-2.1201402749060945 -12.087167699545343
-5.749561546438836 8.319296888500489
-5.254818189817531 5.914944827621595
-9.07517078636682 -11.542814278443077
-4.0108330983608225 6.137055333388128
-3.6890625845221714 -10.6634470697702
-14.8962510268083 14.399788866903933
-5.826556721057212 6.771521113818156
-2.8349447083896817 8.004616288688606
8.278782135414705 8.194634993606673
-9.032104956091347 -12.817255165536594
5.4939278115303445 8.21346382964954
-2.4533935781908847 -11.249544406209514
11.464282900033677 10.105152472214868
9.148643690180656 -0.00324367651430002
-8.280377730411857 -13.16924553888902
-10.623715651174045 13.864078339280512
-10.180416363698319 -11.37218609595387
-8.92312182665833 -12.725147447365028
-13.138690874084622 12.852698643725939
2.6043392980880675 4.232294736409067
-6.54755296429145 -9.487650978114143
-7.897402623088476 -12.274918340006984
3.655760829153633 9.600329545065819
-10.062708879511701 7.817028977469008
-6.60125354157673 -1.6105106015976087
-8.959061372399459 -15.502067945298386
-12.434828090918936 -6.179071498090078
2.767815952096306 11.395342702004992
-10.801853711780469 15.159877895443278
5.157736698394515 11.019887919902233
-9.745669327936021 -13.79411281631411
-13.274299251063432 -0.3811937035276092
-7.572676718141959 14.399749964309045
9.258890084247849 11.37098846243846
-11.726858556072612 13.169251949797665
5.1829232509999565 8.210985374282515
-0.6324050387341948 -10.302756082868942
7.981331558903993 9.028853774974126
-2.2062423149873407 -13.980886350304802
-3.912011093054147 6.023081976962948
11.085994390312656 0.6006002930835859
-9.836540785809156 -0.03368429930675276
6.688752278035469 -13.379536634271862
9.06967820203322 5.875935294342575
6.373064553623156 11.204269779973862
-11.631279720268017 11.458165663316791
-7.270288040783677 -12.277985117548067
-10.72180712902231 13.045335087628565
4.4936286631931255 12.43089721108015
-7.765428301980857 -12.844085801583388
-7.353094568997446 -11.926187524483701
-13.865689807709352 14.180608219328116
3.829961499400151 9.494508709126293
-12.795605856081124 12.304991710190027
-11.216131913585686 -14.10669807257699
-2.7376437049284483 14.835649309877788
-14.35331650266286 15.126016219094879
-7.44962950879772 -13.204695970359108
-13.623158138676775 12.87505686118924
-12.550121974487187 13.483124751075309
-1.4857934928806937 -12.963644058819874
-12.735819427884431 16.87000987793133
-1.7008633162886189 -10.56720255559946
-4.018866737340106 4.6921112270043
-13.331920603775869 15.07407867668407
-9.673909204786467 -7.420101043402113
-14.089766591997718 -14.238919089730373
3.0467674430226532 8.125652327351869
7.705786678185565 12.428954780936404
3.487361144887452 9.094242400301276
-14.00913449846028 14.567729028223322
-9.906366120338348 -11.029563386736745
-6.858518499934858 -11.218333007533543
-9.873203581126075 12.179394405099357
-6.644239049837322 5.513332328906903
3.2766099215026756 -14.855753072201594
5.481748930145538 8.569336886607264
-14.533504285389961 -12.64325353331557
6.7254596754847515 10.685572959391653
-5.634427038837326 6.797340820154087
-3.0068888426937233 5.299907520887174
4.666857076954564 9.499585887333176
-9.734230250249214 -12.361725234117943
-12.324908109831437 16.667147153325928
5.4532280518096465 6.4415817274122205
0.654556998767887 -13.227095679745771
-3.361408405792446 -12.577791593225475
3.1644054501797783 -2.6915028069525366
4.86235767659886 11.378664740760014
-3.354219020580322 -13.929204315187926
-0.9909942590325826 6.819041488198918
-11.74771588509148 16.06808713226984
-12.392885797404956 14.187825218901953
-15.583543629722868 17.194876684959368
14.792381200434907 -12.322478443906995
-7.311668061879157 -12.578989806536901
-1.1522941229606896 -13.489879878641805
-8.878535503468282 -13.562349472691857
-3.2791509969429424 7.746368386512055
7.947448944050215 3.369109391078691
5.4786986661547745 8.37449549814153
-9.836732717025281 -10.774127063502538
1.086388559060861 10.506933115698736
4.541493723002247 6.331877396056784
-14.371545139929083 13.45119581544679
-4.635909126376735 7.808452887922685
-10.26186645295645 14.77067043066491
-5.294417064687536 6.6475570226057945
-2.906843949042907 -9.591033136954056
-13.495984581325905 13.205025554196808
-11.75681474197161 3.6162342079677607
-8.888062459753861 -11.78408159545621
-8.216181603708266 -9.503505825565737
-2.926861312873982 -15.259784248560184
-13.233236944101867 15.838041843078381
-2.7264114807114463 7.412341609010142
-9.5388422179078 -11.522500923118034
-14.841877006052911 15.986330436644545
-3.315612601060722 -10.195654910485642
-8.606413578673035 -10.596173138634386
-6.773844650440431 4.80104550779423
3.6490693702702863 10.260706509759661
6.640412586941569 -6.196147401327774
6.615179481351646 5.8991865199449425
2.8327176647450756 10.541972835490768
-6.9208998396409385 6.171555292285503
-12.401499522048475 -0.8824121982228572
-5.091264579907317 5.172369294760109
-4.35154537253344 6.421581987826264
1.3543125724330594 0.7325665265379779
-2.6733123751775647 5.520289386552204
-9.898111776095234 -2.6488220880423388
-9.325033152938554 -12.240245762493766
13.08373739914419 -1.2672774361585741
-6.749650298557479 -11.877211155049883
-3.399125715626977 9.485873514039397
-13.200167182969283 15.157084886751353
5.373027404817608 8.85296547151806
-4.653075881366557 5.062832515075435
2.4173262218424467 8.64437604971949
-3.053713356121814 4.325897607678246
-12.437936699820344 -14.079589654061241
-13.056622855478878 14.936630717682366
9.659950666118082 -13.615549302304764
-17.033321187241256 13.963086023868915
2.5043496438328483 6.14545509221986
-7.347291110413887 -11.329439683071511
1.1378781626642116 -2.407052407844212
-12.746309106654255 15.862339305535091
-12.34908855429173 15.499615593452718
-7.589811536700304 -2.2704682807567504
-2.1673888796101823 -14.024082182012078
6.040197005545435 10.264767526480993
-4.627117054324767 7.9519896331236835
5.7330565074672215 10.544637616208256
-3.148588526176026 6.582631129410254
6.260414971416926 7.177722691695025
-7.996133437966182 -12.745599880628681
1.1026993225581876 1.2131960790687835
-4.213849304212629 -10.51956379906926
-5.562335612555107 4.569827988144109
-10.178227178555087 -2.4787496549822237
-7.882997246632336 -12.008957607346893
-11.606567091390447 15.127377480581725
-2.702928139918708 -8.5903529836648
3.50547542273197 9.381256108323685
-2.473805365123823 7.863830172121281
4.9774246313259285 9.107338573056271
-12.465277672619308 5.679999910399907
-2.374979136502312 -11.380089084766546
-9.29222842052189 -15.439324435631905
4.017161910159859 9.365767908151698
-11.750280288182712 16.29478660650049
-0.46400153581162584 1.331524036761305
-14.482165136672245 13.32465622007878
-14.180177458198436 12.691994553173972
8.180036786854583 7.98027044619746
-14.739629638316229 14.60188794499927
-7.869351455133624 -11.724776010982929
5.283360302580358 12.047388384890082
-5.067156430066581 4.998369846286035
-3.8596308522807146 5.4166524899160535
-2.8568045208787582 -11.621837994372534
12.750038606972605 1.9141145295047757
3.570715657767294 7.685288805186815
-7.597207474393242 2.6051874238188404
-1.899748253932782 -10.779340448529705
1.8468283706842037 -13.481626417635578
-9.414440441352724 -9.63861726173781
-5.332821708441827 8.126143650413749
-15.72819793324975 13.852291578120129
5.219907640571106 9.33185209043226
-2.1771321916113777 -11.471982238425431
-5.761367373996923 9.3018509731546
-5.365966715294895 7.059159730486215
2.9010235693021733 9.924088588733811
0.04809505936134428 -10.836444189307434
6.1867557532479935 9.464095616126919
7.888314313555249 -5.424427932037299
-2.8431670780706355 11.814681620114534
-12.990633486891733 15.76220153891991
10.221179382088927 -8.201598527147263
-2.8387061761953105 -12.06966273034321
-8.252223043373307 -11.802760094567029
-2.300401065952221 -13.487942140465641
-8.188257568887666 -13.455254973380622
-14.459940883491536 15.360965554697067
-13.64270937607569 15.292353265173137
-8.756786169268324 3.4111242097602243
-10.888028472291698 16.119583533205105
-9.050713915203783 -9.387687688134843
8.370132154348903 9.96228753038821
4.287908965760153 -5.107711832090629
4.576348052819905 6.794882180860327
-6.1414971416314454 9.829128819171316
4.882970866189359 9.360766349571755
-7.65190334136498 -10.340631751742016
-4.278143873925821 9.079151554652487
-9.227502499414786 -10.364983608260637
9.47850614579174 -3.6117754378946447
-2.6634541087636863 -12.87617265567131
-4.199471277336568 7.238346158139238
-6.064432806000076 9.972301873567053
2.5611945073752693 -10.813809055130905
-1.4629615329204502 -9.73836000516564
-8.074627939950402 -13.882470294688874
12.859129447792903 -8.415804424361777
3.9821207614533116 11.224462807064729
13.845670720732791 -9.239487553799139
-12.911120362603468 2.359582119260047
-1.8245444675558333 -10.380937667446341
-1.34967604226898 10.22622557862693
4.72893571654325 8.261839892065272
-2.3267939831683404 -13.588508667347138
-14.006663483726754 12.871417549337991
-14.508448981494238 12.11350568119579
-13.041247656288055 11.923489701073606
-3.3639604779994103 4.057149619333366
-13.78240403580779 12.388030272474415
-13.581349310845363 12.17700308271866
0.18879875073785035 -13.81984749088469
-8.876954438590072 -11.402778694580318
2.7067637677863203 -5.850536544232876
-6.702525766259337 -8.498735816093788
-10.731433094339195 1.3720733578028543
-8.665004308744066 -12.19277591361962
11.522421311552964 -3.091895110878381
-5.830086497763297 9.81674825511131
-7.148822765362475 6.321977879906966
-4.18952944562974 -11.516445870658826
-7.56147431384416 -10.691516440734661
-13.20117398121246 14.308664539106637
-13.145432491120445 -4.850614819409406
-13.316727176953565 16.850208900858423
-10.306125281652367 13.712600806235246
-14.841096652800063 12.379937649438995
7.351858448336461 12.595393677041141
6.0582281907770605 7.335494205191828
-6.465149579885585 6.274806284210083
13.796482703411282 -10.209418291994979
-6.093745103685922 3.799437383946408
7.783700782109962 10.90688678686675
-7.207288942482901 -11.088572584308805
-9.588132474364066 -12.027209141666953
-2.238866258182607 -9.648418000724506
6.437767118465088 8.126806534969468
-12.24000220594821 16.059735245222765
-12.041332951440332 11.735757939760102
11.619845700693233 13.884825752655601
-1.3229523359512065 -10.363169843044485
-13.429377536627973 -9.621716981992183
-4.24531033012521 9.678323369023571
-3.569107571237113 -8.452472713614151
-2.7749998899904833 -9.204854221326265
-9.081253317317 -11.210481704812135
-3.8463539302011287 -9.150052646084106
0.011113660090751765 -5.043344462032465
-1.8229731015302393 -11.974523907374682
-4.222630996008581 8.84362260883809
-14.290510736912664 15.355112253646123
-14.683269347591475 14.460282251224351
6.605005180155196 7.982304556870092
-1.870001838613248 -9.78976742646829
5.5772478461417645 10.940285566369765
-11.100640495809657 15.243235407375211
-10.468349665684077 -7.010418493965832
-3.2858867474210793 -11.658159949066627
-10.250610879601304 -14.191218966693658
-9.674343882892073 -10.031566176836971
-14.489127717143191 -10.185712595148326
-2.1941040240015286 -13.38344660586716
-1.2079972442069749 -10.246831320474348
-12.982071444807087 -9.126314486029997
13.739321038219668 11.03607203392491
-3.713185594694201 9.977215036929296
-15.066104018620162 13.230188258468294
-8.88598377242152 -12.130782245078459
-12.09758825963451 13.519699676183931
-13.37282851314266 13.525308746792351
-5.419304136108167 -9.73241223958134
-7.641217126986901 -9.911056842859946
4.930840373451783 14.718369470223244
-0.5792247849890031 -11.95472301822506
8.205788355816832 -8.746722607139933
-3.227360013167525 -3.7231790326764944
-7.609027763991181 9.36955898061505
-4.713169441434214 -9.159319150970344
-7.071184017083061 -10.69043873868711
5.753961737161279 7.566058081070809
-6.021683395967569 -13.664774040996218
-8.756579506316328 -4.686375696777658
6.613684485240125 7.1264563354341535
-6.731348923907455 7.891777972003148
4.919531364967236 8.542579267141166
-3.018523730991305 -12.573576064609114
5.080490576921323 8.262985866986988
6.626375673636314 -12.472170797112751
11.126312802133594 -13.783274143115467
6.21968310412444 10.204339813170503
-9.772918307392322 -10.443735197999239
-1.5699730991984235 -10.54923987746301
4.8878023384122 11.822269181447503
-3.625224290141145 -11.976154659753456
1.4572387627185606 -12.992814750286719
-7.197712842920145 4.090298008147556
6.017946140799252 10.63120659583707
4.754489779597222 -8.600709654097392
7.114345361606134 2.8789895338727263
-8.483786685642244 -13.640307240097428
7.415244596977056 9.012101098123114
-13.622582147935033 -1.1911729775928208
-7.821416083467128 -10.874425892598921
-5.529620184075861 8.90043971935896
-2.5087242626506425 -13.545113680696648
-2.3728426466571446 -12.1887482338261
-1.361686639953569 -10.753566349921975
-10.849442592315343 -12.259863572207827
-1.7369055111563574 -11.04451837795935
-13.930872953024785 -11.745051497842002
-8.550308660865857 -13.126187783495762
-10.403713173819517 -9.544936853259859
-4.797041391263528 3.614489658874116
-3.844596904206523 -12.623626956302111
-9.22678285532629 -10.115851826515632
5.5422668838280575 10.711749277754835
5.064484770469431 8.21368273051679
-11.8495864096664 11.089982189586024
-1.2202868748254323 5.964495447102493
-5.260402348092149 7.158157757065177
-7.2073519300247 7.678492047172518
-1.6936735450618279 -11.718104176394696
-11.557612529301164 -13.852505508616288
-13.60563013690746 17.625775028147697
-12.256329403347163 16.212850301171652
12.887297280666985 -4.529667837730717
-13.525333612553208 11.494567640471459
-6.677741051366694 8.611317673127225
8.337546596293755 12.067090961116499
5.804070498029789 8.342028534186511
-11.520269263298669 14.460346508241011
-8.888739376776197 -11.312221377208807
-0.6834422238038478 -1.870527556175352
-5.6253533430312554 6.79151255948514
-2.729274623846753 -11.605750181551647
-10.502861894542669 -10.09178788870221
-12.364222212174788 13.176844925303048
11.95644090977692 -9.046570602696011
-8.764846878698005 13.156325373204101
-13.07377692443774 7.628124633451481
-6.590798102431609 -12.912910585799578
-4.050852094301165 -12.568476281518764
-4.195209919335958 8.40680046222793
-6.58745305505998 8.77144842573584
-13.066966612791902 8.122405012592974
-3.485059980920928 7.245621051128099
-9.299181808540654 -9.210628887566973
-12.806948619664066 12.97727988249743
8.37596664932953 -10.636349119092737
0.46220495305932907 3.9921458133965118
11.285238739192856 -3.304652808889271
12.272354755159022 -5.114071482397977
-11.71619665665333 -8.984404917953102
-13.39187501615721 15.967195862416805
-7.9794166695476285 9.708659729095217
-10.185773958474545 -10.87851842965706
-12.43419026719516 14.907534560673886
-8.085880855942149 5.635944855267114
0.5945039895809767 -5.758664939822692
6.31060035037827 11.033295854610223
13.440101299498004 14.60452962154664
-2.7135022302788023 11.163605947237542
-4.261920881133776 0.1020879451319523
6.929646957127126 -7.654744023599883
5.334407636645575 8.22102498493059
-4.055262413932626 8.78723864892443
-3.9607667061921603 -10.668575576868363
-4.279727831425862 -12.505274184011824
-12.599382864205287 15.53235610726446
1.5531463096170093 -12.36399922361267
-7.865315366105216 -10.843352557556646
-8.030263817393312 -13.980300496588889
5.452705012320829 10.429649350560556
-6.842527112633224 8.002610516269506
-6.491969871821473 6.8076827679802685
-6.433992408165964 -13.596977218409194
-2.7683057658359425 -10.308413177720771
-6.546196291206589 6.9270335643618095
-11.034812419857701 13.681284011251304
-15.5216951031423 13.416384880052291
10.515668139450785 -11.395883995075481
-3.1032625990299483 9.178920782534473
-10.083234533113906 -13.217312669376035
6.306097424949657 9.515463225101858
-7.089301470358569 -11.439042995215583
-9.160916035341696 -10.021251417275947
-12.946672581963139 14.317264609768781
12.15796111001449 -1.0359299900735603
-9.339980132917493 -11.237665210449126
-11.352170461389814 16.838000049667173
-12.852630152824062 14.493755451392047
-5.806017440604631 7.474415527694504
-9.295633781175578 -10.074237815178591
-4.18679801274908 10.016469156766204
-9.24794659507257 -10.2877390716809
-6.553984749810372 5.189511101236072
9.412960628993176 -4.602176461908941
-2.568472425881515 3.2448095215265864
5.851950746852152 9.021789469595506
4.943670804962732 -4.431234906894305
-12.919448188412803 14.374856533661958
-6.520059628970062 7.961242204933172
-4.613271201822996 7.910881600573851
-10.785855109281767 14.98707960654753
-10.67644192681289 16.163890918249564
-9.3735021641466 -11.782709099635559
4.917028166870394 8.974378852241932
-7.6691178852373145 4.931861269174018
-14.774536468862673 15.963425978236662
-9.424316703651769 -12.566164744020199
-11.663985678976458 16.97683204223278
-4.82704107794759 -9.971805520886644
-14.978760753299008 1.5035747169143079
-8.126198718230974 -10.351326929325447
-8.69010604674171 -10.908421893016348
-11.260966342609091 17.06674671031802
4.3906950271701355 8.902914882147904
-6.572310591358156 -12.558439040535399
-4.513453818564827 -4.269640712761845
-14.439474097416173 -6.754360494348964
-4.937326527842985 7.40514870329457
-2.3998623101781633 10.159795203600087
-10.825974581038277 17.82871486271399
0.41334266126180985 12.780543850625193
-10.160994881929243 -12.23629476892517
1.5505254113697653 -3.4968706098785916
-13.960866941928233 14.45105531617587
-13.26508756116792 -0.5794897505365846
-4.764704960883751 -10.057653959352287
-5.487128554630117 5.687577601080665
-5.502529854160773 -12.063523325278894
-15.207025935476446 16.264771906981693
-13.79292390983754 14.866918271087483
-14.699345087790233 13.727179187800184
-15.218682405720669 14.349005987847857
-12.688679274190656 12.272635547602171
-1.1023842298045796 -9.298647065041077
-15.585680669259006 15.444514792696587
-5.907563742661474 11.177475097521626
-12.575709520709614 14.098407648212234
-13.874564362304229 14.718582071264509
6.82001219494575 14.064157526052139
-8.529554223846395 -10.322846273070311
-3.7594073314002965 -11.628588865059815
13.370843243237964 13.802478267562833
-2.3786683614353414 -12.114747501651761
-13.606471057679448 14.458578340328572
-9.53835282856272 -12.133761217681855
-6.524169277421328 6.936957082127592
-10.280741406411293 -11.456734706636977
-3.601564404649716 6.9731549713289045
-4.060228561725482 5.734824693784121
-4.735578173014475 -12.171445026108465
-13.056401640204554 14.918335621194002
-5.48337427381494 -11.611257124075147
6.42405636210958 9.415370961927929
-10.137456623431593 -12.06333664403732
-6.902364894100488 14.673888659348112
5.98888528820769 10.204574212122798
13.39054909400107 -5.28691880366666
-1.8386244562798346 -9.30817447827104
-12.546560541606745 -1.252770411280835
-14.179275759296045 16.630623341415376
6.7680566195377985 8.751758020213648
3.0705833394492217 -0.09653451033143234
14.363771999177967 -11.034346572227754
-3.1161092991483823 7.118784997407632
-5.009358651105062 -9.692059462609139
-1.5580785776109587 -12.11916972485409
-8.611043076176333 -9.50825156433536
4.468674586547848 8.95191827846006
3.6785522369492725 14.344530413015118
-7.705328521635632 -10.193931021378146
-13.392463750823243 17.472777389043188
-4.574761563027871 5.951530963983185
-4.221069781325852 -9.797791703829851
-12.617509259663558 15.33496166583837
7.296114303604071 8.46656829231364
-7.38651243973322 -9.024785042489842
-8.694113065639016 -12.77746074864926
5.449464760742424 11.112085526785513
-6.009765206246808 -7.440327065375703
-10.643914671429373 -12.927133594108309
-9.572139523613266 -12.472949374728168
-11.991442713966347 12.473531068627322
-5.015721519491857 9.2736274413455
-1.3271841803145534 12.49738201271932
-13.910436856716494 15.266710225798805
-2.9635503965847008 -10.684814601842007
-7.805546756736439 -12.634793799750963
11.255977622116848 -6.748382388404856
-12.73663638534272 -11.26048744690939
5.448665718266121 9.258525199555496
-1.0894144608899743 -13.425112794724003
-5.4804060017899205 6.27387999753573
-1.449354584853826 -10.243259141573443
-10.888145141567396 15.920385961751418
-4.1307462981198695 -9.916996609518632
4.62287612550574 8.227678697412461
-2.0561442662417324 -1.2984202485560807
-9.887661429809343 -2.6766489088273904
5.0156041762965735 8.323984258713573
-1.302261252954915 -11.141864130115673
-6.052096301126385 5.890251201543957
-6.928555838844282 -9.508419279275813
4.7062796655109445 -6.705655848510364
0.33498208692734543 -12.417621599705573
5.368204879516323 6.8843182998624135
-4.879805511491507 4.597406561779861
-13.877878825248168 15.658615010672932
2.720270653956784 10.109776213360561
-10.420113227292681 16.572432454092198
7.956360902696247 -11.539188150422717
4.810499978705788 8.518778184962898
4.618864999624151 7.878063745345175
8.069023901777024 9.365450541523787
-16.052986434674853 14.652580327863237
6.373330788494343 9.567300603153928
-11.706409543164082 -15.238842229731581
-12.677910347226625 10.923749162420922
3.7223228788257288 14.4266799591879
-10.800512328176879 14.82233618140979
5.780134142367027 8.018475009012574
-5.344680808629532 -9.84437852718142
-13.119437238050201 17.211933552081167
-3.3496081259454122 -9.982554678620586
5.908086538968995 7.006252658542732
-7.497334164619872 13.827292884500078
5.181798492833014 8.750918637290798
-12.545707149291742 14.156021378904063
-2.287284468671377 13.152307425979465
-12.443172543304257 17.114884454796904
12.820523189081484 -13.87522205004831
-10.912054919873121 14.787070893103392
-7.535024201784387 9.414045920695425
-1.3359404782482431 -10.287630378082715
-11.250700865201976 8.917677212259983
-2.7434676271807863 2.3281763178812476
-8.124268668321095 5.544146375633257
-9.47509345800864 -12.80973120169942
-7.308978821681043 -11.801826015519566
2.1970013366608505 -9.125056511860866
-9.111171809232173 -10.193510000788912
-8.40008828750141 -9.008880129682636
-10.993877058139969 15.071295676401894
-5.876575878612536 -11.040237376799158
-11.163763780868091 -12.449317850230695
5.648264278820676 1.6160795308251963
-10.847545352504085 -11.025687622203867
1.2395819160443828 -7.561112891289543
-14.451782581659522 14.172359758106426
6.622905084503522 7.195071536753169
-15.873203811867391 16.41034233405869
-15.293917841955018 14.77365801510489
-10.098732247322443 -13.027933620200184
4.281796588227974 8.405545842946113
-6.418298408816076 7.565187113485421
-12.127681272352696 13.718879163720459
-2.2894627475094977 -10.355931717659848
-9.189839756051068 9.026249434276028
-3.083366747929259 9.323821877618347
-3.3907374181489813 -10.942441662995298
-3.354490751101136 8.515679910182499
-14.34595212395386 14.990972685084797
-1.1170304090285654 1.1892712725111174
5.975830323895176 8.783518543777838
-12.401014253862714 13.625487809894736
-10.580346022011984 -9.510325321064183
-8.058104273038593 -11.541275681723615
-9.027435711767245 -10.674237809236658
-3.9979227521842793 -11.89027805961501
-11.042284494090461 -4.4304446274995435
-6.040063116046955 -12.778882667038962
-13.064313432901496 14.102927572300771
1.997745576421707 -5.807886100078939
-5.952581976978082 5.792061475102519
-13.174663287740215 13.365634037805592
4.770537184083802 6.612145986043394
-7.1708084401729755 1.7133624499179092
6.836779772978383 7.4612169368375785
-8.497507153725373 0.6396228964181585
5.327652162791282 7.856310017865649
-5.0318741298289655 -8.877146405872752
-5.716746688046113 -3.314548271460467
-13.574419766699478 -1.304810120888618
-12.667866193496137 14.3679670471535
2.3530493368448226 6.505062295821146
4.508737348489828 8.671598051578053
-1.0097918185449575 -9.70991397547798
-2.540779316690853 -9.525335686383434
-5.631820183583391 -12.288694031865614
-8.085518701533609 -16.004676616324577
-10.939044653377069 13.930716712870096
9.372367957079895 -4.329351834854174
-6.58057088753903 -13.13823432126425
-4.722777970680067 5.478274999997588
3.805683821855886 9.565131463019327
-3.491438417079358 -11.756595495513363
-6.710703149011452 -14.26446195965853
6.6011734293255735 8.803751229782852
-10.178858501745584 15.040052009313872
-9.183462692030984 -10.200451555713789
-2.0010989886614183 -10.467817752489553
-5.385978850918153 14.939312665942815
-7.413600688205303 -12.05081827156828
-3.3075004429952237 -10.459675753176134
3.3374595411701087 -8.941930211123292
-11.925455526280842 14.252163730338495
-14.742727310393201 14.295840439063056
-1.243298717704795 -9.88757308639029
-11.189068932098374 -9.50794125387516
3.339700042457225 6.349163398825014
-13.237998540915072 15.883367404582998
-0.4200771017728666 1.1585889957444415
-4.461537950821503 -11.209860293793266
6.995158820567836 7.997164939312475
5.69847300403552 -13.353849806161785
-8.783524112549383 -12.893417299793633
-8.576844017941019 10.940222622831527
-14.973539252016847 12.532710484779347
5.276786272537664 9.239384787973757
-11.233018830596901 4.607833597426097
-10.885568896922797 -11.280192711461886
-8.572822032799435 -12.954698984771559
-13.238340471558296 13.030907301283467
-3.186626172685352 -9.439243310533435
-13.930751278947321 14.05056382965158
-3.030363310079479 6.751516518435708
-3.94178169819074 -11.815916393675455
-1.9319862874090274 -9.237118605669725
6.429616875646808 14.604133280431697
-2.906340321990724 -9.824221518529049
-12.974550673967384 13.323785608735674
11.849362527337355 -3.527163788123243
-10.060679062389886 13.518402722489773
-6.649911086891819 6.558109855240915
-6.090954106380674 8.667490158329464
-4.2030331190595565 -11.322669167117924
-7.578762107923142 -8.923793439679928
-13.45975483559806 16.00062696261442
-5.424208788121756 6.448218601355582
-2.7681674085304215 2.1347292103132576
-6.429482086198158 -12.53841534229757
0.7340894400474607 6.514205550369219
-12.808888562389836 2.6889757423535983
-6.137955791242431 9.28779018096913
-2.662501268182554 -11.867614409640431
-5.052512220808551 -11.186851549980446
-8.216951188576907 12.546217208964986
-1.3029869793979998 3.1619961184476963
-15.713590357505888 16.436355222782105
-10.13272255054286 -11.35665859380336
-3.778522098934783 8.870985490575388
-12.272846053985855 14.452392702323264
3.6776512937616634 9.955003383088739
-8.41442601245985 -14.539696621489096
-3.414339146568361 -15.219062014342695
-6.438111608899716 -10.790848777731133
-2.276982768572247 -12.239536435989482
-15.761429390448582 15.7984096361148
-14.037783438902716 15.643757621802582
3.4398270392307486 9.358994045295022
5.468902825726984 11.879100619870714
-2.874244758596646 14.540711938281245
-1.8064177898152067 -12.037491513399948
-3.467397339760381 7.512304808624404
-3.5511117389590376 -8.784192127074537
-7.65414456491769 6.765902678207469
-14.037045923506385 13.576716121058322
-8.503684359789768 12.37343235034313
-5.874701585979558 5.366480396211513
-5.064884751354516 0.5000774591487591
-8.783302067582587 -10.687714501922875
1.4040197547143727 12.997025541860655
2.4467650409466515 -4.46772868606439
-5.274710654060842 7.031871841365199
-5.094048916926889 7.73339345639953
-4.910237642575655 -12.073775178785597
-3.27086065324983 0.7359890867598704
-13.035597318903998 14.149319512786287
4.8805671981754415 -9.32994212914977
-13.679132788291362 -6.264287042114537
-8.207278946058619 11.350404489733762
-7.953114262271328 -13.854967443422456
-4.626348232983462 6.681963383497853
6.203895042792318 -7.417653849542988
-3.7931514214020723 -10.302651048200286
-5.167845373735963 -15.027100805420808
-9.155944283989776 -12.756382002879972
-7.2669279180748365 -9.940368506007452
-12.422232874718027 14.540678511270164
-4.82608238288061 -11.404481683343263
2.0159162700257056 -12.492792064325378
-4.936062722017688 13.888920658508486
-2.962567042849648 -10.601893301133293
-9.14950644783536 -10.92407147945914
11.271384418422855 9.47403790908048
6.058642293514723 -14.814850277314195
-7.446527391716884 -11.359451543618627
-4.640724917563707 6.5314385384955855
-7.86852766739803 -13.211739866458757
-7.59521459411761 -10.527670327587693
-13.278776622830085 18.772307822835806
-3.5344868818048494 -10.471706084405731
4.133168075216632 6.908335509371813
-13.248156311491902 12.214387971046454
5.087768832663702 10.793759267485784
2.7387692831087507 9.333164226306625
-5.526988548674535 5.589828680573099
-5.371626091851774 6.593504859973908
-8.386330089947911 -11.118923141149054
-11.881292908879674 14.192345907788436
-8.621893642266873 -10.655866884020988
-11.8952640671563 13.49165271970876
-7.326289266665167 12.837706511298471
5.564184548753421 9.642383170549367
-6.959315625467025 6.424662433807494
-2.185642728683895 -11.445587974461137
7.684878485803091 7.412988310633736
-3.161931063975973 8.278077198168443
-15.71340439056224 14.076977475504378
-9.579572074866343 -15.352314958513
5.472446760905906 7.605224060881474
0.03175504575634491 11.02162484975982
-14.189068135705774 14.662975545538568
-4.19413512380826 -9.499162111860006
-14.34514307923085 16.113424767195234
-11.12742177932819 13.44180648449177
-5.892558211182108 10.186019109154625
-8.94934613637775 -10.274755323618592
-7.4282715220853195 -10.083348229011797
-13.556811322804268 13.258551941335499
4.8180491097551155 -7.505344789196853
-13.04444431273022 13.4866203271776
-11.960829147155849 0.634623280477669
-6.393839784030691 -4.766279938772017
-10.555942099263884 -10.20190858716148
-12.476606789743455 14.966026366668132
-2.388864334655968 -8.195763315437517
10.519788986141613 -9.005040839608323
-15.405286089622205 13.869565741548836
-1.803076113124158 13.662040489904864
4.396135741263905 10.152123908706272
-0.30198428033028124 -11.979338323693543
-4.750043977451147 -13.822082655713201
-0.4139378919824921 -7.239841339393922
-7.3390705314145634 -11.19707425418121
-12.211852473118853 1.8067933472858044
-2.543780241980104 -13.39224795265837
-10.755242070726428 -11.74448779484371
-5.659842039812925 7.753222761640001
-7.178628266823818 -12.968272695461419
-3.09456362751812 14.378093634458516
-2.9345199289473274 -12.347783630359709
-8.360330276757683 -12.502182410466691
-2.792409713425806 -10.782113358211307
-11.327510033848858 -10.601934778879325
0.9687419424354395 -6.857573202173864
-9.92163492464353 -12.98387333352788
7.330920810143963 10.927354176518577
-16.177445885407003 13.440518454631697
7.685725834382 9.718521652463657
-13.718153852075908 8.85348302894716
8.299935986333985 14.842104908520763
-7.5630578930702335 -10.072357144541929
-6.702150941105307 -12.445179281615653
-8.533345872783029 -9.989553831408951
-9.803267204202339 -11.18615639501289
-7.196962190902049 -11.620935072579124
-5.910007738060358 6.633178921006447
-14.91535091969093 14.238826327737359
9.67817628105869 12.52553948373044
-8.574140268756619 -11.617784116747702
-5.023545731253321 6.031285614374641
-10.923347233554848 -10.12537876586803
-4.5060483313947035 -7.38275747659958
-6.881786169601023 -9.094151903607411
-8.505428846630688 -13.599562561335542
-5.5895640262584845 -10.20870925189547
-6.349215215617415 -13.763787760489658
-8.712552521208464 -10.547799719174538
-7.241701596461164 -8.528286787790513
-1.3470911936956167 -2.7185915200183235
-6.795211560183019 -11.208091577544653
6.062081579835802 6.3163658691533
-0.9245056538599588 -10.887849824951507
-13.16607266107225 16.597684508937384
-12.306113597561552 16.489052946938926
-9.63126369413745 -12.347691926460987
-2.065065958797902 6.607315860253371
-11.079755547964947 11.522704505739142
-0.8476068704123065 4.959361430751208
-3.1810931781735747 -8.878140174748784
-4.74030637475636 -9.617428483874184
-11.526377093839475 13.253914533081538
6.967380664869455 8.886903793819927
-9.534701610971135 -9.956447515082939
-5.727369135341655 6.600572185667788
7.420385783419544 -9.415037368544487
-6.845075355219236 -9.948988368959279
-5.050497044289982 8.412350613639425
-2.4616023345597724 -8.744277429031033
-3.7618728493037663 -10.042815897727895
-13.664497297431154 12.802726801898029
6.169458050399057 9.549893126877228
-11.681068280169152 15.90211765740429
-14.72447431165425 14.919088108674138
-10.285061841212347 -10.465313951091417
-8.959280056535716 -11.746021269850285
-3.8341763164544096 -11.386797385912548
-9.306519149125311 -14.08868957769685
-10.12523525175114 -14.49126501394808
4.465056458191626 10.318936509504908
8.182447137457672 7.99093525876995
-4.283813151543498 -13.506406845046428
-1.374415611831109 -10.872469836618857
-15.908697464692672 13.188147279901656
-4.34969179461533 -11.372600467760172
-8.442145618414383 -12.955639662665181
-4.648181121985712 6.920680316150587
6.208649520915872 8.109391083124029
-8.29323286895411 7.242199274769795
-8.40607206634423 -11.822106015326693
-2.941197109871205 -11.1720301181487
-8.615108111954425 1.7414570161362875
-2.2314547705719807 8.09654223765671
-11.753575743304198 14.99579764396872
-3.853951144500348 6.1635239766812235
10.501018366022056 4.899308591073311
2.421710087511426 7.376402042597771
10.77295882544782 -2.9051461140099306
-10.242403744388396 -9.701983662563691
-4.12606325930736 8.671509331496384
-3.9454957668105424 -10.015484526750388
-6.849888343013236 -11.032080410566472
-10.00391858851967 -10.977701576875837
-10.715666011151072 -10.865278752715472
-3.8763006587312177 6.563134227656732
-2.222617163322774 -13.129343831942474
-10.00016412118538 10.61515308629674
12.197131257689286 14.318530234666156
-7.154521831288248 -11.058823931143094
-2.458413241666143 -8.672483200380183
-4.8576658941309825 6.05261892779742
8.286547022320363 8.379481170680332
-7.034706553143764 4.7686541696339795
7.148393013453026 8.106722638558418
-13.369000537394083 14.632583585478692
5.995609414729469 9.359102279699977
-0.43430018788037117 -6.297312786883063
-1.987227008281611 -11.700712510192014
-4.960051856906329 -9.943206458971462
-1.9938769787123354 8.005837942806522
-2.6691965767111814 -11.376113745586604
12.48136812914186 -13.449949498668927
0.33433303473483544 -13.952469983258558
-1.750513479010192 -11.395535772302157
-7.689191135182128 -12.782207991405343
-4.3696035783675455 7.047310686077313
-5.903549956108205 9.072562499823402
-4.185336879472189 3.849931154788484
4.479661886524709 8.907701820665572
-12.23917922827903 16.980069826921394
10.25831730085915 13.076746944919687
7.702757840871279 7.774858656575228
10.736600860746801 10.863724202000952
-4.0623118422348 2.4072104452874434
7.969054648506673 8.610787175838325
2.924793043853999 13.203908062838998
-15.473221511420352 13.688237827515026
-8.725537854133247 -10.921746770391406
-4.600386576276023 6.603553173652662
-5.458631232199817 5.393966598240267
-11.583939394485803 6.403941624105759
-4.526594170790513 -9.893924887729554
-14.041817241931353 9.481572256294836
-12.524388415835823 14.020121821311955
-7.430126117514732 -12.239551073790983
-9.941060463328608 -9.928926611031
4.047971858654807 7.93411749722009
7.2634186513670915 11.135753884282714
-8.378169307086173 -11.34898476244622
-11.421874040821091 13.355833838432403
-2.1956288044504273 0.35142232730707335
-12.427211375690357 13.631135347303964
-14.775157874107196 15.934150536630737
-3.995949170604108 -11.57776160166769
6.384905506096389 11.582596859633677
-14.819624264769715 15.103731676856007
-11.273344598339971 0.4052333380609223
-13.354398410538636 -6.38348995563932
4.693139851101326 8.179616396650752
-1.1173138981669486 -14.0938468226093
-4.509143196476347 9.280559611343808
-3.677647042941988 11.64926641247116
-5.62604735296048 -0.32814295187342957
-4.67760745205425 5.093657664599283
-2.7930851179972374 -9.176081976169101
3.4913921890592867 14.60768016862524
-8.455929616427733 -14.634311381001023
-7.012642319161627 6.497868912822379
-14.269273257094131 13.87013274149946
-5.372172049076224 6.022725955216301
-7.341061258990787 7.545805394214168
-7.381830579870616 -11.38183563749067
3.789920529095871 10.256869801733057
-6.68454145086094 8.607244706959163
8.56440346128818 11.469994885206148
-6.425700706431718 7.531994674561057
-6.039078124181385 7.541354632673906
-12.688548709779568 6.51151545345547
-16.23676788646393 11.168524898628366
-10.39912503150959 -2.616592510858638
-10.521708942503027 -12.577990365236435
-9.628867230701529 -11.413883535999107
-8.012275445843155 -13.076833920638853
12.402381990698618 -5.253017916537887
-6.957904490492364 -0.8027481514663002
-9.721001912709392 -10.795269588274689
-9.809277339236697 7.763171847757707
-6.802715458104457 6.14379240030186
-5.505183646681942 0.13595323428184436
-3.19353960255708 -10.899376357468773
-8.287542241236483 -12.161617094919833
-14.00184805641691 14.556917315499334
-7.830149493794638 -10.740318927094865
-7.798054382648921 -11.189956930834187
2.7602209904433863 -12.921077608765632
-8.660735374618449 -11.589701626673087
6.1348594951961815 -10.385305193026664
6.052413367991819 6.3249239481006185
-7.3129492586734095 5.816868075695679
-4.19043787374196 -0.06285470635883783
4.409245690800086 8.450725465008727
-1.0323410701627813 -12.086493818940122
-13.670950636159588 3.661604120773852
-9.774211544790218 -9.869714450242839
5.444905800378956 8.026133536443554
5.585645817238488 7.057300163010813
-7.554087635333519 -9.681974124673307
-2.5480390006898936 -9.735205756020068
12.994548624278845 -12.823625396478807
-12.035179849146079 13.917574231645718
-4.947541555633732 6.5048855710760165
3.452507772122301 5.924211994820058
-9.94836643277224 -12.355897405634582
-13.619555896607823 15.375085606600795
1.8919475535523498 8.81353605711394
-14.540854822901734 1.2142501269978894
8.308168904493705 2.728566887603108
-13.657982848911349 -0.9740369612078972
12.93022707527416 -5.212112724578727
-5.386485371236629 -10.191565803097127
-14.251353284970566 15.147531586861499
-13.163919848892528 15.229892521751108
-2.4950484428358664 7.715432480231171
2.4106943583774765 -9.522170506543988
1.9387701950261729 3.4586132399254694
4.495614503076861 11.776641088222231
-14.1850043045948 -12.167101726472502
-6.6752856024325835 -11.570951792295503
4.288534447592715 5.950079221721932
4.23212482014338 7.975205080093733
-8.099726644919206 12.041404889911288
7.337348601294675 -6.695688083721592
-7.50327575941793 -11.128443885347924
5.827821743774756 8.379266992182423
-9.149547874947192 -8.538042184036001
-9.644635720137432 -13.224743989162288
6.322135595864828 9.049393113736848
-11.580402796006293 13.354277989319892
-6.85016753374471 8.045797821738475
-7.538898386983946 -12.61791503579612
4.0776807044261005 6.347389051135215
-3.688459389251462 8.666252166867231
3.974360619014026 10.366469102208885
-8.461988475576986 -11.8784254079613
-10.352791869407337 -12.730255266135217
-2.924194374310774 -10.181257995475445
-6.011311296689181 10.073540192270118
-10.920808327617916 -11.31156697138547
5.258258610813866 9.247519591487514
-6.176893073918004 8.604100848025588
-6.224658095965053 10.950354589017621
6.2752086276008106 11.31203387476112
-5.802199581624261 3.0231660393698156
-4.757431862880809 7.594784264288084
-13.757537712881224 13.640753991242672
3.364335364038192 8.881870491836187
4.40030498548887 7.225189895887228
-12.583246583990618 15.38021918015361
-7.1719876374304015 -10.605581711318008
3.5125215131185534 -8.269867011502201
11.203559444026073 -7.5121213319235105
-3.9326824602968 6.384916341846996
10.701722253019422 1.003605528670338
-5.247155515408862 -12.000493248605123
-12.809608183360526 13.14492260739351
2.9026159876748694 8.113181651433333
8.356384344718743 9.697360488393171
-11.045695902340205 13.692925443532282
6.256769724151022 8.711718666412334
-3.292488920236255 10.376514086134286
-8.102611495356216 -11.241271756835296
4.16050360145935 10.20009407679797
-0.6501866268933032 -10.164624515338268
0.8270278807502667 -14.071613918583585
14.795461096716984 13.5638296442859
6.892577016450823 10.319314934091713
12.925533557362204 -0.14958318322537423
-9.82343057040027 -11.887198163355189
-5.130101311550373 -11.175409541054158
-13.84892138642564 14.981762660565195
-12.999119425058314 14.343410181562705
-7.79287664065821 -6.8978627357015725
-0.38445160288419267 3.617762491616528
-4.92695642488809 -13.122403030381477
6.209768358321398 8.562115331221111
-12.169635122014371 15.545371166167287
7.224285033294585 8.260183471322996
-10.960141696380175 -7.310206153323007
-14.658324404592166 7.2541533347192555
-6.914960436915829 1.2844989835734815
-1.9441107562776265 -10.712401524614144
-7.1533106138156555 -12.006862313245731
10.98521418411191 10.961462224689452
-9.0128928845794 -11.357243398182561
-5.133219462887235 9.366322783775631
-6.6879123206125275 -16.416392110566036
-3.177601573977637 -8.205259640867986
-14.937032439345915 12.410127735749516
-14.39019113860365 5.442230835587459
-13.309403355939777 15.633950836400775
-8.797663193462087 -5.155862481959989
-7.07086652363267 -12.15361798907378
-4.493621361713917 4.687295082971421
-6.18936002775942 9.408938558817797
-9.697971224762014 -11.892889178875073
7.116172217879612 8.246988539423208
-4.06754152278177 10.3511482293138
-13.555580075466242 14.37866906726943
-2.8365419776621836 -10.312982611812995
-8.591825302795968 -10.375715609823203
-4.89385965490576 -13.49918100788867
-9.628247624685029 -12.427344471738836
3.27353338826347 9.114095861560703
4.928164540031507 8.602792971796049
-14.027135173701478 15.777656331487156
5.52502016919035 8.640372832404893
-13.25265383950475 16.851613397379502
4.287654050199549 -2.0602716266601
5.59750046397329 -13.579223118197415
7.1677125444007785 9.455004969090119
-2.6431183550108384 -12.230521835979333
-6.47132046275351 6.103222396565336
-8.108416870758477 -10.549147848361976
-7.97686852668601 -9.563184740712728
-8.862914703320413 -12.1392162778806
-13.17475291601281 12.189151586374289
-13.017717740947788 11.424158527420424
-13.649869202989708 17.235987140149156
-14.96935205295335 13.482421994425223
-11.753237225689217 -1.8620846252255454
-2.173032781164036 -8.857891595838456
-0.1845289648192523 -7.17577791937425
-5.443221592431322 4.8589054791468085
-14.876012067938156 -7.061140733318431
