2500 2 5
-0.7481533177152695 -10.638428680665845
-13.427996779206309 15.509213016417654
-9.299181808540654 -9.210628887566973
-4.259572598787479 -10.906878352699522
-9.532485886314214 -11.302356387281435
-4.713169441434214 -9.159319150970344
-14.616020359440679 13.326444055860934
-13.383028506645056 14.873840133623268
-7.65414456491769 6.765902678207469
6.306097424949657 9.515463225101858
5.53135966061698 11.28499995302019
-9.169686390399338 -12.72633232143943
-8.888062459753861 -11.78408159545621
-13.056622855478878 14.936630717682366
6.365062594508863 8.16965131934203
12.15423426664595 -13.38746998517326
-15.293917841955018 14.77365801510489
-9.764630116024772 16.697356562864297
-6.429482086198158 -12.53841534229757
-14.754200357240139 3.067351209116204
7.969054648506673 8.610787175838325
-14.179275759296045 16.630623341415376
-14.690428457888991 13.11145220174575
6.967380664869455 8.886903793819927
14.987349643227823 -4.945895629342171
-5.562335612555107 4.569827988144109
-7.859964477553266 -9.44013842807027
3.853714388701185 -11.811479689346756
-3.3907374181489813 -10.942441662995298
-7.089301470358569 -11.439042995215583
-14.742727310393201 14.295840439063056
-10.785855109281767 14.98707960654753
4.618864999624151 7.878063745345175
-1.4331579940481571 -9.768519850168978
6.052413367991819 6.3249239481006185
-4.722777970680067 5.478274999997588
-4.764704960883751 -10.057653959352287
-9.032104956091347 -12.817255165536594
-8.427057116547394 -13.06994438948177
-16.177445885407003 13.440518454631697
5.064484770469431 8.21368273051679
-15.761429390448582 15.7984096361148
-2.7683057658359425 -10.308413177720771
-13.25265383950475 16.851613397379502
-4.310135866103798 -11.79591348852766
-5.727369135341655 6.600572185667788
-4.677199983347305 -10.839919784834034
-10.428120136529255 -3.0783164662407536
8.56440346128818 11.469994885206148
4.881482669930828 9.002266679562455
6.107157328332612 -5.869459826848971
-12.127681272352696 13.718879163720459
-3.1810931781735747 -8.878140174748784
-10.885568896922797 -11.280192711461886
-9.745669327936021 -13.79411281631411
-9.302610210612091 -11.166664393693516
-9.03966488163439 3.5153806658213753
-1.6624495156423968 5.960934285340562
-13.976335598777139 16.72840190705119
6.389617707283841 8.590625191072254
-14.419686733599843 -1.7520661384134826
14.416132223231898 4.132583817390522
-12.041332951440332 11.735757939760102
5.334077339679405 7.781054529909811
4.753681393280121 7.780564758423415
-3.526937999005175 -11.512879794148198
-6.553984749810372 5.189511101236072
-9.089736114175347 4.297649051185376
2.9939455319654833 -3.13777695230978
-6.1414971416314454 9.829128819171316
-3.7931514214020723 -10.302651048200286
3.9023676682410606 9.630208181296716
6.615179481351646 5.8991865199449425
-14.662551142394861 13.069307443380666
-4.118206572762249 7.894146708052932
-4.419719875609722 7.547473313475888
-0.6922365528016972 5.091628806839072
-10.11540361556085 -10.45235791684011
-12.324908109831437 16.667147153325928
-5.879044194186109 2.6450898939523064
-12.852363785270848 13.63865149291173
-9.340600842023193 -11.66309207864007
-8.888739376776197 -11.312221377208807
7.685725834382 9.718521652463657
7.673845432329445 8.04918171038812
-1.1173138981669486 -14.0938468226093
-13.74686538928742 14.368444927343232
-13.641472862851508 13.72793102331806
-14.063944505424134 17.477443959121405
12.842993334286145 14.049851947671883
-9.674343882892073 -10.031566176836971
6.106274513721403 10.605311250786519
-7.940418550018255 8.660818158348649
5.595947953414186 -5.405415831211123
13.626686959283226 -6.026881484096618
4.16050360145935 10.20009407679797
5.449464760742424 11.112085526785513
-2.7264114807114463 7.412341609010142
-11.74771588509148 16.06808713226984
-8.0725270283731 -10.890220989015333
-5.549990414883281 7.655727200960342
-15.617675275019492 15.304343833446191
-3.9404143733251464 -14.128584372690055
-9.027435711767245 -10.674237809236658
5.0683522074943905 8.748964266559224
-5.749999538890362 -6.1155424141864625
-6.555166585483565 -10.9995175711436
5.756461607142785 8.30723927904347
-14.405444966098536 13.245715549203153
-1.3085041941047693 -11.853805175697198
1.5081632793513213 -11.897657968834736
-10.643914671429373 -12.927133594108309
5.5422668838280575 10.711749277754835
4.600432332410682 7.503769761642884
-14.994879326120463 13.277351511414436
4.983026091203752 10.847992448323716
-4.558917895469693 7.458770883283065
-4.195209919335958 8.40680046222793
-0.9069732584825108 -12.538748960614916
-4.626348232983462 6.681963383497853
-12.186407038708099 15.398514547871848
4.770537184083802 6.612145986043394
-11.925455526280842 14.252163730338495
-1.4629615329204502 -9.73836000516564
-1.8188237034959138 -13.012969753407406
-13.890640457066583 -12.766823282611288
-2.5776989494876403 -1.7893308553911211
14.010037385054307 -2.61142316836375
-12.035466072337654 15.153573514023785
6.690705156652399 2.2677736583417243
-2.736449411012036 -11.143658992417196
-9.183462692030984 -10.200451555713789
-13.188729938424819 13.715486623535861
-10.72180712902231 13.045335087628565
-10.00391858851967 -10.977701576875837
-3.414339146568361 -15.219062014342695
-8.985542721379904 -13.57959651734385
4.79339717816475 11.307659512840997
-5.4804060017899205 6.27387999753573
5.844372427469515 9.157450878763832
-6.86155253811667 -14.279078446083172
5.8030666089999245 6.697464570027352
-10.67644192681289 16.163890918249564
-7.865315366105216 -10.843352557556646
-7.023042895038452 -13.30513814882954
-2.923401132964143 1.55316075070969
-11.011706833128768 15.409652841280398
-14.161943017596817 13.251130122970743
-3.6651596246761238 7.6890170825746935
6.548449541496364 10.300540682064764
4.759254061259372 8.947003822266264
-7.953114262271328 -13.854967443422456
-5.448512605372974 7.496722238829814
4.576348052819905 6.794882180860327
5.444905800378956 8.026133536443554
0.8417939067464548 -4.407519327573652
6.933109223669787 5.826048630883064
2.421710087511426 7.376402042597771
-14.482165136672245 13.32465622007878
-5.986275004092468 -6.0126762294786715
-14.841096652800063 12.379937649438995
-7.149031226146727 6.63223279758107
14.393980001813588 5.120151985817589
-9.155944283989776 -12.756382002879972
-3.7366462401771763 6.268651347342065
5.585645817238488 7.057300163010813
-4.78942108665244 5.744097662314538
-6.58057088753903 -13.13823432126425
-2.767484814161709 -12.401895793884869
-12.809608183360526 13.14492260739351
5.0588210193736955 8.48601537527827
4.384932726669575 10.396932679068692
-4.146794523726179 9.271029134961426
-3.680182368737664 -10.750386893927761
3.452507772122301 5.924211994820058
-6.763959227949146 7.975241948371184
-12.472724545663194 14.00872176509382
-5.016091516469145 7.304342744765141
-4.398536490299344 -11.633146241861303
-8.437342526523839 -12.131469510278052
-3.419229782405097 -11.789442246251006
-8.592477325966811 -13.126499292329324
-2.5480390006898936 -9.735205756020068
5.9492781104299715 10.983055484660355
-10.633623594491425 13.703132327235073
-4.5060483313947035 -7.38275747659958
-3.0187725228178595 -10.72735251969387
5.13023357487436 10.190341287059258
-3.593454231119372 -2.2772369922674027
-1.4857934928806937 -12.963644058819874
-13.39187501615721 15.967195862416805
-6.97885023601296 -11.71764154454539
-1.7584928652546368 -9.880005712506156
-2.473805365123823 7.863830172121281
0.017270991411841408 -3.8495172154468698
5.374278249611593 6.852534378488036
-13.12125538934016 13.872128621225242
3.9821207614533116 11.224462807064729
-8.411983812083065 -10.029974335122528
-10.312349740118789 -14.296146874268931
10.423494486387291 1.7280654115609657
-10.920808327617916 -11.31156697138547
-2.729274623846753 -11.605750181551647
-7.1533106138156555 -12.006862313245731
12.548555447337407 -3.923184359415295
7.203518596530442 8.0265555863575
8.788362536261406 2.7794252556935426
-7.355108819784453 -10.452513961956175
-6.795211560183019 -11.208091577544653
-6.433992408165964 -13.596977218409194
2.814748815273736 9.899873106196097
-8.877104716936179 -10.95516531012737
-9.149547874947192 -8.538042184036001
-2.9389568267614976 9.768246859352827
-6.256972679484323 6.208192288932052
-9.465525627536415 -10.587345372273454
-5.876575878612536 -11.040237376799158
-10.083234533113906 -13.217312669376035
-1.3229523359512065 -10.363169843044485
-7.090605634112098 -9.791453778887327
-0.6341509977534177 -10.810505216964994
-3.5423270414670665 6.306435187426607
4.281796588227974 8.405545842946113
-2.958539336504672 -10.778076408374723
4.909574431491667 8.876356584923998
-8.781548851817558 -11.44484091873614
-10.13272255054286 -11.35665859380336
14.268212988096398 9.541550051017651
-1.9295164403989058 -12.566794299722226
-11.8495864096664 11.089982189586024
1.381164360704374 9.572822307219248
-3.2500605783110172 -12.006392241094863
4.155041188992285 7.57816995387379
-0.956861289681467 -10.840695474097688
-5.0865450138568145 6.998270850308344
-13.278776622830085 18.772307822835806
7.2634186513670915 11.135753884282714
-4.509143196476347 9.280559611343808
6.733537715753435 4.257308298263055
-8.483786685642244 -13.640307240097428
-7.535024201784387 9.414045920695425
-10.674397727284799 -12.560306137996072
-5.88535108055111 7.918619681956587
-5.133219462887235 9.366322783775631
-13.9182903726212 6.591096948494425
5.468902825726984 11.879100619870714
-11.899842474460941 15.546939878564292
-1.6936735450618279 -11.718104176394696
-6.050526735087558 -11.821034737804226
-13.759538521254026 14.258598263891674
-8.588689597115783 -11.265936225594142
-4.8576658941309825 6.05261892779742
-11.913574983030106 -10.015045523136935
-4.364743804161468 -11.373648926041339
-7.071184017083061 -10.69043873868711
-3.810956150272264 -9.68978076180623
-6.418298408816076 7.565187113485421
-11.034812419857701 13.681284011251304
-3.830504137790362 10.264137075300217
14.4771706178607 -0.2725293497818946
-13.609971993944429 -5.714707991897276
-5.419304136108167 -9.73241223958134
3.7998178728046668 8.934974385005352
10.755368653164595 14.933192567933215
-9.856589266702498 -10.094625156780806
-9.29222842052189 -15.439324435631905
-1.2079972442069749 -10.246831320474348
-8.126198718230974 -10.351326929325447
-3.161931063975973 8.278077198168443
-5.055955390746719 11.202161013991562
-7.851771217055908 -12.37227716888012
-7.0577254626439325 6.03417686934516
-8.91754748655019 -11.793482643383271
11.81610412761042 -7.205357669462966
-6.54755296429145 -9.487650978114143
-11.580402796006293 13.354277989319892
5.640515236294733 9.671629761466509
-12.406158091576762 8.524117452959626
-1.1900286884156837 -13.052560008455353
-10.146361593070772 -10.949594435386985
-12.852630152824062 14.493755451392047
-4.640724917563707 6.5314385384955855
-5.282309898473739 8.569668604546006
-11.658924211062175 -11.585254565257879
-5.055740809822961 -4.154337021562423
12.12456736108227 1.3089686776186866
-2.082795990415194 6.758005548483345
7.783700782109962 10.90688678686675
7.821709623144447 8.568534542021041
-5.362469875652073 5.941891515995127
-8.216181603708266 -9.503505825565737
-14.684856856283915 6.100349247270238
-3.5600690308572025 -9.922013618499724
6.6011734293255735 8.803751229782852
-13.56287224205073 14.50984797112896
-11.868501856274282 14.758771931790923
12.272996476588627 8.895568665849794
-8.088804047735547 -6.293805125380169
-4.5723253198931015 6.517084151631366
-9.27092591227431 -12.136826475290478
-4.20184548187366 -1.6694324587540557
-14.96935205295335 13.482421994425223
13.223964391513498 1.1777601665913373
-7.148822765362475 6.321977879906966
-3.0721905037257056 1.0083655304213224
-7.551569616313457 -10.85579720479834
-8.40816724906027 -12.405784397928327
-12.545707149291742 14.156021378904063
5.157736698394515 11.019887919902233
-3.467397339760381 7.512304808624404
14.947931740332635 -8.924330585210782
7.348938730063651 11.139498792518584
-4.249357540923792 -11.645749522221788
-14.189068135705774 14.662975545538568
-15.611988047498766 14.494736414942436
-5.331258971506751 7.806259292190587
-5.552264233902326 12.973902700850228
-14.35331650266286 15.126016219094879
-12.583246583990618 15.38021918015361
-10.801853711780469 15.159877895443278
-3.0715979194279672 -10.786792285891854
-4.297019740503828 6.313012952163405
-3.665261059020717 -12.567145331640381
-4.060228561725482 5.734824693784121
-7.07086652363267 -12.15361798907378
-14.841877006052911 15.986330436644545
3.958305960105431 8.082979672903965
-7.3129492586734095 5.816868075695679
-16.23676788646393 11.168524898628366
11.828425873715805 -7.64296322452747
-10.180416363698319 -11.37218609595387
10.238359754317877 -14.420033730007251
4.288534447592715 5.950079221721932
-4.197497228309557 7.623599956849999
-9.986445952360615 -4.428303078510666
-8.645507429000316 -13.605874735584653
-0.9909942590325826 6.819041488198918
-7.347291110413887 -11.329439683071511
-4.34969179461533 -11.372600467760172
-3.6124109095210564 8.21082740320196
-12.550121974487187 13.483124751075309
4.136143418393361 10.222731799912063
-4.858228197948618 -2.7446101448483926
-12.732212032290432 3.4211700767534943
-10.403713173819517 -9.544936853259859
6.024569143753805 9.0830262860913
-12.24000220594821 16.059735245222765
5.5450648655146075 0.4411080957659923
9.718872862990441 -2.334697042116643
-5.213842212879054 -10.652998125151873
3.1909510560324676 -3.8950045722260818
3.1292093926199307 14.933555072962708
-3.530184986638374 8.265682338357514
-13.037902593158371 1.1759733210411625
-1.449354584853826 -10.243259141573443
2.8327176647450756 10.541972835490768
-8.725537854133247 -10.921746770391406
-12.57334721903716 18.381371009322983
-14.283519870890345 13.939618610595963
-9.31533019546626 -12.717094801745098
-14.819624264769715 15.103731676856007
-15.848684907020697 14.608994926050338
-2.300401065952221 -13.487942140465641
-1.0240488489113133 -0.30555576973123877
-12.248560516923144 14.262897128672575
9.14027288801018 -5.245108931525209
12.75757260556195 -3.3832543861594804
-2.924194374310774 -10.181257995475445
-1.0894144608899743 -13.425112794724003
-7.4604011138207404 9.059320656772414
-0.5952094472941454 -3.297663085908427
-7.798054382648921 -11.189956930834187
-5.972108281728286 5.908286562502644
4.295429032177822 -14.385955579977184
-7.821416083467128 -10.874425892598921
-11.483467918600468 13.613312179394741
3.50547542273197 9.381256108323685
-13.220257268043262 8.955022463323676
11.297474248879507 -13.670109100092922
8.964738614289235 -9.705319322952304
5.935295988916369 -14.788946528338831
-9.47509345800864 -12.80973120169942
6.144513350006967 7.120028492475143
6.742818029369308 9.50705208368367
-5.853803305973924 8.331717648509718
-5.903549956108205 9.072562499823402
8.576772191693959 14.200426499106023
-6.40574583767295 9.049935036462998
4.882970866189359 9.360766349571755
-7.012642319161627 6.497868912822379
5.445669459715114 10.316956326720893
10.922155763664033 -13.858212369975508
8.180036786854583 7.98027044619746
-0.8882649959445637 14.289070247290468
-3.6890625845221714 -10.6634470697702
4.4404741243751795 8.752068034786943
-0.8735910273320815 -12.685384672117628
-14.34595212395386 14.990972685084797
-3.0784145675716186 -12.444308332612371
-6.315710615894371 -10.942807336705622
5.7330565074672215 10.544637616208256
6.492258676621944 9.027075616315447
-2.7930851179972374 -9.176081976169101
5.087768832663702 10.793759267485784
-6.17400067254259 8.996489633367261
-10.715666011151072 -10.865278752715472
-5.274710654060842 7.031871841365199
2.0405050420797854 9.06528726859079
-6.137955791242431 9.28779018096913
-7.015207342325066 12.519145929260876
5.709795805334174 -4.700502743109794
-13.538104524967007 16.02188546551792
4.508737348489828 8.671598051578053
-4.96098834524435 7.165951699388977
-5.061616975474657 8.018675368612605
-0.8423736652206388 -10.43310619190635
-10.26186645295645 14.77067043066491
-13.638362920974183 15.55173508119528
-7.866476125969656 -12.957621304459483
10.461647269419426 0.7270980888931646
3.7110378352015125 7.6498300660688985
-5.294417064687536 6.6475570226057945
-6.093745103685922 3.799437383946408
4.396135741263905 10.152123908706272
-14.894216522042251 2.1059462716642976
-2.0010989886614183 -10.467817752489553
-8.461988475576986 -11.8784254079613
-8.031208629940371 -10.825930064277088
-13.606816254188214 -10.211505312749647
14.204478322259224 10.074190540513015
-1.4007152186297211 -11.55119876404781
4.104675370106324 8.295580090454964
-5.332821708441827 8.126143650413749
-0.39676406096108074 11.564617139769464
-2.185642728683895 -11.445587974461137
-7.123409415948016 -9.37205613480791
-12.735819427884431 16.87000987793133
1.4739031819585868 -13.353273762656515
-5.009358651105062 -9.692059462609139
-12.87260133298803 16.171671948171443
5.522048174249546 7.362836890375602
-13.54789219657983 16.642413269514662
-8.124268668321095 5.544146375633257
-14.72447431165425 14.919088108674138
-1.9563466583180458 6.192568694817707
-7.50327575941793 -11.128443885347924
7.3636918472087025 1.6869015477754097
-4.388743019863329 -12.260308157785174
8.237250486812101 8.950194807770778
-7.897402623088476 -12.274918340006984
2.9026159876748694 8.113181651433333
5.851950746852152 9.021789469595506
-8.378169307086173 -11.34898476244622
-9.92163492464353 -12.98387333352788
-11.890361612924035 15.373186608363879
-7.519339246372672 -1.1308549366371068
-3.6971069523522093 6.5836684466744115
3.973082166782614 -1.5064695915882957
1.9159196845666244 -4.027608785973328
-8.442145618414383 -12.955639662665181
-3.4140738788288245 8.610972557935648
3.364335364038192 8.881870491836187
-5.521955032404925 6.400036085842372
-12.935521378449613 13.222436452707703
-7.608680343895039 6.623621258444627
-13.192022046828285 14.659642076701644
-12.80016913239206 -6.860533945063574
-8.783302067582587 -10.687714501922875
-11.557612529301164 -13.852505508616288
-5.204754130504622 -11.29689137235534
-12.923562538714007 13.785907567257453
11.466437780997307 13.019050283362187
5.065839951790777 10.364665624528051
-5.06671244455484 -11.675731149672027
6.3247916292222595 9.356182047353677
-6.606181887903217 5.638168116702037
-14.811058093639284 9.39291910968025
-9.756364954486873 5.882000479893819
-8.696767589628669 -11.364853617240716
5.827821743774756 8.379266992182423
-5.806017440604631 7.474415527694504
-3.7647972344796305 6.646316717344142
-2.581440404810795 -10.808853275071057
6.40180335315597 9.72425352454062
14.447892814204991 -11.049452428574543
5.780134142367027 8.018475009012574
-4.335692061620594 6.311397136538748
-4.125152635313784 10.527237839553397
9.883876717830272 -12.210972494406885
4.535668301603074 -1.849772100496578
-5.15091479029684 9.584149318286098
5.747701744220612 9.915694117565018
-11.264247093255362 -11.61971983050118
-8.974366086990102 -6.863388477688638
-4.1307462981198695 -9.916996609518632
-2.906340321990724 -9.824221518529049
8.055859577448748 9.115141806967209
-14.00913449846028 14.567729028223322
-5.171679921324287 5.19231980904722
-2.247697426613403 14.90618912993228
10.11632169103585 7.675738809972003
-5.1377713398148925 6.254626878115722
5.258258610813866 9.247519591487514
-6.849888343013236 -11.032080410566472
2.5043496438328483 6.14545509221986
-1.3900878996730612 -9.358778035654073
-2.7253690736637077 -10.666682932527126
3.091286189949418 -1.4149254520129801
-3.407369334560567 11.896223741372186
-7.430126117514732 -12.239551073790983
-12.891911242260338 14.413553651749304
-5.067156430066581 4.998369846286035
-10.892351808208192 -7.187239363263371
6.1072598205482045 -11.878268906282326
3.0807549697960077 4.560716924812862
-11.436487551724612 -0.14770356623128933
-13.526445768788184 15.8168869786802
-2.855983781600504 -9.497407648384376
3.3993268329160635 9.949810206422281
-12.229804317201033 14.916760898196209
-6.277009254343094 2.0976459787033264
-3.681229007221833 -10.89119423735671
-11.730561399501363 -4.474799402235854
-3.142433482177632 5.0506540156083695
5.146479166197288 8.566271961367413
-15.218682405720669 14.349005987847857
-11.046728536616893 3.981358101787322
-11.12742177932819 13.44180648449177
-5.781093397501194 6.63228880427914
4.693139851101326 8.179616396650752
-0.27977012793945466 -10.032298243315916
-15.515491236766087 14.347198055328779
-4.35154537253344 6.421581987826264
-2.906843949042907 -9.591033136954056
3.9045352701976985 8.622617508634432
-12.73663638534272 -11.26048744690939
-15.752384010054229 14.763291652564709
-3.1032625990299483 9.178920782534473
-2.4950484428358664 7.715432480231171
-5.892558211182108 10.186019109154625
-4.0145710521701075 4.346268972039562
-10.911454645192103 16.25649080871271
3.487361144887452 9.094242400301276
-10.255206841298266 0.47910811629008165
7.296114303604071 8.46656829231364
-1.0878856158945671 -10.919877204422795
-4.195934737239757 -11.574365712197034
4.6947957532404105 6.126764073005444
6.373064553623156 11.204269779973862
5.627306462982292 8.73294467944352
-3.766795037215285 -12.860290613703405
-6.644239049837322 5.513332328906903
-6.710703149011452 -14.26446195965853
-3.399125715626977 9.485873514039397
-7.729745428462295 -9.159666898273121
7.036456006308793 11.247807878420671
-14.67682789412829 13.77005376541713
-14.070051925891857 16.744469191941434
6.763850214203217 2.823342806720241
-10.87313726337926 -12.346790320149555
-4.711899688994379 6.131637239951928
3.475240397131594 9.335020341240277
-3.995949170604108 -11.57776160166769
-7.311668061879157 -12.578989806536901
-5.443221592431322 4.8589054791468085
2.8163929164767225 -6.859608179143384
-7.56147431384416 -10.691516440734661
-11.964405064389151 -8.32362515674612
-12.33971203953437 14.538379323331133
6.620428279825944 7.205626557044073
-4.714859579566381 -10.854317346733273
-11.520269263298669 14.460346508241011
6.8523220906074895 11.03469475186084
-6.8034460958471925 -2.592230119752312
10.76881818647026 -6.859923753393895
8.17990850630625 9.280808966439176
-9.628247624685029 -12.427344471738836
3.339700042457225 6.349163398825014
6.496352196431458 8.453548985450935
-13.839213094204739 16.73189528588791
-7.9049928768360544 -10.344474000135444
-3.2862635346770728 -9.973617336771925
-2.9178481272681926 -9.824723166682952
-13.211689166674471 13.391211851621549
-9.081253317317 -11.210481704812135
-7.903071142775394 -11.382301384268912
-14.790731360698766 -14.486602524711573
-5.218434929462232 8.162879261712865
-13.927439645789462 -10.215385294331053
-6.056208207711342 -12.451441809267447
-14.34446031572268 12.899954241771225
13.063867771188885 -4.467226794360929
-5.344680808629532 -9.84437852718142
-10.100903703570662 13.126238092144728
-5.424208788121756 6.448218601355582
12.326137529691767 -10.197897931893639
-13.04444431273022 13.4866203271776
-5.254818189817531 5.914944827621595
-3.292488920236255 10.376514086134286
11.89347458370601 -8.331034039070458
-7.2073519300247 7.678492047172518
-4.925298165135906 7.466355553904114
-5.932871512958144 7.077487200649909
-15.13010699102825 16.887996647337165
-12.795605856081124 12.304991710190027
-6.3561574950058795 -16.317089242733097
5.5555539757276255 9.17885358396549
-3.8341763164544096 -11.386797385912548
-12.169635122014371 15.545371166167287
-6.85016753374471 8.045797821738475
-2.4114900481990436 -0.29619792025711433
-8.853860160385082 -11.92057211657809
-13.865689807709352 14.180608219328116
-4.185062407666155 8.939196911207606
-9.0880381126371 2.2934152589644405
-5.854082409214967 10.074605665293173
-13.309403355939777 15.633950836400775
-4.821680979479782 -10.3643737262035
-7.368798896461386 -10.451704892071557
-7.5330638844100815 -8.221034513115615
-12.57357826088421 10.833903945078283
-10.888028472291698 16.119583533205105
-8.030263817393312 -13.980300496588889
-11.163763780868091 -12.449317850230695
-4.489620147144117 8.18577065847953
7.892085445176168 -7.81063270436852
-14.320581599638984 -14.570099952810477
5.448665718266121 9.258525199555496
-14.714874379446059 -4.26120232763904
8.182447137457672 7.99093525876995
-3.521981350600755 -12.540764944165234
-14.905602173951655 14.141658419928078
-4.82704107794759 -9.971805520886644
12.76532314887437 0.7704254084049253
-5.9318004988416835 5.575816008509533
-0.9245056538599588 -10.887849824951507
4.256336383396553 8.88414494298999
8.356384344718743 9.697360488393171
4.541493723002247 6.331877396056784
-7.3390705314145634 -11.19707425418121
-3.6529553898905496 -14.861296869410753
-9.781644048106116 -9.77303741622153
-3.2143501426660603 6.03818564568923
-3.4613889828193916 -11.991072974662423
-9.64210444179405 -14.047270783865024
6.3643666877365 11.683000489804012
-1.302261252954915 -11.141864130115673
2.8770528386748686 6.463547176837215
-14.180177458198436 12.691994553173972
7.338544448244228 13.248907158157557
-3.3164253590763213 5.039726933866804
-5.11885962842488 8.121727946780593
-5.634427038837326 6.797340820154087
4.217873209956823 11.398580278786794
-14.937032439345915 12.410127735749516
6.6663823210146536 9.663057306570026
5.234343737977175 10.53593603602992
-10.62390491486248 -9.453598671493822
-14.757774457797519 14.06498071882791
-3.174066532134307 -8.59529174055157
2.6853282689199736 9.22716671822638
-2.941197109871205 -11.1720301181487
-14.641314043826133 14.921745678562063
-6.932557304179175 9.509043753598286
-3.9979227521842793 -11.89027805961501
-3.8463539302011287 -9.150052646084106
-4.7210004829540875 5.8920256199699725
-4.937326527842985 7.40514870329457
4.639035934464401 9.935175451694079
-4.837161526793102 -12.23340844108285
6.208649520915872 8.109391083124029
-1.8373180983742081 8.447975079125381
-9.413260897600352 -12.67084777987809
-7.154521831288248 -11.058823931143094
-14.46328855770738 13.948062902593254
-9.0128928845794 -11.357243398182561
5.327652162791282 7.856310017865649
-2.4624647290367445 14.504162507580485
4.591051733874879 7.121249841219881
-3.9644215850263076 -8.91214292999149
-5.952581976978082 5.792061475102519
-8.783524112549383 -12.893417299793633
-9.291259925497792 -12.368624908715157
-6.39240176734695 7.921469712825086
12.95943892013484 0.43636914395006876
-7.29177056286246 -12.421620321099553
6.970847857665898 -2.85959538588752
4.8878023384122 11.822269181447503
-7.341061258990787 7.545805394214168
-9.472326328701007 -12.968030288055353
-12.35031148970382 13.24259462559442
7.286742764317065 4.320109887472363
1.2705635631609056 -4.823772781399953
3.875564706198146 8.815711306138262
9.94304929729811 4.458442759973568
-1.1786253181145447 4.762075056100347
-2.461127312628251 -9.930856212822192
-14.645399491476043 16.12847117033856
-11.991714369471874 16.525960237091777
-4.501140361184051 7.770133626949851
3.789920529095871 10.256869801733057
-13.534881031431548 14.496124525671458
2.1857492413701793 8.987679510957387
-11.91410971152767 -12.001837862248033
-9.827550118746947 -10.21544432009385
8.59690812428028 9.130726789582479
6.866362859246674 -13.200344237218522
-0.6589089337520484 12.454602710132725
-12.418995349731043 14.98439765152006
-4.110156989720251 -11.201673311514963
-2.779702617900495 -8.581124235020738
5.52502016919035 8.640372832404893
-8.767390549497197 -11.432004264526968
6.662096475322292 10.317747447383239
5.373027404817608 8.85296547151806
-12.777926269810106 13.997646052538075
-8.144603179312849 0.5851640217772349
-15.012500331379142 14.133258577598578
5.695424488594817 7.743793768848845
7.850706039014193 8.348986318778097
-8.7666492824846 -13.791001184690028
12.201531223011497 0.7297217509488227
-8.108416870758477 -10.549147848361976
2.720270653956784 10.109776213360561
7.684878485803091 7.412988310633736
-4.82608238288061 -11.404481683343263
6.062081579835802 6.3163658691533
-6.266428880172469 -9.122726256068361
-12.33726171346166 14.34398899031309
-9.721001912709392 -10.795269588274689
-5.130101311550373 -11.175409541054158
-1.7369055111563574 -11.04451837795935
-3.428032158236123 -5.059915319208317
-13.517013089184204 -0.9796177123078422
-4.906357478191925 7.074448730750188
-12.43419026719516 14.907534560673886
6.260414971416926 7.177722691695025
-9.503298776395154 -12.243533059428563
14.838240318327056 -1.954520790125633
-5.775884267439457 6.876814332598391
-0.030662864726442862 -12.851803533577712
-9.5388422179078 -11.522500923118034
-4.648181121985712 6.920680316150587
-5.4939599149911365 6.954928810701791
-7.5630578930702335 -10.072357144541929
-4.757431862880809 7.594784264288084
13.327511799171788 1.4037517853992298
-2.7816321774089134 -14.260483386784665
-14.34514307923085 16.113424767195234
6.026181381109502 8.113803634807224
-0.3865936185055645 -5.400462660941093
-1.750513479010192 -11.395535772302157
-10.800512328176879 14.82233618140979
-7.705328521635632 -10.193931021378146
0.9096409190512613 -7.406088983459258
-13.20117398121246 14.308664539106637
-2.702928139918708 -8.5903529836648
14.801579581425958 -7.460661821797903
-7.353094568997446 -11.926187524483701
-13.09828387123769 17.14766629929569
8.337546596293755 12.067090961116499
-9.644635720137432 -13.224743989162288
-6.090483981705048 6.491357068971678
-12.053194740888472 16.87194405665562
-9.07517078636682 -11.542814278443077
-1.0097918185449575 -9.70991397547798
-7.97686852668601 -9.563184740712728
10.287281015336664 4.564853149960044
-7.6691178852373145 4.931861269174018
5.268022048606255 -14.703423596800093
-10.032982035365265 -10.542523671227498
-6.425700706431718 7.531994674561057
9.408824488030252 -2.97952967084807
10.567090697498788 5.397928699825481
13.32989090076541 -4.327590734788686
-3.6463080077980123 -9.25113964986765
-2.6912500727120516 -0.8262796741827287
-11.045695902340205 13.692925443532282
-4.029461696836739 -12.92404789098626
-3.3679399614511727 5.703279580860532
6.798236253906578 9.698548268925382
6.67318414504301 8.85972841575558
7.330920810143963 10.927354176518577
-2.9298464419955286 -9.666245663770768
-0.6795581503381758 0.24923224761075957
-4.021992813019186 6.011708964131942
-10.984759229778973 13.413785396846539
-11.070097665580054 -5.139483986758817
-9.588132474364066 -12.027209141666953
3.341314415788247 7.299075236948322
-5.999251379173274 9.167709683412863
6.200529935048871 10.39913025000817
5.440559254182837 -9.585841504570212
-2.2894627475094977 -10.355931717659848
-12.430463466187854 15.543986831359003
-4.3427873130470935 7.625224256979697
2.9752609484878434 -12.496820643115402
-3.9104173896484697 -10.547564977415181
-3.3012440059175834 -1.0665854444382408
14.864066801757104 9.609065620297429
-4.852168953718958 8.630210675868009
-16.466135225256032 14.21964206596889
-14.305807319562774 13.94946163224498
-11.606567091390447 15.127377480581725
-2.51294756409911 -13.58250683393867
-3.19353960255708 -10.899376357468773
-1.7506696035477365 -0.022268323042396787
-1.2392745756156793 -11.705178543175588
6.7771789908432964 -0.21194972884275565
-5.659842039812925 7.753222761640001
-8.505428846630688 -13.599562561335542
-8.529554223846395 -10.322846273070311
5.281533346653754 8.35215401009202
-9.047976164925412 10.41687231703709
-7.500979394951076 -0.8024923994963391
-13.238340471558296 13.030907301283467
-11.360770224787574 -12.665567391678122
-6.167092093315922 -10.22744367191886
-5.48337427381494 -11.611257124075147
-10.80061369947513 15.771172545993238
-2.662501268182554 -11.867614409640431
-4.050852094301165 -12.568476281518764
-5.386485371236629 -10.191565803097127
-8.012275445843155 -13.076833920638853
1.6194383222283193 -5.97131352034163
-15.561705301151422 13.20706168699496
4.4936286631931255 12.43089721108015
6.177820126206527 9.80259112209032
-14.451782581659522 14.172359758106426
-14.945798068673898 17.589979619882513
-7.176895218938096 -14.744438301717203
-0.5565061414548982 -11.293924185123787
8.033843571053918 9.619839743107143
-5.883058642790932 -12.029889125582843
-5.861192420230849 8.733128806947153
12.529051069878683 -9.475052099629416
-10.919703600181467 9.3766664718652
4.817512815000153 9.838020587668398
-12.282559057598604 15.357563207374712
-10.614639243247145 16.307140327468822
12.031819443144677 -0.5626380852187367
-0.18582398897302355 3.9161501824789795
-2.720288820454158 7.7568384067268905
-15.5216951031423 13.416384880052291
8.283917463495946 4.248008712932556
-7.139034628859059 -10.351730831270682
-12.617509259663558 15.33496166583837
-5.050497044289982 8.412350613639425
-9.132274873389704 -12.115668627850976
-6.182099929717877 7.86453725944666
4.662978466453783 -1.7754683880885995
-5.147474235426142 12.95318071375534
-8.29323286895411 7.242199274769795
4.717162420442453 8.573171146194676
-1.4819157718787124 -14.369519753419935
4.40030498548887 7.225189895887228
-4.222630996008581 8.84362260883809
-4.3696035783675455 7.047310686077313
-1.1986271428436588 -4.877678239987139
-1.4925256844955301 -8.121967570129499
-8.959280056535716 -11.746021269850285
-4.600386576276023 6.603553173652662
-10.658190524027344 -13.180465711589838
4.314198324128431 7.932618467698781
-12.671512853628991 -7.315397047628386
-1.3427584458870336 -9.518878751650323
4.917028166870394 8.974378852241932
-2.8365419776621836 -10.312982611812995
-14.10515048391134 12.29461474784173
8.510943643087291 -11.070575740512368
-9.304162957936475 -11.46619988094883
-5.2475818208278975 8.267395459691365
-8.77565519871131 -6.336095820630325
-12.341223683455485 -7.211958550747841
-8.386330089947911 -11.118923141149054
-7.38651243973322 -9.024785042489842
4.72893571654325 8.261839892065272
-3.1608123937493056 -10.181144606189571
-7.559965766835045 6.964523404503973
-13.442823230419192 13.425479318841825
11.73126548308332 -6.9185772081215795
3.3046353175595016 -12.621199094505275
-6.67152107730925 -10.564267530751728
-11.852582340476939 14.980140316924192
7.002546274158249 6.948782234160239
-9.173304729297998 -12.258514832955344
-2.8709385602451216 -10.254187434363653
-5.299563725196203 8.109725551240594
-5.176724722395333 8.216831127094615
-1.9938769787123354 8.005837942806522
-10.577441023600489 -11.494593061098891
-6.310146478127641 -11.848244473329013
-3.94178169819074 -11.815916393675455
-3.7618833957046585 -9.651898716291893
5.1829232509999565 8.210985374282515
-6.833029127696726 6.970374873021974
10.944304123941915 -9.438393165354693
-7.578762107923142 -8.923793439679928
-5.247155515408862 -12.000493248605123
2.8387877688628316 8.377328162466103
6.0582281907770605 7.335494205191828
11.221276118144328 2.1084473806543294
3.7615268513645717 0.19918719342656388
1.8131884979786372 9.298768105320988
-9.405360792907585 -12.011279531779316
-7.434353289820692 7.2902670716210585
-11.884181044853205 6.427945586908148
-2.9345199289473274 -12.347783630359709
-6.572310591358156 -12.558439040535399
2.3530493368448226 6.505062295821146
-2.9561970764462173 -10.339589796409912
12.08163115768322 -10.253768801079222
4.133168075216632 6.908335509371813
-10.420113227292681 16.572432454092198
-3.9607667061921603 -10.668575576868363
-1.2202868748254323 5.964495447102493
-12.549281018951639 14.638069843270582
-3.893936395592574 -10.91422413516324
-3.778522098934783 8.870985490575388
-10.111462212928698 -12.452083234265304
-7.689191135182128 -12.782207991405343
7.415244596977056 9.012101098123114
-6.021683395967569 -13.664774040996218
-2.6431183550108384 -12.230521835979333
5.080490576921323 8.262985866986988
-6.524169277421328 6.936957082127592
-11.681068280169152 15.90211765740429
-16.052986434674853 14.652580327863237
-10.653156856330591 15.705283103765712
-5.260402348092149 7.158157757065177
-10.12183363064321 -11.243956559067367
4.372468597859532 11.824234633586652
-12.364222212174788 13.176844925303048
-13.322988975796717 15.067371121981212
-14.235272721716132 14.414805263040455
0.41884659120885637 6.640713606834748
-9.673909204786467 -7.420101043402113
-5.285947891214248 7.287006148543874
-9.867270737301718 -10.70711025284466
6.459312190142352 -5.408489910734067
-5.6253533430312554 6.79151255948514
-2.388864334655968 -8.195763315437517
4.058729213850603 8.535424244827032
-1.361686639953569 -10.753566349921975
-6.959315625467025 6.424662433807494
6.519514613684038 -7.909284635678472
-3.160499062416206 -10.890979771316164
-0.45645703672434834 10.851439495234015
-2.792409713425806 -10.782113358211307
-5.0318741298289655 -8.877146405872752
-3.1161092991483823 7.118784997407632
-13.020894308621761 15.401255335467193
1.8919475535523498 8.81353605711394
-13.064313432901496 14.102927572300771
6.308338896851278 7.823115792341317
4.752345704284814 -7.634870820182119
-7.081743334333682 -1.1783232938240111
-2.5958931827782723 8.43896443766917
-14.038812380757935 15.096376225922437
-8.51261799132744 3.446676563197901
-9.037497222616095 -5.449820422394939
-13.18606806611095 14.221973849688132
7.981331558903993 9.028853774974126
-8.085880855942149 5.635944855267114
-7.830149493794638 -10.740318927094865
-2.5802026435784082 -9.243311165811651
-13.495984581325905 13.205025554196808
-3.0154540548603377 -9.56160157056323
4.899866939662754 6.613598359872756
-5.16280323600584 3.8390354289428066
-4.2797164235253184 6.152412159062538
-15.171217465765913 13.80561111703844
-4.493621361713917 4.687295082971421
-9.469132911658845 -13.177455786651276
-8.207278946058619 11.350404489733762
-5.0350998926381125 7.661592786210534
9.003221666216987 -1.5198850067053336
-3.027321951369858 -12.517184039724249
-11.397981394503775 -7.802471411450591
-1.5105029071647458 10.869807429724506
-6.061258728693984 0.5774407507213191
-11.307123856293806 13.604551789961992
-2.7722183603120123 -8.882315943528337
10.142555897831048 -12.3789280785553
-7.44962950879772 -13.204695970359108
-3.950914927481179 7.218650208836244
-15.547489273814007 14.641816882498278
-11.402008635809251 14.134852792888324
6.168975435567946 9.982006807170798
-12.23917922827903 16.980069826921394
5.587083798939784 9.873195155417438
-3.354490751101136 8.515679910182499
7.415973229074243 3.951368079592381
-2.506088647150662 -8.755988384366894
-8.864518896536332 -9.663818848604091
-13.232097931484661 12.819887718454217
-1.6257324944797098 8.051121375553365
-13.241660093873367 13.989778437521402
-4.283813151543498 -13.506406845046428
5.334454765382038 10.166124745620685
5.699547998122714 -9.61450979450619
-4.279727831425862 -12.505274184011824
-10.847545352504085 -11.025687622203867
-1.3246962024027966 -8.260652950313592
6.197914775435349 9.180653797656376
4.8632149952366115 9.134229380801074
-9.723196045560455 -10.649909059800242
-3.589827628348431 7.87552283262373
4.472726289562824 9.606418907447603
4.3590552637920155 0.26136142892597647
8.299935986333985 14.842104908520763
3.4860563760560517 -0.6225399187742866
-14.459940883491536 15.360965554697067
-7.241701596461164 -8.528286787790513
4.133310897750555 10.832148092461765
-11.189068932098374 -9.50794125387516
-7.44606733614422 8.968235818503672
-13.02327667358685 -2.7833523682678507
-13.32404604514174 -8.951175075061592
-4.58609831544563 7.940497356690065
5.882002960843152 9.329251993815285
6.1867557532479935 9.464095616126919
-5.199282451010186 5.8605760099251825
-9.889399939431689 -10.4415103543083
-7.9431971894301405 -12.50362046094571
2.461487146568489 8.371167257791635
-2.5863777156768375 14.236018043928986
-17.033321187241256 13.963086023868915
6.662316466867161 -12.02184861265714
5.389274527619303 2.8061382212101407
1.9617833262083018 -1.5943233299602397
-8.032762400481545 12.941672311618959
0.7651296110448786 9.222051627367644
3.409204799018977 7.5025767751457
7.797058211665152 7.677521642940434
11.13463997240514 -3.115687456777197
-14.667063061062665 6.282204423430969
8.220454900068393 -9.040017774514993
-6.189939603320663 6.718557676566627
-4.6494494052472675 -2.046541091439879
-7.119742565120028 -13.008421957113288
-8.550308660865857 -13.126187783495762
-9.63126369413745 -12.347691926460987
-6.773844650440431 4.80104550779423
8.059462966627306 9.403866834185948
-4.649111273738566 -11.91381125557729
12.469334107995952 11.289457616600473
-4.058506406735884 -9.375956563586147
-4.846106189542971 5.6303141909246825
-2.662565010373566 8.037523102164773
-9.415978098936947 13.614083613876623
-4.185336879472189 3.849931154788484
-12.427211375690357 13.631135347303964
-9.873203581126075 12.179394405099357
-8.420848708147105 -13.211295796642537
-13.757537712881224 13.640753991242672
-9.817101339750032 -11.160571202387864
-5.458631232199817 5.393966598240267
-5.096079603248568 7.456092594379699
-13.919154658191683 14.974015653546855
3.8077277895942743 -13.783389834762328
4.919531364967236 8.542579267141166
6.01317299826832 11.130810057821382
-0.697799214826258 -11.536550354823905
6.521279460716489 -5.95269072989738
-3.354219020580322 -13.929204315187926
-8.574822722089033 -12.58056946099034
-6.731348923907455 7.891777972003148
-13.954996552870979 16.24452079004189
-14.795801837713597 15.653526741397139
5.942504229771433 9.186277160517548
-5.082790470497978 -13.045155959023012
-13.606471057679448 14.458578340328572
-0.7179286938148488 -11.675377542494308
0.654556998767887 -13.227095679745771
4.465056458191626 10.318936509504908
-12.575709520709614 14.098407648212234
-2.065065958797902 6.607315860253371
-5.613393009479818 7.779312978918506
-4.67760745205425 5.093657664599283
4.494128627881819 8.055759664101664
-6.398272616585173 -12.312114856480783
-6.839103303861037 -8.84967296704642
-11.346162474472408 16.9448785173974
-4.165106632471082 8.209533620978728
-10.060679062389886 13.518402722489773
-6.349215215617415 -13.763787760489658
-0.2287160913891899 7.742365278160268
-13.237998540915072 15.883367404582998
-8.718262027836808 2.8536378284832615
-11.28999270266054 -12.22295596797597
-4.526594170790513 -9.893924887729554
-5.768261364644831 12.514169731656057
-11.706409543164082 -15.238842229731581
11.802664699822166 -13.170560390858451
-8.611043076176333 -9.50825156433536
-9.588866739862922 -13.236407377496908
-11.606448299683683 -11.395384892719125
-13.623158138676775 12.87505686118924
7.434886693723531 10.829742142381376
-4.806516583123303 6.759135480191314
-12.491717299321307 -7.961408017787546
-9.194531117925917 -11.038479422959027
-3.4296772418292885 -8.706778755670635
-15.72819793324975 13.852291578120129
4.059501017607282 -13.534765225871677
-2.6170972415204257 5.943995019615092
-12.990633486891733 15.76220153891991
11.15098324747942 -11.763872180497817
-3.491438417079358 -11.756595495513363
-13.641210443266525 13.552786887847503
1.6099875337592984 4.035928892927181
-10.912054919873121 14.787070893103392
5.276786272537664 9.239384787973757
-5.523257687697902 7.852638899367344
6.135826961516713 -6.69659149073499
-6.315370496437243 8.935586518547304
-2.3786683614353414 -12.114747501651761
-13.555580075466242 14.37866906726943
-13.08888550599197 8.374505179254314
-5.023545731253321 6.031285614374641
-13.248156311491902 12.214387971046454
1.4506274999081974 6.983116128824552
-2.4533935781908847 -11.249544406209514
-11.163425884468237 4.479167725220918
-3.826659411106056 7.206558985397239
-11.588945014240611 -0.0774157270251461
-5.6374672696849535 6.488573091608718
-3.2791509969429424 7.746368386512055
-1.0821492352045599 -11.110778649069683
-5.802199581624261 3.0231660393698156
-0.9584706901081841 11.259259757539176
-5.502529854160773 -12.063523325278894
7.148393013453026 8.106722638558418
-4.879805511491507 4.597406561779861
-4.797041391263528 3.614489658874116
-1.7417675305952809 -12.686826664663121
-9.94836643277224 -12.355897405634582
-13.392463750823243 17.472777389043188
13.54989112290615 2.0950943924178915
14.076707442245016 13.075512697840985
5.4786986661547745 8.37449549814153
-4.827543444221066 0.7165230990486418
-12.999119425058314 14.343410181562705
-7.178628266823818 -12.968272695461419
4.37401114709137 -6.242204325173105
7.171347127391671 8.533996499836414
-9.446561000821118 -9.475804265840981
-13.081386034793429 15.010767322905053
-3.1080634238586295 -10.707050227092259
4.269630230315531 0.5861291219843672
-9.424316703651769 -12.566164744020199
-7.253455779363294 -14.439526524639177
-7.554639063174237 -11.902216219173704
-5.146089428099174 -13.06467150550107
-13.57617850881091 13.277869690646614
-15.583543629722868 17.194876684959368
-5.3543513873716515 8.234718724823434
9.29908606275427 12.92473731186276
14.996145806913429 -4.235371447769779
-11.631279720268017 11.458165663316791
-10.329188491120346 0.5657650766528715
0.9264972856052456 7.189856428644958
-6.881786169601023 -9.094151903607411
-4.928932298696138 -3.7986667674467967
-12.396293738376968 1.9235871060633585
5.334407636645575 8.22102498493059
6.547703428725509 -3.125185069412341
-7.429340908695459 -11.27553015991154
-5.487128554630117 5.687577601080665
-9.295633781175578 -10.074237815178591
5.181798492833014 8.750918637290798
-10.178858501745584 15.040052009313872
-11.521095351079396 1.4101983554604338
0.17275520455437743 -1.6065835987619455
4.386632788245026 6.919802927585364
4.0776807044261005 6.347389051135215
-2.6683500992690434 -10.54661081002704
-2.352393452766406 -9.779000571489
5.251101109584859 7.8552256865988115
-6.236145715332479 4.34598627128476
11.652622645070263 13.798154128239076
-5.749561546438836 8.319296888500489
-6.749650298557479 -11.877211155049883
-4.18952944562974 -11.516445870658826
-2.568472425881515 3.2448095215265864
-10.635013749651346 -11.197295349736704
10.076189444704031 2.957359995512519
-5.7509766386664145 6.781766246156682
-1.9319862874090274 -9.237118605669725
-5.617214147743745 8.412809441601349
-3.8254937410001717 -11.619658867406674
-3.2852511077662476 7.467636847873463
5.219907640571106 9.33185209043226
10.934574523687012 -3.2800364911033473
-10.352791869407337 -12.730255266135217
8.966830203452105 -9.824116425417547
-5.06323841151497 5.160951819153654
2.671397797478214 2.4207987400692126
-9.24794659507257 -10.2877390716809
-5.238612385363908 6.935224762125108
-1.2242688191372033 -14.012330661556202
-12.702334348907101 10.004417156504608
-12.431357621204743 3.79627281837773
6.4912284828140105 11.914774033111076
-12.919448188412803 14.374856533661958
-8.840355371363875 -3.68324435180474
4.574310699433143 9.143008191224967
-13.056401640204554 14.918335621194002
-7.11643857627327 7.402673426696114
0.5966358590930536 10.478769350270447
-14.335500926308178 15.14011059573701
11.83588492206271 14.58478233757608
2.8468149676008956 -1.5894332365529067
-3.018523730991305 -12.573576064609114
-9.283076268404749 4.107354447848131
-1.9235702061652935 -10.25801781283597
3.06372790254823 11.77031396888541
-13.18737991767396 -4.8408006531443135
-4.659171527828905 -10.435580694044322
6.181891259357193 11.639364928077098
8.537484374695094 9.72255322380373
-12.893917879572781 4.324698185233672
-8.515453158445318 -11.750520556838257
-8.264376883117542 -10.241186957747841
-9.579572074866343 -15.352314958513
-2.3588047167105706 -9.168529842527919
-13.525333612553208 11.494567640471459
3.7699343429095182 8.11794876740898
-9.534701610971135 -9.956447515082939
-14.02484696379674 5.219706847325025
-7.159281762189215 -13.404883876204384
-8.360330276757683 -12.502182410466691
-7.89117573360827 -10.72616200311778
4.1794440216044215 -12.104167293282087
4.810499978705788 8.518778184962898
5.4939278115303445 8.21346382964954
8.370132154348903 9.96228753038821
-3.0845853331266175 -10.462167167899784
5.898329693095512 -8.758870345964986
5.0156041762965735 8.323984258713573
7.1677125444007785 9.455004969090119
-6.649911086891819 6.558109855240915
-1.72960939161894 6.953215581232604
-6.677741051366694 8.611317673127225
4.203259043780547 7.875965219044458
2.767815952096306 11.395342702004992
2.28469760251582 -3.07711912540287
-2.6326565898110594 -8.245535061660103
-9.774211544790218 -9.869714450242839
-12.598237710940646 15.197871484597686
-9.734230250249214 -12.361725234117943
-14.221898157082599 13.396979044025247
-3.3496081259454122 -9.982554678620586
-3.688459389251462 8.666252166867231
-10.073222036515915 -9.472584510430162
1.3330874012085019 -3.3917062048884468
-4.246771883582673 -9.952350539576347
-12.002572660218558 17.602165793136194
-3.083366747929259 9.323821877618347
-1.141412766287818 -3.6560810583181986
-4.06677979765557 -2.379457605293746
-10.923347233554848 -10.12537876586803
-1.8064177898152067 -12.037491513399948
-7.39828705465121 7.431118531059156
-2.3728426466571446 -12.1887482338261
7.116172217879612 8.246988539423208
-8.252223043373307 -11.802760094567029
-13.194002121382594 14.195697896190135
-0.7145279576784471 9.664837913083861
-13.83400965028016 6.960119466938327
-1.870001838613248 -9.78976742646829
-8.292278382073555 0.5248623488294477
3.306194549589481 -9.807471744758018
-8.876954438590072 -11.402778694580318
-5.628485344567814 9.747433493869977
-13.138690874084622 12.852698643725939
-9.82343057040027 -11.887198163355189
-11.177253746922625 -10.3227576002028
-9.509057595650624 13.610474598327393
-9.836732717025281 -10.774127063502538
12.727270505837634 -13.336114858037885
-3.912011093054147 6.023081976962948
5.4413710525889805 2.5088302874469655
-2.421889987081199 -11.938347130339904
7.584607546265481 8.019874543318329
-2.515653868222313 -14.354063826052979
4.072884120412803 9.219653330910843
10.732242359388248 -12.044768335279105
-2.5671029439432616 -8.57363093522405
3.038569485595186 -11.059397502144638
-14.280873889381416 13.12974294439956
-14.390953512772233 16.035110177735252
-14.956837673467666 13.28344356234511
-2.1776221337865325 -13.753359036451984
-12.449756237991233 2.730656830190064
0.9493715301311685 6.020992623026686
-4.635909126376735 7.808452887922685
-10.250610879601304 -14.191218966693658
-4.032915921561889 -10.390272066585759
-0.8885949564274558 2.0093430481709227
-11.079755547964947 11.522704505739142
-4.12606325930736 8.671509331496384
6.128611956770787 10.645185790479227
-10.623715651174045 13.864078339280512
-10.280741406411293 -11.456734706636977
-0.7787252642130642 -11.00187351366729
-3.844596904206523 -12.623626956302111
-10.555942099263884 -10.20190858716148
6.3983950901777815 7.428576818938618
4.666857076954564 9.499585887333176
-9.160916035341696 -10.021251417275947
-11.736284827719507 17.396630997121058
-3.0125536748228257 7.58715520498195
-2.3896264768740423 7.177279543697912
-4.5423935151258945 6.921286868542549
-7.427695808590483 -11.514271938844942
-11.526377093839475 13.253914533081538
-10.12523525175114 -14.49126501394808
-5.66173564908642 -11.691970903503467
4.4495182680943515 11.195000084280485
-4.18679801274908 10.016469156766204
-8.70883659831753 6.461134126378871
10.295445215341367 -5.324042711432391
-1.9534009421519563 -10.667013037009358
-9.53835282856272 -12.133761217681855
3.5553759557184317 10.762487602181936
6.910483646289384 8.284949958754082
3.2757607221988825 9.809054422684659
3.6006435523783384 10.423400758173212
-6.702525766259337 -8.498735816093788
-3.2847508924394444 -11.783299516515683
-9.050713915203783 -9.387687688134843
-3.00015335580887 2.8041986587073664
-3.057219225255141 7.109246451953737
9.185945274478435 -6.623030200370874
-2.6691965767111814 -11.376113745586604
-12.909227237840657 13.524493377244488
-10.580346022011984 -9.510325321064183
-4.19413512380826 -9.499162111860006
-1.5699730991984235 -10.54923987746301
7.007732030381771 8.533229937595507
-5.826556721057212 6.771521113818156
5.3958734170767375 8.532423117700398
-6.730705028393961 12.557083948655777
-8.250482663637436 -10.47543858953223
-3.1877485570169126 7.488106380629919
4.953494872787116 7.315724210768947
-14.472514259559908 15.895577003098607
3.3864787689463784 9.23511477820179
-10.242403744388396 -9.701983662563691
-6.858518499934858 -11.218333007533543
13.03392777053029 8.80097731843438
-4.115722334391293 5.30740955778812
-14.973539252016847 12.532710484779347
6.836779772978383 7.4612169368375785
6.270063017037499 8.654296302913915
-7.308978821681043 -11.801826015519566
-1.1522941229606896 -13.489879878641805
7.588776202994228 11.907071989431321
10.017576832515093 14.399911722057848
-13.874564362304229 14.718582071264509
-10.313672071589284 14.87631238551502
3.61227438411466 10.558519163860062
10.043968065496145 -4.5608059001409025
-4.89385965490576 -13.49918100788867
-14.983272281964876 12.136297663263282
0.05243468808066076 -7.0780850251373675
-4.722861084860103 -8.880584874766072
-10.521708942503027 -12.577990365236435
2.7387692831087507 9.333164226306625
6.373330788494343 9.567300603153928
-4.494711012906967 -10.553394162128445
-6.61338906416978 7.500174963769236
5.518605458080145 10.684887956923301
-12.984157996120853 7.343100150950232
-8.256559248757682 10.160087168949035
-11.866582526402386 15.394617369188907
14.209448829310247 -14.323530273719818
-5.631820183583391 -12.288694031865614
-12.701893056689238 16.8554483421011
-7.129784231752609 -12.467655618772547
-5.317381997089427 8.987475832485787
-9.703866743262592 -10.867026854192286
-0.31844760992657495 -7.935240826728206
7.4775704888455525 8.964844783922654
-4.338596185360642 6.577890262482233
-13.515551602237068 15.245782256918869
5.438360267860184 9.199052241004804
-17.637471952972795 13.41910049738519
8.95709471712469 -6.129703687980927
-4.0119382564818125 4.214820626449747
-11.778425639496822 15.75780030206128
-10.653478311607927 3.5786231142190346
-8.92312182665833 -12.725147447365028
-2.8568045208787582 -11.621837994372534
-14.699345087790233 13.727179187800184
6.256769724151022 8.711718666412334
-5.974575073824087 7.5906314811478275
-6.6879123206125275 -16.416392110566036
-10.861735895325788 -11.268199048268075
-7.65190334136498 -10.340631751742016
-13.645030134635235 14.01302165066545
-12.684218246418407 13.434907413695253
-1.5580785776109587 -12.11916972485409
-5.787644771433484 9.058412591721234
-13.731265154296876 -0.3256411200055549
-13.316727176953565 16.850208900858423
-11.352170461389814 16.838000049667173
5.5772478461417645 10.940285566369765
-5.258124379356186 8.618808541578364
-10.306125281652367 13.712600806235246
-1.9106043281015481 -10.832670931886387
-15.207025935476446 16.264771906981693
-13.328377501181752 17.414804904178233
-6.052096301126385 5.890251201543957
-8.00263723344134 -9.028123913105208
-11.881292908879674 14.192345907788436
-13.554475320286517 16.242905451414178
-12.401014253862714 13.625487809894736
-5.778758964785863 8.07953508623213
-4.74030637475636 -9.617428483874184
-2.7749998899904833 -9.204854221326265
-11.552297466847381 8.352439706486432
-8.682802093233768 -10.98003857842023
-3.713185594694201 9.977215036929296
-1.8229731015302393 -11.974523907374682
-15.713590357505888 16.436355222782105
-6.845075355219236 -9.948988368959279
-11.499256663064351 14.643513861632382
6.723792170723491 8.518730248511277
13.598476841661128 -0.11670041745298398
-13.331920603775869 15.07407867668407
-1.8386244562798346 -9.30817447827104
-5.80687009943676 6.097647022600368
10.204082135412808 0.5499143214552795
2.8662572374257955 -12.662855119589349
-3.625224290141145 -11.976154659753456
-13.18767305343407 16.860171806196604
-5.5895640262584845 -10.20870925189547
13.142158110392234 12.567230475076254
-13.619555896607823 15.375085606600795
-11.409866432952665 13.86965937137835
-7.283239948509844 -12.464963538281907
-12.476606789743455 14.966026366668132
0.04809505936134428 -10.836444189307434
-2.2062423149873407 -13.980886350304802
-4.485693836877542 5.31256983668147
-11.240467269925244 17.092544218086527
-5.830086497763297 9.81674825511131
-6.818177312956216 -10.187489699971822
-9.414440441352724 -9.63861726173781
-0.3535450973566032 0.5500105396887811
-9.355559294631213 -10.289969302995985
-13.709144797151723 17.026917419743157
-10.196922606488446 -8.458320612219454
-13.885754538364944 13.531693088444678
0.8803706890916185 -3.5525085902576805
-9.353831921274612 3.7326182377502732
4.928164540031507 8.602792971796049
-5.526988548674535 5.589828680573099
-6.179336425416872 8.803167689890852
3.7204062524504344 -0.8299118294199079
4.348875734292708 -7.745667829317956
6.42405636210958 9.415370961927929
-11.794602999198066 -12.877539568091244
-2.5150547059662287 -10.666752556580667
4.1134858699845696 8.744074948381028
-12.035179849146079 13.917574231645718
1.558539415126436 5.095060352313286
-3.984451314785301 7.361014389672352
-8.265505548767873 -5.350152465467685
-14.695440485718429 14.392009102548363
-6.910657012285787 6.391294863787751
7.709704248784361 9.722931037222223
-2.376819944349323 -9.883777502494913
-10.849442592315343 -12.259863572207827
10.11180677414519 -14.372601515745762
-12.392885797404956 14.187825218901953
-3.9071982727678094 -13.37590018533638
-1.2382251122922079 -11.802044124665954
-2.2220290130521256 9.402772843167755
8.278782135414705 8.194634993606673
-14.80329269667738 6.506486580177182
-4.068819288100603 6.671144420147854
6.403022636091186 10.327440363503149
10.333784482448468 -12.181993281977743
9.122589913507898 1.8975572976909483
14.199411745873729 -6.248188971931198
-4.018866737340106 4.6921112270043
6.209768358321398 8.562115331221111
-3.1310819455658763 -8.964326706483046
-12.422232874718027 14.540678511270164
6.258267495744437 9.677473993955159
-13.556811322804268 13.258551941335499
5.009797370750428 11.247227131889773
-9.628867230701529 -11.413883535999107
-12.960960479908325 12.955963810123233
-2.7779600030681277 -13.210831963007209
5.490075360345439 9.766625606861133
-13.035597318903998 14.149319512786287
6.870528543369286 -5.117833061764504
-8.878535503468282 -13.562349472691857
-4.16685802239743 7.592228108662178
-10.098732247322443 -13.027933620200184
-7.148824778909198 -12.265223325651663
4.73250064125523 8.411684667172365
-6.9208998396409385 6.171555292285503
-13.017717740947788 11.424158527420424
-10.335520192967174 9.83181022646168
-7.034706553143764 4.7686541696339795
13.033407852191509 5.237105540747759
-9.67979712752893 -2.3273259941840507
-8.781504543138494 -5.811349227052599
-6.213417662553707 7.034778153325585
-3.890031432865584 -9.70334710554072
-5.75609956814575 -12.176798958536112
-13.2614883932802 13.600719564011712
-3.795184810280469 6.123926082335919
-11.100640495809657 15.243235407375211
-6.987960672221133 4.865584610114788
-13.16607266107225 16.597684508937384
-12.157567816980514 2.342200682164016
-8.647991428231006 2.7864089677195842
-5.577684871239185 -1.749896136412021
-13.016750041114292 -1.6501651875171497
-12.052787439933532 14.023735313629555
-3.8763006587312177 6.563134227656732
-13.977039453694623 13.07109360178243
-13.119437238050201 17.211933552081167
4.047971858654807 7.93411749722009
-12.599382864205287 15.53235610726446
-8.188257568887666 -13.455254973380622
-2.375884699867867 7.06108513738248
-6.176893073918004 8.604100848025588
-2.535534756974986 -10.693355805493505
3.5686848124160306 -8.049802971653637
-2.8387061761953105 -12.06966273034321
-14.14509458590093 14.73496041340795
4.409245690800086 8.450725465008727
-6.18936002775942 9.408938558817797
-5.369950873802716 5.9425020532644925
7.244087654688293 -12.275703608192469
-4.8212205639862455 8.480724540484955
10.326847978530878 9.25502950110075
-13.649869202989708 17.235987140149156
-12.453169782691527 3.7631892534348914
-15.405286089622205 13.869565741548836
-12.1358370867427 3.3361243822816355
5.452705012320829 10.429649350560556
-10.137456623431593 -12.06333664403732
1.534677610333155 -4.965622890196888
-0.6847492226419449 -11.938136561427523
-13.45975483559806 16.00062696261442
5.148468705285715 -8.019316382996507
-15.123593866015023 13.412055427454295
-7.8357076824073975 -14.16352495282473
-9.772918307392322 -10.443735197999239
-2.8349447083896817 8.004616288688606
-9.508039812903325 -9.68431612902676
-11.54508445805941 -13.7343504743299
14.284315347742844 13.601242829250165
-9.906366120338348 -11.029563386736745
11.877414397032268 13.253677925322954
6.157209119709631 -1.8439968545433487
-5.29086270031071 6.45081930858403
-14.037045923506385 13.576716121058322
-7.413600688205303 -12.05081827156828
-7.104569543650074 6.743376624486764
6.104456770992253 8.677340407528199
-2.173032781164036 -8.857891595838456
-10.755242070726428 -11.74448779484371
-13.013993006734449 -8.58389225246003
-4.06754152278177 10.3511482293138
-2.222617163322774 -13.129343831942474
-12.863817705079654 15.438620051059361
-6.252445687911295 -10.447801567051387
-1.645334062953744 -10.667747016682316
-7.941767187777407 -15.2114281427665
-4.021653980941397 6.804403769934768
9.08596315368612 -12.037065339791534
-13.34392352845024 14.050021246233907
-14.037783438902716 15.643757621802582
-12.524388415835823 14.020121821311955
-15.267514878219474 17.86820490183341
-1.4738192610020202 -12.520045652943633
-12.932521316782688 16.911996269279683
6.789904820372667 10.065185138429253
8.032154455545346 8.470656227245547
-0.2807710256598046 0.3939419282866119
-1.6440662035555267 11.52450710498751
-12.530429718782676 8.004920619937053
6.040197005545435 10.264767526480993
-14.711181727647705 0.12176250757211271
-13.948611931010849 -11.104448559503929
11.711218739109327 9.536943287345345
-10.33448805794419 -11.330401457399512
-11.327510033848858 -10.601934778879325
9.10478905436835 -10.89321576589808
-9.051694029989942 -12.596489089632772
-4.928431122732704 -10.707412686722282
-7.309615004999107 9.449412512680418
-10.185773958474545 -10.87851842965706
-13.30262909918705 14.930165545208277
1.1774141740263815 -4.5998466725596145
4.757456836236859 4.5614271160704085
-0.6501866268933032 -10.164624515338268
3.8164574930898674 2.5187299532852094
-7.1719876374304015 -10.605581711318008
-7.446527391716884 -11.359451543618627
7.780997122586488 -0.05000329397323888
-3.6791450993459174 6.996184310928152
14.530393186135328 14.932602586496419
6.613684485240125 7.1264563354341535
-8.40607206634423 -11.822106015326693
-6.95221049957823 5.713147475832383
2.7083140435401347 -2.4299472846732293
-4.764843914934572 8.825869789451982
4.12471669427271 -13.322989895026078
-15.531562909163533 15.908689533778062
4.479661886524709 8.907701820665572
-13.37282851314266 13.525308746792351
-13.968159233969144 3.730142169624063
-13.68566095006572 14.355887652553312
-0.43591331369107955 -11.801598293068627
-0.8840965582388796 -12.710584208544931
-2.1771321916113777 -11.471982238425431
-14.276803139341844 -4.839507023189549
-14.551653284067218 13.449503171196252
-14.811888049228195 15.124176425204865
-11.157955534115771 -0.4966934968733767
2.9493950338076473 0.4463771551907456
-1.6951070653561469 -11.646321111249954
14.24588790200746 2.6251162268725494
-2.6733123751775647 5.520289386552204
-7.041693742612061 9.372651189745405
-8.280377730411857 -13.16924553888902
-4.854732686376757 7.980597452432889
-8.69010604674171 -10.908421893016348
3.655760829153633 9.600329545065819
-14.774536468862673 15.963425978236662
4.2273244266598935 11.177344787097958
3.4398270392307486 9.358994045295022
-14.931548312804983 12.929120986441092
-15.908697464692672 13.188147279901656
-2.3267939831683404 -13.588508667347138
-10.285061841212347 -10.465313951091417
-4.1985512249765975 -5.975956393022182
-1.3359404782482431 -10.287630378082715
-1.4978889195314666 -12.104092638099841
-13.581349310845363 12.17700308271866
5.975830323895176 8.783518543777838
3.27353338826347 9.114095861560703
-12.272846053985855 14.452392702323264
6.032891344159 7.169607062386005
-13.877878825248168 15.658615010672932
9.419405020411505 8.019627267082612
-8.058104273038593 -11.541275681723615
-1.2605604451060262 -11.153090738931324
-7.197712842920145 4.090298008147556
11.293287287477401 6.689374806411202
-1.8422910591289348 -13.936634461723331
-8.416941444418919 -10.194955161653965
-5.096743749882599 8.89388372458082
-8.57564379992684 -14.08396911362787
-4.735578173014475 -12.171445026108465
2.9056676987672234 9.242592736429398
-8.402000754631587 -12.207612130001692
-8.660735374618449 -11.589701626673087
-13.233236944101867 15.838041843078381
-5.482381942361225 -12.961505477772189
6.892577016450823 10.319314934091713
-5.821545202751997 -12.146122464638824
-3.5344868818048494 -10.471706084405731
-8.974701362377465 -10.099947173277645
-10.526255514955945 -11.749950446299808
4.212125341910303 9.629416804349647
-4.254814926449528 8.01160951713514
-2.276982768572247 -12.239536435989482
1.8714976522257558 6.405089671064424
-4.173962154180635 -10.901872800155536
-5.762791704099406 -13.579081056431441
3.0926166611938086 14.980803163861715
-15.71340439056224 14.076977475504378
-11.82518815657021 9.027174727957561
-15.47608510236683 17.297663828403795
6.7254596754847515 10.685572959391653
-10.048431912612916 14.952203595406225
8.098039338825142 -2.3288596346303923
0.16877657080477793 -9.01132053837092
-1.7546216936153143 -13.271912650312379
-0.5398636607880882 -9.444731590979123
-3.1955333281843 -11.028346631518142
10.999813230602886 1.5844894734205965
-3.361408405792446 -12.577791593225475
-13.769000053894647 13.666214496731797
3.974360619014026 10.366469102208885
-8.085518701533609 -16.004676616324577
6.240698029225502 -9.967011199281856
0.39786640753465896 -1.868180868328988
3.497099570301195 -1.3592414797145338
-13.84892138642564 14.981762660565195
3.6490693702702863 10.260706509759661
-4.214222916573357 -11.222343508425904
-5.015721519491857 9.2736274413455
-5.180547960210335 -5.820380205975116
-7.882997246632336 -12.008957607346893
7.425926340037719 -1.0831749941774689
-14.027135173701478 15.777656331487156
-13.64270937607569 15.292353265173137
-6.6957327408468945 7.012513789853088
-1.0667963382399965 -9.935633552285992
6.017946140799252 10.63120659583707
-13.446081266049951 -14.517538913399989
-3.9454957668105424 -10.015484526750388
-2.628245321260797 -11.9473467518638
-6.520059628970062 7.961242204933172
3.3336142714677037 8.82197437907999
-8.862914703320413 -12.1392162778806
-2.6123653188446507 -2.1117119282594192
12.919731362240672 -0.743005142255333
-8.533345872783029 -9.989553831408951
12.744928430320662 -9.002695378017249
-9.697971224762014 -11.892889178875073
-14.018403507457142 12.759193932584713
-3.177601573977637 -8.205259640867986
-1.9603184832355245 -11.3817527474526
-6.112052632607488 5.973932529608609
-2.7681674085304215 2.1347292103132576
3.9206142725048974 7.832809885297565
-11.87128312454819 -6.925643669875164
-6.425400309589653 6.264465168255421
-8.959061372399459 -15.502067945298386
6.437767118465088 8.126806534969468
-7.98089713815138 -12.089392679469446
5.325767374115922 10.317255841826654
-13.576526960772807 12.86109349410018
-5.3257970499160745 -5.459801290251633
-3.5042729528492664 0.6043117707740144
-8.162350007401553 10.923379358452415
-7.6340551882098495 -10.36632022228667
3.570715657767294 7.685288805186815
-4.111409957926898 -10.922094594742326
-3.9009271031757917 -11.435885333021517
3.829961499400151 9.494508709126293
-2.543790099872551 -11.735318947980563
-2.6668459457228297 -8.335676972690816
-14.344268460440244 -14.71083509595999
-5.372172049076224 6.022725955216301
4.579525327856388 9.33738015901266
1.7156329406080566 -3.3210122691366237
2.4173262218424467 8.64437604971949
-2.009876400016923 12.216846974237914
6.21968310412444 10.204339813170503
-5.896488390018086 4.17482664092511
6.600617371556962 11.6822718699447
-7.359770903298472 -10.94920483504811
-1.9441107562776265 -10.712401524614144
-7.787319523076337 -9.012169654008286
6.7680566195377985 8.751758020213648
-0.8664331691615046 -10.460341031215751
-4.419804681420487 6.734819264203945
-0.07747028827118108 1.3812788926760753
-6.928555838844282 -9.508419279275813
-12.746309106654255 15.862339305535091
-1.5386697405419487 9.34738619130804
3.411492007080831 -14.434764897466938
-0.6324050387341948 -10.302756082868942
5.923147395208446 9.029451091485663
-0.006277350399159332 6.60213568625975
6.6224139953460135 7.693131429961879
5.039156534126688 10.646712574223065
-8.621893642266873 -10.655866884020988
-10.079075730180678 -12.45590948522175
-10.589887473776962 -12.972838856672158
-2.918732013216722 -10.97506139305467
-14.739629638316229 14.60188794499927
-1.4099642011194842 10.343000365012252
5.288079827429018 9.63458878258667
8.229218676662423 9.51496613023
7.702757840871279 7.774858656575228
-11.726858556072612 13.169251949797665
-7.538313526384989 -13.77767483935698
-4.772490906929147 -9.685139388975296
-3.8293862788436868 -9.83560578235661
-5.630873113906643 8.153835645765346
6.896959803821982 -5.368380349977858
-8.591825302795968 -10.375715609823203
-8.712552521208464 -10.547799719174538
-11.429456479658047 -7.487420826563138
6.229189344138939 6.884450534325077
-12.099961720941034 14.389984741752244
-2.461806191214322 -1.6131452124634222
-3.68001310131178 -12.971358013890926
-14.91535091969093 14.238826327737359
-1.5723323901571764 -14.79077517022132
-2.5087242626506425 -13.545113680696648
10.42764868301736 13.158171409483806
-4.773700597423623 -6.320750225932834
6.052369194255684 7.712715606390182
-14.547216750153723 14.436253500365414
-9.70997014726683 -13.217265757825736
-7.196962190902049 -11.620935072579124
10.83822970993911 -9.040538062278076
-11.612322030830438 1.5469639595541302
6.31060035037827 11.033295854610223
4.267615696795085 7.310779911894603
-14.29658573924526 11.246007190969026
8.788964027812217 13.993307633349307
12.804333280350654 -9.936026159574673
4.0605400855972285 3.178307286930579
14.585156227898786 -8.328189431909493
-7.207288942482901 -11.088572584308805
-11.79789028356275 -14.066046965567487
-11.655023708424467 15.206733389458808
-5.910007738060358 6.633178921006447
-11.753575743304198 14.99579764396872
3.585093807146106 8.640966343088683
-7.805546756736439 -12.634793799750963
-4.221069781325852 -9.797791703829851
5.112640691715565 9.071204946361432
8.019981369243517 1.4731333103504625
-2.310205261449653 0.6851923712808059
-7.59521459411761 -10.527670327587693
-3.2184738246967903 5.682629150468266
-4.359897870355962 -8.52652150454007
-8.665004308744066 -12.19277591361962
0.09603797067248898 10.426167652808822
-5.524772663559146 5.140730794295055
-9.111171809232173 -10.193510000788912
-4.24531033012521 9.678323369023571
-2.1941040240015286 -13.38344660586716
7.2005604565993515 12.570391278643516
-1.7978009562699808 -9.248107218980827
-5.347281747868193 7.1211447575783104
-6.546196291206589 6.9270335643618095
-13.077816282414837 14.170004879202697
-3.855598633698154 6.136633648134136
-17.282093981993594 15.583128232709988
-9.22678285532629 -10.115851826515632
-13.253518363711926 -6.936201872234841
-6.455947814654786 -0.6051185412161058
-7.379115013502684 -11.010935065478588
-2.962567042849648 -10.601893301133293
-12.806948619664066 12.97727988249743
-0.29255795873596213 -5.884244681811566
-8.88598377242152 -12.130782245078459
-3.2913448923194095 9.26021264065718
-1.4377752907200365 -12.972874059363589
-7.36284668459483 -11.116256806906227
7.069290655088608 5.14924140686802
7.452010442513483 3.6439652357167773
-6.43663466274236 6.8269734568728815
-7.073294428200553 7.19128644533091
-12.529640051386881 -6.434672082490815
-5.450841227196581 -12.570096101792453
-5.726679365558449 6.849666840124919
6.079195756423272 8.721009907607796
3.273264985355194 -14.448359740985062
-9.115521879047545 4.214477137844337
-12.370850215372105 12.76494752186518
-5.326862999122305 -10.869794264177992
-1.3194397376424134 -11.500261148144867
-1.4372120790129328 -11.939728082225889
-14.809514317815522 16.562740278301437
10.692930238935592 -7.5332809475101525
-3.315612601060722 -10.195654910485642
7.351858448336461 12.595393677041141
13.964711215609299 -12.750316950505983
-2.3998623101781633 10.159795203600087
-12.566742247770229 6.2912198658088165
-9.227502499414786 -10.364983608260637
-9.802861165180651 -12.597388257778274
-3.078879216305098 -13.988224084842791
-2.631955462942221 -12.675640082237946
-6.590798102431609 -12.912910585799578
8.069023901777024 9.365450541523787
-6.410644053000757 -11.33881348316349
4.700722914509768 -8.687028400295262
4.938409938084625 10.538992474726916
-6.702150941105307 -12.445179281615653
-6.233450365013884 6.469665039159828
-3.5345622566264288 3.957967544384373
-10.888145141567396 15.920385961751418
12.92977498802416 -14.3548823565176
-4.291746184464262 8.144150010268921
3.8919891145427883 -8.529054900099759
-1.483860713817375 -3.3173305065166954
-3.128813826590317 -9.751921345989052
4.3906950271701355 8.902914882147904
-11.055007281529175 -11.399962148244047
-5.089146068345634 14.344883748571583
-4.32249796638503 -14.078625088804179
4.23212482014338 7.975205080093733
-2.926861312873982 -15.259784248560184
3.4100269218120784 8.742081892691536
-2.9635503965847008 -10.684814601842007
-14.805568413733353 -7.81813946432086
-3.601564404649716 6.9731549713289045
-13.016397505657336 15.253838086318366
5.2535721164511475 9.532865698518235
-2.9167617437886557 -11.873389535481234
-6.842527112633224 8.002610516269506
-12.532209704225613 13.2323207037638
-5.676516361817535 7.429535513106189
-13.79292390983754 14.866918271087483
4.663161395193317 10.544503916337584
-8.287542241236483 -12.161617094919833
-14.29263407435013 12.772178485722769
-1.6085351392870701 -11.58316282834508
-7.9794166695476285 9.708659729095217
-4.481220337498791 8.101187703366296
2.410247323655444 3.347165314287537
-12.099944256639446 12.00532149442192
-9.643627446368146 16.015893746218826
-14.190722930926425 16.181339203861825
-6.057114709835125 -12.063955617726437
4.108030500428987 8.154318367679473
-4.0108330983608225 6.137055333388128
4.022692149789497 11.705800478112913
-4.068478701434736 -12.909677665377508
-12.995348764139486 12.74017791585075
-5.51183819762192 13.73980532649189
-5.4614363603824065 -11.845855099105224
-1.0655164389514644 -11.590046612799307
-12.437936699820344 -14.079589654061241
-4.947541555633732 6.5048855710760165
6.018609936118324 14.177002572715605
-2.434891956933971 -13.662235302930842
-16.74669226184607 14.065889677132967
-2.531491909623905 -9.517302858177873
-8.79375035731412 -13.101678007858037
12.138481610349992 8.125576722651129
-8.839806750696365 -9.593059408360894
-7.9874460131798095 -13.799267751028006
-6.802715458104457 6.14379240030186
-12.550591182523917 15.193464608492082
-4.626435969581891 -12.167577458782535
-5.052512220808551 -11.186851549980446
-5.256243532189265 7.833040969063857
-1.4329370406064776 -8.121858271816862
-4.696869024705244 -10.914926180566733
5.933648528502163 8.083622074342244
-12.136872057750896 14.184134953169279
-8.661510170844341 8.23067486838804
-14.8962510268083 14.399788866903933
-6.039078124181385 7.541354632673906
-2.458413241666143 -8.672483200380183
-8.087749299675583 -1.1229184337139504
5.813322747255557 9.964832979944616
-10.07928606064404 -14.087134544491017
-6.58745305505998 8.77144842573584
-7.269025607820682 -11.324920578770495
-1.987227008281611 -11.700712510192014
-6.592594449895137 8.351410035370586
7.705786678185565 12.428954780936404
-3.8596308522807146 5.4166524899160535
-3.771302999452335 8.922188518835059
-4.425896610284347 -8.694669370756177
-9.3735021641466 -11.782709099635559
-7.996133437966182 -12.745599880628681
-9.3806961215019 -10.148622654668225
-12.306113597561552 16.489052946938926
-2.374979136502312 -11.380089084766546
-6.832774187008763 10.543280879073563
-9.843507295860922 -13.903643497806172
-9.7790420570311 8.91832839017048
-8.971605425385022 -12.814511635099546
-5.091264579907317 5.172369294760109
-3.7594073314002965 -11.628588865059815
0.18879875073785035 -13.81984749088469
5.804070498029789 8.342028534186511
6.622905084503522 7.195071536753169
-4.375414787261256 -2.8425665369573476
-3.030363310079479 6.751516518435708
-8.572822032799435 -12.954698984771559
-4.73654240141525 8.793706998339232
-4.974455291541666 -10.79079282961455
-10.939044653377069 13.930716712870096
-4.927599447916846 7.342944038348622
-9.803267204202339 -11.18615639501289
-6.871525553003847 5.3162123868631195
-13.664497297431154 12.802726801898029
-10.049296715558402 -11.695162790973
-14.775157874107196 15.934150536630737
-3.561210023804694 -9.010060956056876
3.6776512937616634 9.955003383088739
-11.86714975124093 4.362714107005839
6.752579539775988 10.402824318609325
-8.207083357924304 3.736480941916952
-4.8404405403789905 -8.367837336681578
-3.7618728493037663 -10.042815897727895
-4.087858407077576 2.0715441298940966
-12.09758825963451 13.519699676183931
7.1395280289723 1.8903827958649337
-3.5511117389590376 -8.784192127074537
-12.27859468966166 16.21886598903884
5.8815342996248665 9.077154298017822
-8.821631923072276 -12.373656146538224
12.971118611103002 -12.145249526901448
-14.251353284970566 15.147531586861499
-10.24238545043595 -12.184661613737726
-8.102611495356216 -11.241271756835296
-12.115365706827987 16.07166628325455
-11.42060961287272 14.596516074932262
-3.3926691069309483 -8.25462369612753
-6.582322936396877 7.565623848610564
-3.1105263273122414 -12.675131347427829
-1.452304444010295 -10.241104142577445
-5.822980404395743 4.993577918444789
-1.7008633162886189 -10.56720255559946
5.4767232017925185 7.884433845013996
11.03785573786239 -14.556787720449158
-5.761367373996923 9.3018509731546
2.3267410517003846 14.027382074734124
-6.3978169504932065 -6.393464078869023
-15.8096259895682 13.04215263089662
-14.912780716818963 -3.786314478393905
-11.260966342609091 17.06674671031802
-3.2858867474210793 -11.658159949066627
10.620041653657655 -4.6618532276992095
5.048605172636652 -1.1745267680752338
-11.463668481174103 13.587969692233735
-2.4661656209219958 -9.97027128736572
-7.554087635333519 -9.681974124673307
-15.25934708235167 13.89419873823948
-6.825350872982109 7.787628323811614
-4.613271201822996 7.910881600573851
-6.064432806000076 9.972301873567053
11.443384915576708 -6.544421157868332
-5.62507987784472 5.931392502701689
-7.65905726198358 -2.24726192777225
-3.6569816926188627 -8.132476558861379
-7.718119938596226 -11.442866656764448
-6.109006695326679 -9.798840481559656
7.432847334668798 9.984534929080374
5.863730838695793 8.289883395783196
12.013121458240718 -1.1445061613129575
6.568286850555399 8.620853039862162
-15.473221511420352 13.688237827515026
-5.727999702345546 -12.180615858349901
-7.270288040783677 -12.277985117548067
-5.970694743487607 -4.34087700767024
-5.167845373735963 -15.027100805420808
-4.574761563027871 5.951530963983185
-7.493645676832962 -10.92111691483501
3.537822963287219 -5.137048051071245
-1.899748253932782 -10.779340448529705
3.7554835520075893 6.455226624387035
-3.9326824602968 6.384916341846996
-7.641217126986901 -9.911056842859946
-3.9320048292093763 -10.644079745145165
7.142318013483518 10.871693882805745
-6.6752856024325835 -11.570951792295503
9.256483242599476 8.561666595089111
-0.30198428033028124 -11.979338323693543
-3.551414094659507 7.41182253422367
-10.693992811617226 -11.822961831120569
4.468674586547848 8.95191827846006
-14.269273257094131 13.87013274149946
-12.3614079839633 16.06419294530068
5.187077800475954 -6.3588023826822635
-12.931828782959027 15.936893002877365
9.993453375372901 6.495696416151186
-11.501567465578933 13.604042836475564
-6.022590351648805 10.455437444793915
6.72271202033532 6.726277742687527
-1.0323410701627813 -12.086493818940122
0.2774849694944752 3.624300647535474
3.779337309830926 9.313291145408005
-8.606413578673035 -10.596173138634386
-4.080693114252666 5.641478822137417
-13.78240403580779 12.388030272474415
-15.066104018620162 13.230188258468294
-6.224658095965053 10.950354589017621
5.518448905924524 8.94545248090175
-11.410285075011478 16.131118614599227
-7.481347032516275 -6.0537375713403065
-3.578498132711532 7.357549598831913
-2.6634541087636863 -12.87617265567131
-2.992181364378454 -10.386479793430524
-9.572139523613266 -12.472949374728168
13.325471352869336 6.457119027141996
-7.112584334296625 -12.554235017733504
4.699017379619146 -2.393483546553364
-2.1240595200131334 -8.9462553766623
-13.17475291601281 12.189151586374289
-9.646673008462853 -12.070959387165676
-10.366026352557927 -0.8522928257232127
-5.010136232291428 7.087369511647362
6.966797813539699 -4.107727987807181
6.605005180155196 7.982304556870092
-7.898256158467111 7.897720994360341
-1.4763914602490644 -12.004478645963793
-7.765428301980857 -12.844085801583388
3.6046808897249027 9.681008378393166
-2.81689455582806 -12.5807311567225
-6.183781302347885 -14.283973422536086
-4.004118019007455 11.946836758321002
-9.621935761245986 -2.0581419160961243
-13.041247656288055 11.923489701073606
-3.57443564485423 5.486958282541614
14.449625672787743 -7.976007035837363
-12.974550673967384 13.323785608735674
-4.132132446244161 9.930564605611892
-13.299700333664587 12.715394127488924
-0.5792247849890031 -11.95472301822506
-5.671353600913294 8.941766339793306
-4.653291561596577 7.009102593798614
-10.678019227602888 -12.375189407397228
-5.573261315809183 10.221248090826823
8.107408978061486 0.12872260538596692
8.217006304109784 7.857745803001416
-0.2759711117020536 -12.553373606106653
-1.8363619152479345 14.924605955309055
7.688527618650429 -11.118568727484895
-11.750280288182712 16.29478660650049
5.4532280518096465 6.4415817274122205
-1.1021500524921701 -10.236039600223338
6.285419870348312 9.69491629019162
-9.610926317394258 -8.901878329924251
4.127656497799778 11.442691277466075
8.908249705280335 8.108897192569113
-4.198778053413541 -2.832185954220254
-5.664065071752516 -3.4145794870729933
5.368204879516323 6.8843182998624135
-2.973244644693268 -9.66977638489706
-6.465149579885585 6.274806284210083
-11.551130759791622 14.197703491735576
-17.054548582460225 14.413296872423711
5.181228694167784 9.92279216558597
3.377616933011625 7.459741182843688
7.205208577065974 -10.121274309142546
-12.688679274190656 12.272635547602171
-3.8759578489020736 -10.472651839057528
9.258890084247849 11.37098846243846
10.999752142261176 -4.622046808120034
-2.833079239371703 -12.527293718455049
-6.040063116046955 -12.778882667038962
12.979430048648098 -10.654377026970186
-13.432095693875713 13.049834397667317
-6.854635186483385 9.007081674809838
-12.754450842086895 16.29209725627048
0.26442284579020736 9.534565579164319
6.2333385538417785 10.478543847163545
-3.194649479824953 -0.5137918253673313
-11.730888880074014 12.716451858412011
1.0117504132236697 6.9240262426780035
5.075191627347753 7.587588038961849
-1.250990034307721 4.197319705107734
-2.2769053857665167 6.138332522781578
12.107718803598797 7.1779163502575045
-5.129636386984425 0.8971104406312307
-7.35244790223101 -13.323465209663587
-9.072822324221686 -13.790419867369742
0.44532941289722316 12.712736179307779
-0.2431592812476402 -11.493055290209817
3.0467674430226532 8.125652327351869
-12.580075429337352 8.816615566763993
-12.379305514755348 16.09845095475356
-4.2030331190595565 -11.322669167117924
-8.574140268756619 -11.617784116747702
-4.627117054324767 7.9519896331236835
-8.694113065639016 -12.77746074864926
-6.011311296689181 10.073540192270118
4.495614503076861 11.776641088222231
-10.009722709998474 -5.817477263334991
-8.093918603954277 -11.82211362881589
-14.94596985010391 15.854262093366824
-12.164799131139041 12.589697003375239
-4.960051856906329 -9.943206458971462
-8.455929616427733 -14.634311381001023
-0.4384459299855088 9.680211868773124
-3.186626172685352 -9.439243310533435
0.33498208692734543 -12.417621599705573
-5.6706778691812625 7.543675548541209
-6.438111608899716 -10.790848777731133
11.553038863649245 -1.885025044333716
-14.017035238591948 16.62313319727857
-12.256329403347163 16.212850301171652
-2.2314547705719807 8.09654223765671
6.2058925349814125 14.549440692952256
-7.869351455133624 -11.724776010982929
-3.980223737041323 -10.765163292880537
-2.610969637963242 -11.264395883534565
6.85062427506754 8.791838561606903
7.224285033294585 8.260183471322996
7.5203687727496416 6.536419243049537
-9.80799364609278 -13.543657884482682
-4.750043977451147 -13.822082655713201
-11.663985678976458 16.97683204223278
-8.53078036970492 11.647180829232376
5.564184548753421 9.642383170549367
10.658595914634176 -14.848291630830005
-7.4282715220853195 -10.083348229011797
-9.306519149125311 -14.08868957769685
-2.169814713552592 13.296789337839545
-4.569465840777557 -11.869404683869426
-5.365966715294895 7.059159730486215
-3.85052568438375 4.707870789546955
-9.44139414906276 -11.365642931383736
-2.1201402749060945 -12.087167699545343
3.526981463061091 9.939231566976273
-4.579966272715801 -9.972277631979303
-10.194404947916746 -11.243576216605174
-13.200167182969283 15.157084886751353
6.56554562895555 10.643995215168598
4.86235767659886 11.378664740760014
-5.986168150081303 -13.065169644656562
-4.461537950821503 -11.209860293793266
13.577048666270663 -11.611585633512295
-15.873203811867391 16.41034233405869
-11.433437531162129 -12.41093001436201
-3.853951144500348 6.1635239766812235
-13.560342564477331 14.619379015753124
-9.65008742156871 -4.694007855697551
14.106044969599488 -5.7686112681953485
1.6650898138309032 -10.159196455973841
-4.92695642488809 -13.122403030381477
-4.339075959573244 -9.094888244913372
-5.280659749763601 10.29933507807349
6.72352021549718 7.21972024225983
6.995158820567836 7.997164939312475
-0.38512792442509314 -13.707041573198499
-11.88623526194467 16.34854356819887
-10.809302110902436 -3.315506956366617
-0.06789414539513672 3.1118162509573253
-13.910436856716494 15.266710225798805
-16.030064277759948 14.422763750625007
-0.8353360047581604 -10.11848503708304
-0.3378167314858018 2.3254339701682234
-5.874701585979558 5.366480396211513
-3.800261596177525 7.279940537621769
-3.569107571237113 -8.452472713614151
5.481748930145538 8.569336886607264
-1.1023842298045796 -9.298647065041077
-3.3639604779994103 4.057149619333366
-5.371626091851774 6.593504859973908
-5.476908796621859 7.912750917548001
-4.199471277336568 7.238346158139238
-3.2498007989416937 13.582997334138714
-14.124036645824376 14.693209680224534
-11.71619665665333 -8.984404917953102
-6.311736098153959 8.141492056762912
-8.090580041335365 -13.107724486872664
6.191652466842509 14.076323552525654
-7.381830579870616 -11.38183563749067
-13.960866941928233 14.45105531617587
-3.4526877737437376 -8.47281519908834
-10.160994881929243 -12.23629476892517
-12.424532708289087 13.448978670236624
-15.585680669259006 15.444514792696587
-4.4970735220260405 7.784793912430282
-12.591740582274221 -2.3034198388247127
-7.431809542946606 -9.736562310732575
-4.9698555568885885 5.714666383326745
5.908086538968995 7.006252658542732
-13.966042310700038 -3.205496399504158
6.255749716456012 10.055231616100526
6.055063264349525 7.653733736571488
7.874749854173317 8.293759345545942
-5.094048916926889 7.73339345639953
-11.8952640671563 13.49165271970876
4.292710138078908 6.898441820797084
-9.163632429596754 -10.386212405041984
-8.770067426049915 -8.634729995198285
-4.055262413932626 8.78723864892443
-4.213849304212629 -10.51956379906926
-0.5235953924697849 -11.638698316988037
3.053315472950903 8.44149463345118
-2.3662274740561156 -10.9152602240367
-14.006663483726754 12.871417549337991
5.902051271566719 8.820781029861937
-3.5268727372797306 -11.282800629484482
7.726349247282236 3.3721397460334686
14.017692742438545 10.35670554072335
-2.4616023345597724 -8.744277429031033
9.67817628105869 12.52553948373044
-9.63053206023969 -11.324605232177447
-5.373499830460396 8.857450122667478
-1.8245444675558333 -10.380937667446341
-1.595016972208631 -10.537780975218949
-9.14950644783536 -10.92407147945914
-4.455686426272505 7.088204660590615
-10.502861894542669 -10.09178788870221
5.977661863510458 10.08401691703274
-3.9420191219502163 -10.320307902644121
-1.9995580828566548 -9.273703189457834
14.312131025853535 -9.201460384944593
4.658282528821861 9.903663146184682
-5.07812042027742 7.800257727702153
-8.41442601245985 -14.539696621489096
-5.340581914006629 5.917843583268776
-8.216835419247701 9.66515012210624
-2.7098210439169366 -9.62077118697278
4.62287612550574 8.227678697412461
-8.80418164090438 -12.23623110458342
-1.8581750881462673 -12.564474288170242
-5.508395232529311 6.36740329804999
2.1990962751998957 -13.194191455096696
-0.31851540987938165 -12.351379876230752
3.866043554579705 7.97524416500638
-14.508448981494238 12.11350568119579
-13.235295414159179 13.803533168398367
-9.253158915079005 -12.12000476133388
-8.732758389847154 -11.678793354193665
3.805683821855886 9.565131463019327
-6.47132046275351 6.103222396565336
-6.491969871821473 6.8076827679802685
-8.717867031426637 -11.045923373325817
-1.8987009059800488 -9.454763550459894
-9.488143226330898 -10.970420470020157
-3.7775127315052455 -11.286933866152745
5.547592033010788 9.69231191673962
-14.371545139929083 13.45119581544679
-13.060936555435294 15.092506684469008
-11.991442713966347 12.473531068627322
-9.339980132917493 -11.237665210449126
-8.255923350610807 -13.743857268686876
-5.907563742661474 11.177475097521626
-6.665853846763586 2.046256247470364
-3.714642770091279 -0.8211107443291663
6.9018909747623605 10.523458821786427
-14.778314065370138 8.653791367683521
-2.178293985125086 -12.548039297507597
-12.59101076833856 17.293809764392222
13.167260143594934 -8.046938184587754
4.9774246313259285 9.107338573056271
-9.062948789610413 -4.110730088962923
-13.125358450346855 14.104677203602899
-2.898903087168745 -8.80600840275211
5.381634365823641 11.724174321133372
-3.353015794952933 -6.396098324449641
-7.900603476444669 11.598373411387001
-3.148588526176026 6.582631129410254
-2.9897504847670984 14.079262744284236
-12.443172543304257 17.114884454796904
-14.614210629812877 16.832789419447195
14.760703041398195 13.541786551645348
-9.325033152938554 -12.240245762493766
-4.953938561002308 5.281301363314998
-2.6726833838997326 -9.640300836657998
6.033050657063664 10.28593735593266
-5.877636989490047 4.913103752407727
2.0923724467830125 9.892516666810163
-6.443362151450012 8.461375224386098
-0.9900631043649715 -10.076847322567659
-5.529620184075861 8.90043971935896
4.547794420712692 12.241841051705102
-13.545144417019475 14.680196000565367
-12.667866193496137 14.3679670471535
-3.0068888426937233 5.299907520887174
-4.278143873925821 9.079151554652487
-13.163919848892528 15.229892521751108
7.477134898924145 -4.766401588708323
14.561403686661134 11.092515618027551
-8.94934613637775 -10.274755323618592
7.578248487601197 6.913349974047332
5.753961737161279 7.566058081070809
-5.273082486828147 8.654381340936148
-12.502017856020178 12.199856568125695
-14.683269347591475 14.460282251224351
11.688162567335244 -8.64066093770137
-14.0796830080735 -9.428289162279707
-8.40008828750141 -9.008880129682636
-2.187867797391031 -13.253731688551495
-4.299843541940431 -9.728604052906865
-7.486538011182837 7.993670305390536
-13.930751278947321 14.05056382965158
-1.243298717704795 -9.88757308639029
5.283360302580358 12.047388384890082
6.384905506096389 11.582596859633677
4.017161910159859 9.365767908151698
-9.467254758869347 10.86954011388001
-4.611589957611976 10.243498373753871
-2.282684076287978 -9.243843431713623
-4.66114477538018 0.48564770055574513
-4.6556511335606166 7.629268349646731
-7.2669279180748365 -9.940368506007452
-5.345233554779704 5.220272486679733
6.322135595864828 9.049393113736848
-3.3396595862963387 -11.73517986355128
-11.421874040821091 13.355833838432403
10.323473560923546 -6.627916492203166
7.172834969169483 10.073365306184293
-7.609027763991181 9.36955898061505
6.968525941032398 11.30946338828979
-4.471895067387783 -7.850009131339158
-6.9708671349104545 -11.399509907259286
-13.60563013690746 17.625775028147697
-3.320833075098651 -12.027464045307514
-11.03471006270171 -9.909135765911671
2.059575291171095 9.231407441416687
-3.5844824297822537 -4.2547590841411616
-4.751546802977045 -11.96419703114665
-3.3075004429952237 -10.459675753176134
-13.660528447706389 12.797306553501906
5.472446760905906 7.605224060881474
-9.235777871146626 -10.065943898321954
6.2752086276008106 11.31203387476112
5.3483357792488935 7.878848476310793
6.169458050399057 9.549893126877228
-2.238866258182607 -9.648418000724506
-2.212248779046912 -9.128177888730239
-11.216131913585686 -14.10669807257699
-6.390137955441023 6.32931509557733
-4.558225164426679 -10.644216955804817
12.351877518889722 11.321626689961573
-12.90699707535958 14.337237172955847
-2.543780241980104 -13.39224795265837
14.989284841360988 -3.531478325808582
-13.369000537394083 14.632583585478692
1.3734020912337606 2.8935287588881877
-13.198563541559066 8.83687161165026
-4.597806922747207 -12.646357344169854
7.5806479074201825 3.3999857513116716
5.98888528820769 10.204574212122798
6.677607461009359 -2.356996030698875
1.9392419385472444 2.2029059950241923
-1.2592311026769547 -11.697668366345955
14.83493081448714 12.77085795639767
-11.250700865201976 8.917677212259983
-6.090954106380674 8.667490158329464
-4.102652563956941 -12.298412267433825
4.027645781728611 8.997952655923624
-7.1055573806174905 8.633405783986321
-3.8984798435458248 -7.3796319404689585
-3.840318720365433 10.21317960657407
5.390232293950374 8.609064598144581
-1.9275114561542068 1.3141925620356503
-3.5754481141684495 -9.88815309962589
4.613121582800743 9.089740701810578
-8.6718740547813 11.271047815808444
-10.107766694508596 -14.6948931228629
-10.157616242788556 -14.117806907850992
-9.201301410154706 -12.373334833471215
1.4130972612162473 -0.9822179529679858
-14.290510736912664 15.355112253646123
-8.362238380936452 -5.8518166654448684
-2.1673888796101823 -14.024082182012078
-7.721910261494758 6.117198223235414
-8.45690592961902 -10.588630300278954
-14.083822168509872 14.86715888680973
-14.158977277953786 13.057886888323868
-12.677910347226625 10.923749162420922
-4.743120146455027 -10.182287473576713
-3.485059980920928 7.245621051128099
-12.946672581963139 14.317264609768781
9.856250335165605 10.394283799920501
-1.7721016950808939 8.320290427417664
6.2556546675392095 13.069537986873883
8.85640736869924 8.046200195427067
5.962390889912746 9.253926197297348
-11.704400512954635 12.260357450412258
-11.019767417117302 -2.778803321148432
4.0443592806963515 11.474140753561453
-2.086507733888599 -11.469321394230766
6.198737533078015 8.586959012166785
-12.226511292234663 13.585473670657752
-2.7258598572188864 6.59870853433883
0.33433303473483544 -13.952469983258558
-8.074627939950402 -13.882470294688874
5.995609414729469 9.359102279699977
-9.941060463328608 -9.928926611031
-9.534474969579792 -8.05381122672242
-11.205410819704044 8.494012413718579
-10.774619992013857 7.949049947837278
-4.630689942789719 -12.427268491622353
-1.374415611831109 -10.872469836618857
13.847140246486887 -0.2672420257586374
-14.00184805641691 14.556917315499334
-10.825974581038277 17.82871486271399
-3.053713356121814 4.325897607678246
8.286547022320363 8.379481170680332
-3.0641931958533846 9.927444299109048
-3.3438233593316182 4.184479034041197
11.267523093051324 -1.3619853358435634
2.9010235693021733 9.924088588733811
-4.653075881366557 5.062832515075435
-13.66480471617772 14.868312746416043
-0.8476068704123065 4.959361430751208
-13.174663287740215 13.365634037805592
-8.90000225323239 -11.042468663271599
2.1806556367213332 -13.280471258477307
-2.540779316690853 -9.525335686383434
-12.34908855429173 15.499615593452718
-1.9645727319703266 -0.5651643280178842
-7.538898386983946 -12.61791503579612
-3.735728672414708 6.258555758417577
-3.417315380519497 9.96059160414202
-8.631154279241706 -13.53275294678655
-6.68454145086094 8.607244706959163
-3.4964165313045346 -10.254803741680217
-7.86852766739803 -13.211739866458757
8.035310209714957 -7.002772984389095
-10.993877058139969 15.071295676401894
-4.910237642575655 -12.073775178785597
-12.705970314339144 13.664679404446792
13.657896910626196 -8.377963716939284
-1.9589316316176983 -0.9510100318446675
