2500 2 5
-0.31844760992657495 -7.935240826728206
6.548449541496364 10.300540682064764
-3.589827628348431 7.87552283262373
-6.266428880172469 -9.122726256068361
-6.252445687911295 -10.447801567051387
-14.34446031572268 12.899954241771225
2.9056676987672234 9.242592736429398
0.3109300923217493 12.395164659292774
-3.160499062416206 -10.890979771316164
-13.560342564477331 14.619379015753124
-3.292488920236255 10.376514086134286
-7.865315366105216 -10.843352557556646
5.4939278115303445 8.21346382964954
-5.362469875652073 5.941891515995127
4.058729213850603 8.535424244827032
-15.218682405720669 14.349005987847857
-4.221069781325852 -9.797791703829851
8.182447137457672 7.99093525876995
-3.0282530415701707 -3.4354168432777197
-5.781093397501194 6.63228880427914
-5.395805009604551 -0.05249161057989937
12.078719175002398 14.365072012247893
-1.2605604451060262 -11.153090738931324
-9.94836643277224 -12.355897405634582
-6.524169277421328 6.936957082127592
-0.19666640099354638 14.755011192355461
-12.282559057598604 15.357563207374712
-1.7978009562699808 -9.248107218980827
-4.165106632471082 8.209533620978728
-8.29323286895411 7.242199274769795
-5.448512605372974 7.496722238829814
-5.15091479029684 9.584149318286098
-12.443172543304257 17.114884454796904
-8.030263817393312 -13.980300496588889
-15.267514878219474 17.86820490183341
-1.7369055111563574 -11.04451837795935
13.880510940366118 -0.1614096558547633
-4.489620147144117 8.18577065847953
-9.405360792907585 -12.011279531779316
-14.614210629812877 16.832789419447195
-4.335692061620594 6.311397136538748
6.968525941032398 11.30946338828979
-2.958539336504672 -10.778076408374723
4.948148976566994 -5.495199442398427
-4.058506406735884 -9.375956563586147
-3.5427315616994743 2.9257184997906407
-5.082790470497978 -13.045155959023012
-6.67152107730925 -10.564267530751728
-4.613271201822996 7.910881600573851
6.3247916292222595 9.356182047353677
-4.485693836877542 5.31256983668147
6.454320777224133 -3.071801849368299
-7.119742565120028 -13.008421957113288
-3.4296772418292885 -8.706778755670635
-6.687277475825029 11.957835029990765
-6.68454145086094 8.607244706959163
2.0405050420797854 9.06528726859079
-7.65414456491769 6.765902678207469
-1.1021500524921701 -10.236039600223338
6.285419870348312 9.69491629019162
-10.67644192681289 16.163890918249564
-15.585680669259006 15.444514792696587
6.6663823210146536 9.663057306570026
-0.28709850042845275 6.343651916481292
-10.861735895325788 -11.268199048268075
-5.372172049076224 6.022725955216301
9.925535613272778 -11.752693298501873
4.9774246313259285 9.107338573056271
0.33433303473483544 -13.952469983258558
-9.149547874947192 -8.538042184036001
-13.66480471617772 14.868312746416043
0.9524885114965933 -1.1789616350457308
4.1192189942136395 -1.4117546997395145
-11.866582526402386 15.394617369188907
-1.243298717704795 -9.88757308639029
-3.030363310079479 6.751516518435708
12.068767771289995 -14.230083677996573
3.958305960105431 8.082979672903965
5.445669459715114 10.316956326720893
2.8968925615242185 14.484468721235014
3.3864787689463784 9.23511477820179
-4.6686706684773185 -2.575668160056253
-3.5345622566264288 3.957967544384373
7.717309887348108 1.7816194115994826
6.0582281907770605 7.335494205191828
6.613684485240125 7.1264563354341535
-1.8229731015302393 -11.974523907374682
-7.034706553143764 4.7686541696339795
-4.2797164235253184 6.152412159062538
-1.4372120790129328 -11.939728082225889
6.541871675260829 -6.585062057023748
-13.451519136185233 -3.1888093601417964
-12.559287048893733 6.567164482066513
9.99179804706052 2.0675428439924666
-7.869351455133624 -11.724776010982929
5.621625101183671 -0.20856231178316698
-13.04444431273022 13.4866203271776
-4.050852094301165 -12.568476281518764
-2.898903087168745 -8.80600840275211
-0.23647329165453534 0.5219451263183306
-10.313672071589284 14.87631238551502
-12.645061399787581 -1.8816320208372357
-3.4140738788288245 8.610972557935648
-10.146361593070772 -10.949594435386985
-5.4804060017899205 6.27387999753573
-2.352393452766406 -9.779000571489
6.933109223669787 5.826048630883064
7.658557521673028 -13.492978204649326
-6.233450365013884 6.469665039159828
0.058284154027631985 -5.454185712081593
-6.398272616585173 -12.312114856480783
-12.09758825963451 13.519699676183931
-7.89117573360827 -10.72616200311778
-4.611589957611976 10.243498373753871
0.18879875073785035 -13.81984749088469
-9.82343057040027 -11.887198163355189
-10.72180712902231 13.045335087628565
-10.33448805794419 -11.330401457399512
-14.35105799263734 -12.327271942073441
1.8370099710809704 12.088849315723806
-10.185773958474545 -10.87851842965706
3.526981463061091 9.939231566976273
-5.237364591496339 14.308919139396423
-6.95221049957823 5.713147475832383
-8.80418164090438 -12.23623110458342
9.207650597965596 -10.631711884313713
-13.30262909918705 14.930165545208277
6.600617371556962 11.6822718699447
-2.8556014383906287 11.785104700510093
-13.709144797151723 17.026917419743157
9.781518953346133 14.537938630182513
-11.74771588509148 16.06808713226984
-14.922528511667009 7.412465070282103
-1.0655164389514644 -11.590046612799307
-2.941197109871205 -11.1720301181487
-12.418995349731043 14.98439765152006
-6.592594449895137 8.351410035370586
11.940636509653352 0.8521486641793832
-4.627117054324767 7.9519896331236835
1.1628900345798527 -1.5434227950918071
-2.8365419776621836 -10.312982611812995
6.7680566195377985 8.751758020213648
-11.991714369471874 16.525960237091777
-5.009358651105062 -9.692059462609139
-3.177601573977637 -8.205259640867986
-12.306113597561552 16.489052946938926
5.288079827429018 9.63458878258667
-11.794602999198066 -12.877539568091244
-13.188729938424819 13.715486623535861
-2.5958931827782723 8.43896443766917
-5.1377713398148925 6.254626878115722
-5.331258971506751 7.806259292190587
-4.259572598787479 -10.906878352699522
-11.573892212295366 -2.9419733810639404
6.752579539775988 10.402824318609325
-2.2314547705719807 8.09654223765671
4.856693673735993 -13.12504038969163
6.72352021549718 7.21972024225983
-3.5523490886335445 14.277443230146837
-0.9245056538599588 -10.887849824951507
6.3983950901777815 7.428576818938618
-12.27859468966166 16.21886598903884
6.40180335315597 9.72425352454062
-14.161943017596817 13.251130122970743
-6.6752856024325835 -11.570951792295503
-11.483467918600468 13.613312179394741
5.490075360345439 9.766625606861133
6.255749716456012 10.055231616100526
-11.43659790895786 -6.7962484030910275
-5.447556252749978 13.764843257971624
-5.326862999122305 -10.869794264177992
-13.442823230419192 13.425479318841825
-8.862914703320413 -12.1392162778806
-3.174066532134307 -8.59529174055157
-3.1955333281843 -11.028346631518142
5.472446760905906 7.605224060881474
6.059674963057866 1.047778063620612
-3.7931514214020723 -10.302651048200286
-5.07812042027742 7.800257727702153
-5.299563725196203 8.109725551240594
-5.050497044289982 8.412350613639425
12.71589306048217 -6.038034803148214
-3.0641931958533846 9.927444299109048
-15.123593866015023 13.412055427454295
-14.037045923506385 13.576716121058322
-15.873203811867391 16.41034233405869
-7.705328521635632 -10.193931021378146
-5.529620184075861 8.90043971935896
-8.058104273038593 -11.541275681723615
-14.229474036744257 -2.7643239498328533
-4.213849304212629 -10.51956379906926
-4.73654240141525 8.793706998339232
-10.073222036515915 -9.472584510430162
-6.910657012285787 6.391294863787751
0.6339448048590697 0.6418025651400789
-9.817101339750032 -11.160571202387864
-8.767390549497197 -11.432004264526968
-1.870001838613248 -9.78976742646829
-3.417315380519497 9.96059160414202
6.742818029369308 9.50705208368367
1.943723315112841 -7.161428928237728
3.974360619014026 10.366469102208885
-5.806017440604631 7.474415527694504
-13.759538521254026 14.258598263891674
4.4404741243751795 8.752068034786943
-2.6733123751775647 5.520289386552204
-3.1877485570169126 7.488106380629919
-3.6961151027508237 -1.2380985744708735
5.087768832663702 10.793759267485784
-8.660735374618449 -11.589701626673087
-3.0618498796523923 -2.7163202194007194
-3.578498132711532 7.357549598831913
-6.1414971416314454 9.829128819171316
-12.164799131139041 12.589697003375239
-5.972108281728286 5.908286562502644
-4.854732686376757 7.980597452432889
-4.102652563956941 -12.298412267433825
-4.146794523726179 9.271029134961426
5.5772478461417645 10.940285566369765
9.723399888660428 3.0973311536957837
-11.260966342609091 17.06674671031802
-7.311668061879157 -12.578989806536901
1.6835148718059827 2.3560179828373506
-5.48337427381494 -11.611257124075147
-10.66077489228897 1.7732585698815342
5.146479166197288 8.566271961367413
-5.62507987784472 5.931392502701689
-4.696869024705244 -10.914926180566733
-9.299181808540654 -9.210628887566973
-2.6634541087636863 -12.87617265567131
10.66360840143292 -7.967276369760369
5.381634365823641 11.724174321133372
8.337546596293755 12.067090961116499
-1.9995580828566548 -9.273703189457834
11.653764358716295 -6.312087840894256
-2.6668459457228297 -8.335676972690816
-14.371545139929083 13.45119581544679
-10.755242070726428 -11.74448779484371
-14.46328855770738 13.948062902593254
-2.7816321774089134 -14.260483386784665
-12.569334484734227 -5.891121219738178
-4.821680979479782 -10.3643737262035
-5.176724722395333 8.216831127094615
-9.63126369413745 -12.347691926460987
-14.819624264769715 15.103731676856007
-11.730888880074014 12.716451858412011
-13.299700333664587 12.715394127488924
-1.72960939161894 6.953215581232604
-13.232097931484661 12.819887718454217
-13.576526960772807 12.86109349410018
10.351296591624525 8.830064514068006
-5.023545731253321 6.031285614374641
7.116172217879612 8.246988539423208
-4.806516583123303 6.759135480191314
-9.194531117925917 -11.038479422959027
-6.524751046331698 2.1429933596485427
2.5043496438328483 6.14545509221986
-6.137955791242431 9.28779018096913
5.283360302580358 12.047388384890082
-14.235272721716132 14.414805263040455
-8.505428846630688 -13.599562561335542
4.896488695187642 -0.9862583267058973
5.1829232509999565 8.210985374282515
-11.772832119540219 -4.16568676420758
4.817512815000153 9.838020587668398
-10.885544574853318 -3.847008865455866
-3.8872617639313756 -0.36873770644937665
-14.34514307923085 16.113424767195234
-2.7722183603120123 -8.882315943528337
-12.370850215372105 12.76494752186518
-2.300401065952221 -13.487942140465641
-11.681068280169152 15.90211765740429
-14.083822168509872 14.86715888680973
-15.473221511420352 13.688237827515026
-5.282309898473739 8.569668604546006
-8.878535503468282 -13.562349472691857
6.024569143753805 9.0830262860913
-1.8373180983742081 8.447975079125381
-12.184524271156764 3.7117214679916017
-8.574822722089033 -12.58056946099034
9.67817628105869 12.52553948373044
-12.43419026719516 14.907534560673886
-7.729745428462295 -9.159666898273121
14.811017200712854 -1.0907478398683619
-1.5380714991124744 -3.9342658112815148
4.3639635123979446 -8.55220603943505
8.417193429315827 -0.2087401823352799
-10.800512328176879 14.82233618140979
-4.110156989720251 -11.201673311514963
-8.386330089947911 -11.118923141149054
-0.38512792442509314 -13.707041573198499
-10.083234533113906 -13.217312669376035
-2.3728426466571446 -12.1887482338261
-8.645507429000316 -13.605874735584653
-6.858518499934858 -11.218333007533543
-3.186626172685352 -9.439243310533435
-13.660528447706389 12.797306553501906
-14.26726160831086 -10.537851628086786
2.099764553603837 -9.30587135531776
5.557712365522981 0.41254350442428844
-7.283239948509844 -12.464963538281907
-13.030451101090263 4.007727862596955
-1.4329370406064776 -8.121858271816862
12.671949591660809 -0.5247034296760802
10.578832056257305 3.4619753372141133
-9.183462692030984 -10.200451555713789
-0.8492737656662595 -2.8226050000956135
-10.26186645295645 14.77067043066491
-3.8513226433913825 14.077677378600495
-5.778758964785863 8.07953508623213
4.465056458191626 10.318936509504908
5.5555539757276255 9.17885358396549
-10.614639243247145 16.307140327468822
4.82902557710138 -9.599585355740757
-2.531491909623905 -9.517302858177873
-17.282093981993594 15.583128232709988
-14.931548312804983 12.929120986441092
-14.29658573924526 11.246007190969026
-12.401580483459407 2.3109062917720884
-3.175107762317177 13.44816216075522
6.373064553623156 11.204269779973862
-11.45439950048699 9.804077843412017
-3.7618833957046585 -9.651898716291893
14.034961829928456 -6.16461591550204
4.396135741263905 10.152123908706272
-9.413260897600352 -12.67084777987809
9.258890084247849 11.37098846243846
-8.971605425385022 -12.814511635099546
5.9492781104299715 10.983055484660355
-1.9106043281015481 -10.832670931886387
12.222464871904279 -1.7113858662274346
-1.1522941229606896 -13.489879878641805
-7.35244790223101 -13.323465209663587
1.6968869991670452 -8.377228052170471
-3.9009271031757917 -11.435885333021517
-3.551414094659507 7.41182253422367
3.5555895123993295 -10.7578547745245
-3.9454957668105424 -10.015484526750388
-9.508039812903325 -9.68431612902676
-6.090483981705048 6.491357068971678
9.61950335110038 -2.150842836214931
-4.299843541940431 -9.728604052906865
-7.154521831288248 -11.058823931143094
-8.8393662232227 2.6428456789935986
-3.8326109307084373 13.477641138279147
-1.4763914602490644 -12.004478645963793
-9.201301410154706 -12.373334833471215
-11.079755547964947 11.522704505739142
6.104456770992253 8.677340407528199
-6.39240176734695 7.921469712825086
-13.56287224205073 14.50984797112896
-3.5511117389590376 -8.784192127074537
6.4912284828140105 11.914774033111076
-13.316727176953565 16.850208900858423
5.039156534126688 10.646712574223065
-2.736449411012036 -11.143658992417196
-13.525333612553208 11.494567640471459
-13.930751278947321 14.05056382965158
-4.493621361713917 4.687295082971421
-3.078879216305098 -13.988224084842791
-10.885568896922797 -11.280192711461886
-7.852416589977675 12.767414284184781
-4.9698555568885885 5.714666383326745
1.381164360704374 9.572822307219248
-6.928555838844282 -9.508419279275813
-13.200167182969283 15.157084886751353
-1.4007152186297211 -11.55119876404781
-15.752384010054229 14.763291652564709
-11.501567465578933 13.604042836475564
-3.8341763164544096 -11.386797385912548
-13.322988975796717 15.067371121981212
-7.578762107923142 -8.923793439679928
-5.814835874654362 14.351669630636003
-5.0865450138568145 6.998270850308344
-7.012642319161627 6.497868912822379
-4.659171527828905 -10.435580694044322
7.362610487932297 0.8288548475043847
-4.111409957926898 -10.922094594742326
1.8890770990771983 -12.575527629567947
-7.430126117514732 -12.239551073790983
-6.429482086198158 -12.53841534229757
-14.799847275412958 -6.3943156706813635
-2.792409713425806 -10.782113358211307
-10.31229092191734 9.119405715723698
4.79339717816475 11.307659512840997
-10.849442592315343 -12.259863572207827
6.258267495744437 9.677473993955159
13.071462111386985 -4.950507540026308
-1.4978889195314666 -12.104092638099841
-4.419804681420487 6.734819264203945
12.983733436645277 8.653096409852623
-5.986168150081303 -13.065169644656562
-8.574140268756619 -11.617784116747702
4.23212482014338 7.975205080093733
-2.729274623846753 -11.605750181551647
-9.414440441352724 -9.63861726173781
-4.35154537253344 6.421581987826264
-10.12523525175114 -14.49126501394808
-6.179336425416872 8.803167689890852
-7.041693742612061 9.372651189745405
-13.534881031431548 14.496124525671458
6.72271202033532 6.726277742687527
-5.482381942361225 -12.961505477772189
6.1867557532479935 9.464095616126919
6.437767118465088 8.126806534969468
-8.124268668321095 5.544146375633257
-13.756552931065805 -12.732999379174172
-7.670626879872736 -0.14871600033039556
5.933648528502163 8.083622074342244
-12.730477122794824 -7.203675273204726
-3.840318720365433 10.21317960657407
5.219907640571106 9.33185209043226
-13.15349041667017 3.120805416229313
-3.128813826590317 -9.751921345989052
-13.20117398121246 14.308664539106637
-6.5741739305215 13.897960160706251
2.1857492413701793 8.987679510957387
-5.371626091851774 6.593504859973908
-12.932521316782688 16.911996269279683
-13.490042117710976 -13.613867012622
-15.761429390448582 15.7984096361148
-2.7683057658359425 -10.308413177720771
9.131235063270374 14.982552578018755
-13.187406106080804 7.065265091603109
-9.579572074866343 -15.352314958513
-12.701893056689238 16.8554483421011
5.181228694167784 9.92279216558597
-13.954996552870979 16.24452079004189
-4.060228561725482 5.734824693784121
13.656151512177857 1.4199484567113387
-3.8754374446663604 13.710874017517177
-11.055007281529175 -11.399962148244047
7.684878485803091 7.412988310633736
-3.148588526176026 6.582631129410254
5.908086538968995 7.006252658542732
8.069023901777024 9.365450541523787
-5.7509766386664145 6.781766246156682
-3.681229007221833 -10.89119423735671
-0.9813118845532323 -6.776596944891088
-9.703866743262592 -10.867026854192286
-5.3268587620393095 -6.516788031331318
-11.706409543164082 -15.238842229731581
-1.0821492352045599 -11.110778649069683
14.679366105108922 -1.6424490028329757
-12.053194740888472 16.87194405665562
8.316515292299293 -11.176434914216301
-5.067156430066581 4.998369846286035
-3.2143501426660603 6.03818564568923
-12.688679274190656 12.272635547602171
-9.160916035341696 -10.021251417275947
4.027645781728611 8.997952655923624
-7.427695808590483 -11.514271938844942
-5.091264579907317 5.172369294760109
-7.196962190902049 -11.620935072579124
10.689060920250455 -3.034497521706644
-8.70883659831753 6.461134126378871
11.692065718139755 -12.81611108187424
-7.941767187777407 -15.2114281427665
-7.493645676832962 -10.92111691483501
-2.610969637963242 -11.264395883534565
-10.715666011151072 -10.865278752715472
3.7110378352015125 7.6498300660688985
2.8387877688628316 8.377328162466103
-14.283519870890345 13.939618610595963
-7.882997246632336 -12.008957607346893
8.229218676662423 9.51496613023
-7.1055573806174905 8.633405783986321
-12.422232874718027 14.540678511270164
-11.352170461389814 16.838000049667173
-9.011389445275281 9.468001382816073
-15.066104018620162 13.230188258468294
8.961022616186355 -4.246913956347498
-9.22678285532629 -10.115851826515632
-3.113555457417231 -4.805613354573138
-13.278776622830085 18.772307822835806
-1.5699730991984235 -10.54923987746301
-5.094048916926889 7.73339345639953
-8.876954438590072 -11.402778694580318
-9.253158915079005 -12.12000476133388
-15.207025935476446 16.264771906981693
-4.78942108665244 5.744097662314538
4.40030498548887 7.225189895887228
-10.785855109281767 14.98707960654753
-5.061616975474657 8.018675368612605
-6.731348923907455 7.891777972003148
-8.264376883117542 -10.241186957747841
-2.376819944349323 -9.883777502494913
-9.27092591227431 -12.136826475290478
-5.549990414883281 7.655727200960342
8.370132154348903 9.96228753038821
-6.021683395967569 -13.664774040996218
-10.242403744388396 -9.701983662563691
7.850706039014193 8.348986318778097
-4.974455291541666 -10.79079282961455
-11.250700865201976 8.917677212259983
2.6853282689199736 9.22716671822638
5.884999929795999 -3.0241782522787712
-4.481220337498791 8.101187703366296
-15.71340439056224 14.076977475504378
-7.866476125969656 -12.957621304459483
-12.002572660218558 17.602165793136194
3.7554835520075893 6.455226624387035
4.919531364967236 8.542579267141166
-5.787644771433484 9.058412591721234
-1.4819157718787124 -14.369519753419935
5.844372427469515 9.157450878763832
-1.645334062953744 -10.667747016682316
-7.9049928768360544 -10.344474000135444
-7.39828705465121 7.431118531059156
5.53135966061698 11.28499995302019
-5.874701585979558 5.366480396211513
-3.087038356286161 2.2759728939028037
-14.758359789836874 -2.7729962105263954
-2.473805365123823 7.863830172121281
13.559405796620744 -5.721404558811008
7.224285033294585 8.260183471322996
-2.178293985125086 -12.548039297507597
2.767815952096306 11.395342702004992
-2.2769053857665167 6.138332522781578
-10.652094541431598 1.2778682571870483
-6.390137955441023 6.32931509557733
7.709704248784361 9.722931037222223
-4.846106189542971 5.6303141909246825
-2.282684076287978 -9.243843431713623
-2.543790099872551 -11.735318947980563
7.177662144048327 -9.613720552572206
3.7699343429095182 8.11794876740898
-11.991442713966347 12.473531068627322
5.334454765382038 10.166124745620685
-5.861192420230849 8.733128806947153
-7.446527391716884 -11.359451543618627
-0.5235953924697849 -11.638698316988037
-13.119437238050201 17.211933552081167
9.172544767397717 -1.0126887412254302
-4.7210004829540875 5.8920256199699725
-5.4939599149911365 6.954928810701791
-3.890031432865584 -9.70334710554072
1.047123293943308 -6.615198351708326
-4.338596185360642 6.577890262482233
-9.848028996795971 9.56690632530917
-3.027321951369858 -12.517184039724249
-5.634427038837326 6.797340820154087
-1.374415611831109 -10.872469836618857
-7.851771217055908 -12.37227716888012
-9.534701610971135 -9.956447515082939
11.93374323246034 1.9684551196357525
9.80618103073855 -10.156932930380744
-8.280377730411857 -13.16924553888902
-13.874564362304229 14.718582071264509
-2.434891956933971 -13.662235302930842
2.2070417548393984 -6.828088265184961
-13.977816660546633 -13.39698928611988
5.882002960843152 9.329251993815285
3.6006435523783384 10.423400758173212
-1.6936735450618279 -11.718104176394696
7.797058211665152 7.677521642940434
-3.315612601060722 -10.195654910485642
-5.892558211182108 10.186019109154625
-14.280873889381416 13.12974294439956
-3.665261059020717 -12.567145331640381
-2.506088647150662 -8.755988384366894
13.080962941098711 -14.817408858269731
-4.291746184464262 8.144150010268921
-5.876575878612536 -11.040237376799158
0.8767072261008586 -6.451315882389814
7.2005604565993515 12.570391278643516
-13.68566095006572 14.355887652553312
-5.676516361817535 7.429535513106189
-7.4282715220853195 -10.083348229011797
-4.558225164426679 -10.644216955804817
-6.606181887903217 5.638168116702037
-9.70997014726683 -13.217265757825736
-3.0068888426937233 5.299907520887174
-13.18606806611095 14.221973849688132
-6.176893073918004 8.604100848025588
-9.295633781175578 -10.074237815178591
-1.2079972442069749 -10.246831320474348
-2.388864334655968 -8.195763315437517
-9.24794659507257 -10.2877390716809
-13.538104524967007 16.02188546551792
-15.531562909163533 15.908689533778062
-6.224658095965053 10.950354589017621
-10.00391858851967 -10.977701576875837
-11.606567091390447 15.127377480581725
-4.1307462981198695 -9.916996609518632
3.341314415788247 7.299075236948322
-7.071184017083061 -10.69043873868711
2.8455406565140535 4.3047714579493
-9.213554364004796 12.518708426571347
10.659368620362105 -9.262306839360916
-10.635013749651346 -11.197295349736704
-0.9069732584825108 -12.538748960614916
3.27353338826347 9.114095861560703
-13.016397505657336 15.253838086318366
-2.185642728683895 -11.445587974461137
9.993453375372901 6.495696416151186
-4.852168953718958 8.630210675868009
-1.3427584458870336 -9.518878751650323
-7.641217126986901 -9.911056842859946
-5.628485344567814 9.747433493869977
-3.85052568438375 4.707870789546955
-4.310135866103798 -11.79591348852766
-6.702525766259337 -8.498735816093788
-10.925369265966165 8.827278368933012
5.258258610813866 9.247519591487514
-14.063944505424134 17.477443959121405
-7.821416083467128 -10.874425892598921
-1.498504231990763 13.262673069025574
7.432847334668798 9.984534929080374
-9.92163492464353 -12.98387333352788
4.86235767659886 11.378664740760014
-11.580402796006293 13.354277989319892
-0.5398636607880882 -9.444731590979123
-4.461537950821503 -11.209860293793266
-2.5480390006898936 -9.735205756020068
5.438360267860184 9.199052241004804
-13.2614883932802 13.600719564011712
-11.8952640671563 13.49165271970876
10.78727951604992 -7.2609665954256695
-8.483786685642244 -13.640307240097428
6.144513350006967 7.120028492475143
-13.25265383950475 16.851613397379502
5.112640691715565 9.071204946361432
-7.765428301980857 -12.844085801583388
12.808650802141361 -12.431873519829985
-5.630873113906643 8.153835645765346
-7.540254192255793 11.006549154594758
12.584681503897304 8.391759631501806
0.8828796158388528 -3.855398119745143
-3.1810931781735747 -8.878140174748784
4.579525327856388 9.33738015901266
-3.735728672414708 6.258555758417577
-8.012275445843155 -13.076833920638853
7.981331558903993 9.028853774974126
5.7916873325487614 -10.567051388591153
-11.881292908879674 14.192345907788436
-2.9635503965847008 -10.684814601842007
9.419405020411505 8.019627267082612
-9.644635720137432 -13.224743989162288
-3.830504137790362 10.264137075300217
-14.34595212395386 14.990972685084797
-11.177253746922625 -10.3227576002028
-13.619555896607823 15.375085606600795
-9.235777871146626 -10.065943898321954
4.72893571654325 8.261839892065272
-8.287542241236483 -12.161617094919833
-0.5565061414548982 -11.293924185123787
6.197914775435349 9.180653797656376
-8.694113065639016 -12.77746074864926
-7.437430841741783 -3.6112944181348112
5.851950746852152 9.021789469595506
-13.093462352443112 4.916389427570859
5.666687703085877 -2.008137210977905
-0.8920056541703705 14.952333092890893
-5.5895640262584845 -10.20870925189547
-9.63053206023969 -11.324605232177447
-5.9318004988416835 5.575816008509533
-4.597806922747207 -12.646357344169854
-12.33726171346166 14.34398899031309
-13.241660093873367 13.989778437521402
-14.070051925891857 16.744469191941434
-14.037783438902716 15.643757621802582
-2.222617163322774 -13.129343831942474
-5.896488390018086 4.17482664092511
-6.932557304179175 9.509043753598286
8.459285964321474 -6.682200965757199
-3.1608123937493056 -10.181144606189571
-14.905602173951655 14.141658419928078
-8.781548851817558 -11.44484091873614
-12.995348764139486 12.74017791585075
14.97679360489618 7.648429010282321
-12.272846053985855 14.452392702323264
-2.9561970764462173 -10.339589796409912
-10.11540361556085 -10.45235791684011
-12.598237710940646 15.197871484597686
-3.3438233593316182 4.184479034041197
9.589867748078717 -1.703764508266218
-7.9874460131798095 -13.799267751028006
-10.693992811617226 -11.822961831120569
-5.369706299988724 1.3104512839605782
5.251101109584859 7.8552256865988115
-5.191034512683906 0.6955601892782308
-4.764843914934572 8.825869789451982
-10.107766694508596 -14.6948931228629
-2.9298464419955286 -9.666245663770768
-5.75609956814575 -12.176798958536112
-4.283813151543498 -13.506406845046428
-8.442145618414383 -12.955639662665181
-5.963902667907764 -4.9622066254056225
-10.912054919873121 14.787070893103392
6.032891344159 7.169607062386005
-10.178858501745584 15.040052009313872
-10.847545352504085 -11.025687622203867
4.424069401789314 14.249002697953383
-8.126198718230974 -10.351326929325447
-4.415657569782356 -0.12179937819052533
-8.588689597115783 -11.265936225594142
2.0263021207265766 -6.303204410558758
-14.8962510268083 14.399788866903933
6.079195756423272 8.721009907607796
-5.365966715294895 7.059159730486215
-2.581440404810795 -10.808853275071057
6.723792170723491 8.518730248511277
-11.289848963882747 8.491984318857806
-6.845075355219236 -9.948988368959279
-5.238612385363908 6.935224762125108
6.373330788494343 9.567300603153928
-15.848684907020697 14.608994926050338
-13.977039453694623 13.07109360178243
-6.959315625467025 6.424662433807494
-9.781644048106116 -9.77303741622153
4.810499978705788 8.518778184962898
-5.845571933403962 -2.409024035810326
-5.213842212879054 -10.652998125151873
-5.273082486828147 8.654381340936148
4.600432332410682 7.503769761642884
6.260414971416926 7.177722691695025
5.902051271566719 8.820781029861937
-6.3561574950058795 -16.317089242733097
-10.888145141567396 15.920385961751418
-7.309615004999107 9.449412512680418
-2.2220290130521256 9.402772843167755
-11.91410971152767 -12.001837862248033
-11.100640495809657 15.243235407375211
-12.806948619664066 12.97727988249743
-9.610926317394258 -8.901878329924251
-7.7857387364431565 -4.534246380949426
-5.907563742661474 11.177475097521626
-8.074627939950402 -13.882470294688874
-9.674343882892073 -10.031566176836971
5.813322747255557 9.964832979944616
-13.980611333758139 1.961076759429531
6.685338841808388 -7.488628299349079
5.157736698394515 11.019887919902233
-15.583543629722868 17.194876684959368
-12.099944256639446 12.00532149442192
-1.7721016950808939 8.320290427417664
-3.844596904206523 -12.623626956302111
-4.8576658941309825 6.05261892779742
-2.3662274740561156 -10.9152602240367
-5.096079603248568 7.456092594379699
-1.7266877406935617 1.021229019839513
-3.2847508924394444 -11.783299516515683
-8.877104716936179 -10.95516531012737
-14.645399491476043 16.12847117033856
5.547592033010788 9.69231191673962
5.522048174249546 7.362836890375602
-12.169635122014371 15.545371166167287
-4.677199983347305 -10.839919784834034
-4.1444438453454175 0.0499244180303311
-7.44606733614422 8.968235818503672
7.1304442425764165 1.2084738871712695
-9.723196045560455 -10.649909059800242
-7.84352962781446 -0.5889851961690038
-6.61338906416978 7.500174963769236
-12.677910347226625 10.923749162420922
-13.056622855478878 14.936630717682366
-9.588866739862922 -13.236407377496908
9.650810161253602 13.328886487707699
6.067744285166189 -9.704385203828085
-11.899842474460941 15.546939878564292
-10.502861894542669 -10.09178788870221
-4.937326527842985 7.40514870329457
4.83879142478996 0.6909842161221782
7.434886693723531 10.829742142381376
-3.6529553898905496 -14.861296869410753
-3.5600690308572025 -9.922013618499724
11.823686136727243 2.417332492531525
-12.923562538714007 13.785907567257453
-1.1900286884156837 -13.052560008455353
-7.434353289820692 7.2902670716210585
-12.324908109831437 16.667147153325928
-12.035179849146079 13.917574231645718
-14.994879326120463 13.277351511414436
6.177820126206527 9.80259112209032
1.045732917532721 1.6645898754460262
4.104675370106324 8.295580090454964
-0.697799214826258 -11.536550354823905
-1.302261252954915 -11.141864130115673
-12.795605856081124 12.304991710190027
-7.090605634112098 -9.791453778887327
-14.774536468862673 15.963425978236662
3.2963837730678343 -5.201724696641186
6.169458050399057 9.549893126877228
-8.360330276757683 -12.502182410466691
-13.328377501181752 17.414804904178233
-3.057219225255141 7.109246451953737
-2.8709385602451216 -10.254187434363653
-6.40574583767295 9.049935036462998
-3.049406796819527 -1.588536525463006
13.1035978329944 -11.23630039160334
-10.306125281652367 13.712600806235246
7.002546274158249 6.948782234160239
-4.640724917563707 6.5314385384955855
-13.641210443266525 13.552786887847503
6.2556546675392095 13.069537986873883
6.052369194255684 7.712715606390182
-4.89385965490576 -13.49918100788867
6.496352196431458 8.453548985450935
-9.628867230701529 -11.413883535999107
5.747701744220612 9.915694117565018
6.85062427506754 8.791838561606903
7.937575910218904 1.4943547096049485
-8.0725270283731 -10.890220989015333
-8.031208629940371 -10.825930064277088
-14.739629638316229 14.60188794499927
13.667885304158446 -3.696000349157263
3.6776512937616634 9.955003383088739
-11.280633765728334 -6.369328623894631
-8.216181603708266 -9.503505825565737
-3.912011093054147 6.023081976962948
-4.425896610284347 -8.694669370756177
-1.361686639953569 -10.753566349921975
4.479661886524709 8.907701820665572
-7.17870421811946 -0.980950347475364
-10.83761513266178 -3.4468822421034986
-4.185336879472189 3.849931154788484
-14.94596985010391 15.854262093366824
6.062081579835802 6.3163658691533
13.542541778400334 -6.005040854930876
-14.683269347591475 14.460282251224351
5.695424488594817 7.743793768848845
-5.727999702345546 -12.180615858349901
-1.9938769787123354 8.005837942806522
-2.3845963330847404 1.2459125548819046
-7.112584334296625 -12.554235017733504
-7.073294428200553 7.19128644533091
-4.797041391263528 3.614489658874116
-1.4331579940481571 -9.768519850168978
-0.9909942590325826 6.819041488198918
-2.9167617437886557 -11.873389535481234
-11.868501856274282 14.758771931790923
-0.8840965582388796 -12.710584208544931
-5.726679365558449 6.849666840124919
-5.424208788121756 6.448218601355582
2.421710087511426 7.376402042597771
-11.913574983030106 -10.015045523136935
-7.023042895038452 -13.30513814882954
-7.129784231752609 -12.467655618772547
10.604738410473217 -11.353416133809583
-7.554639063174237 -11.902216219173704
-6.182099929717877 7.86453725944666
4.0776807044261005 6.347389051135215
-13.555580075466242 14.37866906726943
-4.675033234629334 -5.716948227350809
-3.6569816926188627 -8.132476558861379
4.127656497799778 11.442691277466075
-10.674397727284799 -12.560306137996072
10.759185683535843 0.36405589733288934
4.73250064125523 8.411684667172365
-13.54789219657983 16.642413269514662
-3.354490751101136 8.515679910182499
12.626215475723981 13.9417755609951
3.0467674430226532 8.125652327351869
-6.802715458104457 6.14379240030186
-12.24000220594821 16.059735245222765
-4.115722334391293 5.30740955778812
-3.601564404649716 6.9731549713289045
-9.118081790837088 -6.524953555981137
5.98888528820769 10.204574212122798
-1.8245444675558333 -10.380937667446341
-16.74669226184607 14.065889677132967
-0.2736093669641875 7.029967227418165
-2.5150547059662287 -10.666752556580667
-3.7618728493037663 -10.042815897727895
6.910483646289384 8.284949958754082
-15.547489273814007 14.641816882498278
3.875564706198146 8.815711306138262
-14.695440485718429 14.392009102548363
-4.928431122732704 -10.707412686722282
-3.9104173896484697 -10.547564977415181
-17.033321187241256 13.963086023868915
-14.690428457888991 13.11145220174575
-11.753575743304198 14.99579764396872
-2.628245321260797 -11.9473467518638
10.343053133310928 12.18620689175086
-11.011706833128768 15.409652841280398
-3.4964165313045346 -10.254803741680217
-3.7594073314002965 -11.628588865059815
-8.40816724906027 -12.405784397928327
-2.4661656209219958 -9.97027128736572
-3.980223737041323 -10.765163292880537
5.564184548753421 9.642383170549367
-5.369950873802716 5.9425020532644925
-14.14509458590093 14.73496041340795
-6.349215215617415 -13.763787760489658
-11.410285075011478 16.131118614599227
-13.960866941928233 14.45105531617587
-11.286546048593964 -0.47066605951616935
3.475240397131594 9.335020341240277
-4.471895067387783 -7.850009131339158
-0.8735910273320815 -12.685384672117628
-2.9345199289473274 -12.347783630359709
-8.959061372399459 -15.502067945298386
-4.419719875609722 7.547473313475888
-5.659842039812925 7.753222761640001
-4.879805511491507 4.597406561779861
3.339700042457225 6.349163398825014
3.2757607221988825 9.809054422684659
5.234343737977175 10.53593603602992
-14.811888049228195 15.124176425204865
-6.199605350738047 14.140975535800532
-13.432095693875713 13.049834397667317
5.5422668838280575 10.711749277754835
6.392071813709599 -3.316360347259863
-6.854635186483385 9.007081674809838
7.301993406916946 13.387745747543406
-12.437936699820344 -14.079589654061241
-10.623715651174045 13.864078339280512
-5.096743749882599 8.89388372458082
6.218081501448939 -12.896359204349837
-5.055955390746719 11.202161013991562
-6.572310591358156 -12.558439040535399
6.100690279973392 1.1744932364421814
-4.057159079158895 -6.498133812123806
-11.726858556072612 13.169251949797665
-12.3614079839633 16.06419294530068
6.198737533078015 8.586959012166785
-4.125152635313784 10.527237839553397
-12.891911242260338 14.413553651749304
-5.317381997089427 8.987475832485787
-4.5423935151258945 6.921286868542549
-5.373499830460396 8.857450122667478
-10.923347233554848 -10.12537876586803
7.498240443347811 -1.2062335089657132
7.036456006308793 11.247807878420671
-9.163632429596754 -10.386212405041984
-13.237998540915072 15.883367404582998
8.356384344718743 9.697360488393171
-6.465149579885585 6.274806284210083
-4.722777970680067 5.478274999997588
6.6224139953460135 7.693131429961879
-4.18679801274908 10.016469156766204
-9.31533019546626 -12.717094801745098
9.697872061720755 -2.768525753734
-13.238340471558296 13.030907301283467
0.22791205114258162 6.747543455840358
-3.083366747929259 9.323821877618347
4.017161910159859 9.365767908151698
-4.0145710521701075 4.346268972039562
8.17990850630625 9.280808966439176
-13.649869202989708 17.235987140149156
5.327652162791282 7.856310017865649
7.702757840871279 7.774858656575228
5.185412550441182 14.016512340846678
-1.4461480348264981 -2.4187090433444176
-14.017035238591948 16.62313319727857
-4.0108330983608225 6.137055333388128
7.584607546265481 8.019874543318329
-7.159281762189215 -13.404883876204384
-12.550591182523917 15.193464608492082
-3.1161092991483823 7.118784997407632
14.94903585250816 -6.786553527799459
-8.57564379992684 -14.08396911362787
-6.987960672221133 4.865584610114788
-1.9441107562776265 -10.712401524614144
-5.9498334938577635 -6.585596867551418
4.384932726669575 10.396932679068692
-14.269273257094131 13.87013274149946
-9.291259925497792 -12.368624908715157
-8.461988475576986 -11.8784254079613
-9.827550118746947 -10.21544432009385
-11.264247093255362 -11.61971983050118
-5.524772663559146 5.140730794295055
5.325767374115922 10.317255841826654
-7.538898386983946 -12.61791503579612
-14.382324010735973 0.07735446097680487
-4.743120146455027 -10.182287473576713
-3.810956150272264 -9.68978076180623
-8.662565439311855 1.2494202069265796
-4.279727831425862 -12.505274184011824
-13.233236944101867 15.838041843078381
4.881482669930828 9.002266679562455
-11.12742177932819 13.44180648449177
-12.57357826088421 10.833903945078283
-9.302610210612091 -11.166664393693516
-12.735819427884431 16.87000987793133
-4.359897870355962 -8.52652150454007
-3.9326824602968 6.384916341846996
-4.714859579566381 -10.854317346733273
-17.637471952972795 13.41910049738519
-5.6253533430312554 6.79151255948514
-3.3496081259454122 -9.982554678620586
-10.801853711780469 15.159877895443278
-1.4629615329204502 -9.73836000516564
4.267615696795085 7.310779911894603
5.281533346653754 8.35215401009202
8.56440346128818 11.469994885206148
-15.5216951031423 13.416384880052291
10.933696757047322 0.7068609740874408
-1.2392745756156793 -11.705178543175588
8.537484374695094 9.72255322380373
-11.346162474472408 16.9448785173974
-13.060936555435294 15.092506684469008
-6.027918186983085 13.544694676425674
-8.270122784803423 10.768008091487122
-2.515653868222313 -14.354063826052979
-6.644239049837322 5.513332328906903
-6.6879123206125275 -16.416392110566036
14.36090638358328 7.513038876382833
5.065839951790777 10.364665624528051
-3.855598633698154 6.136633648134136
-4.8404405403789905 -8.367837336681578
-1.4738192610020202 -12.520045652943633
-12.33971203953437 14.538379323331133
-1.9563466583180458 6.192568694817707
4.591051733874879 7.121249841219881
-15.171217465765913 13.80561111703844
-2.173032781164036 -8.857891595838456
7.685725834382 9.718521652463657
11.743659190357132 0.32425898860753044
7.415244596977056 9.012101098123114
-4.222630996008581 8.84362260883809
-10.087593751207336 -2.0031250173761137
13.087697059588496 -4.8426821100884325
2.0923724467830125 9.892516666810163
-9.503298776395154 -12.243533059428563
4.203259043780547 7.875965219044458
-15.611988047498766 14.494736414942436
-8.839806750696365 -9.593059408360894
7.876458230573963 5.020257776072942
-2.1941040240015286 -13.38344660586716
-14.841877006052911 15.986330436644545
-6.749650298557479 -11.877211155049883
3.452507772122301 5.924211994820058
5.627306462982292 8.73294467944352
-14.35136326274703 -3.2996187039305056
-5.761367373996923 9.3018509731546
6.967380664869455 8.886903793819927
-13.526445768788184 15.8168869786802
-7.830149493794638 -10.740318927094865
0.7537607991568542 1.7135226297182413
-9.53835282856272 -12.133761217681855
-5.521955032404925 6.400036085842372
-9.488143226330898 -10.970420470020157
5.52502016919035 8.640372832404893
-6.728609948680688 -4.280358270773739
6.040197005545435 10.264767526480993
-5.613393009479818 7.779312978918506
7.172834969169483 10.073365306184293
4.200284879096412 -5.97608660135775
8.059462966627306 9.403866834185948
-8.783302067582587 -10.687714501922875
-7.953114262271328 -13.854967443422456
-5.0318741298289655 -8.877146405872752
-11.526377093839475 13.253914533081538
8.055859577448748 9.115141806967209
-4.648181121985712 6.920680316150587
-9.734230250249214 -12.361725234117943
-5.133219462887235 9.366322783775631
-2.3267939831683404 -13.588508667347138
-8.69010604674171 -10.908421893016348
-6.97885023601296 -11.71764154454539
3.487361144887452 9.094242400301276
-11.8495864096664 11.089982189586024
-0.33501315954518596 3.827865478377074
-10.555942099263884 -10.20190858716148
-2.6683500992690434 -10.54661081002704
-3.3396595862963387 -11.73517986355128
-4.649111273738566 -11.91381125557729
-7.59521459411761 -10.527670327587693
-5.877636989490047 4.913103752407727
-13.34392352845024 14.050021246233907
4.658282528821861 9.903663146184682
-11.115200918681055 4.397003345342426
-9.873203581126075 12.179394405099357
-11.631279720268017 11.458165663316791
-3.0715979194279672 -10.786792285891854
-9.155944283989776 -12.756382002879972
-2.276982768572247 -12.239536435989482
-3.853951144500348 6.1635239766812235
3.3993268329160635 9.949810206422281
-12.052787439933532 14.023735313629555
12.217151232592233 -8.204510174942165
-4.906357478191925 7.074448730750188
-7.2669279180748365 -9.940368506007452
-13.910436856716494 15.266710225798805
6.168975435567946 9.982006807170798
-2.4950484428358664 7.715432480231171
-11.778425639496822 15.75780030206128
-2.962567042849648 -10.601893301133293
-6.839103303861037 -8.84967296704642
-12.34908855429173 15.499615593452718
6.01317299826832 11.130810057821382
-7.359770903298472 -10.94920483504811
-12.376558732067235 7.130200924673975
-9.646673008462853 -12.070959387165676
-7.004005707192327 -6.559773448190738
-4.195934737239757 -11.574365712197034
-13.545144417019475 14.680196000565367
-7.682123032727793 0.2045839350757177
0.13712775613376316 -3.499105248496612
-9.051694029989942 -12.596489089632772
4.136002891565003 1.4200765277632534
-6.310146478127641 -11.848244473329013
-3.569107571237113 -8.452472713614151
-9.941060463328608 -9.928926611031
4.288534447592715 5.950079221721932
0.04809505936134428 -10.836444189307434
7.9490974733945805 -5.555654779813979
-4.750043977451147 -13.822082655713201
-6.849888343013236 -11.032080410566472
1.9616085015527034 -11.043685316258061
-5.344680808629532 -9.84437852718142
-1.3229523359512065 -10.363169843044485
3.805683821855886 9.565131463019327
-3.6791450993459174 6.996184310928152
-11.03471006270171 -9.909135765911671
-11.42060961287272 14.596516074932262
-14.042516679981185 -2.5223940540555905
-2.7681674085304215 2.1347292103132576
-1.3900878996730612 -9.358778035654073
-8.250482663637436 -10.47543858953223
4.4936286631931255 12.43089721108015
-7.347291110413887 -11.329439683071511
-11.88623526194467 16.34854356819887
-3.1032625990299483 9.178920782534473
-2.187867797391031 -13.253731688551495
-6.649911086891819 6.558109855240915
-6.418298408816076 7.565187113485421
11.282327074951304 -9.825077129213174
3.5553759557184317 10.762487602181936
-3.5423270414670665 6.306435187426607
-1.8581750881462673 -12.564474288170242
-14.305807319562774 13.94946163224498
-8.090580041335365 -13.107724486872664
-12.186407038708099 15.398514547871848
-4.021992813019186 6.011708964131942
-10.658190524027344 -13.180465711589838
3.50547542273197 9.381256108323685
4.8878023384122 11.822269181447503
-12.041332951440332 11.735757939760102
-3.800261596177525 7.279940537621769
-14.027135173701478 15.777656331487156
0.9237977767695273 8.906143377077989
4.472726289562824 9.606418907447603
-6.520059628970062 7.961242204933172
-9.906366120338348 -11.029563386736745
-11.99227457103958 -3.1942033449880665
-8.401930617848206 0.9778775352032056
-2.973244644693268 -9.66977638489706
-11.422148988888267 1.0657478946203938
4.770537184083802 6.612145986043394
14.192498099226729 12.586420039080814
-13.885754538364944 13.531693088444678
-14.482165136672245 13.32465622007878
-4.509143196476347 9.280559611343808
-10.431082195496046 -5.051797802364849
-1.899748253932782 -10.779340448529705
-9.08032596776861 5.318958306231423
-5.932871512958144 7.077487200649909
5.753961737161279 7.566058081070809
-5.146089428099174 -13.06467150550107
2.9026159876748694 8.113181651433333
-13.064313432901496 14.102927572300771
-11.71619665665333 -8.984404917953102
-7.909318062950186 -4.970940502539008
6.270063017037499 8.654296302913915
6.21968310412444 10.204339813170503
-6.491969871821473 6.8076827679802685
-12.472724545663194 14.00872176509382
5.055223468724339 -8.033682084605411
-0.43591331369107955 -11.801598293068627
3.377616933011625 7.459741182843688
6.384905506096389 11.582596859633677
-5.052512220808551 -11.186851549980446
-6.425400309589653 6.264465168255421
-1.2202868748254323 5.964495447102493
7.348938730063651 11.139498792518584
-10.07928606064404 -14.087134544491017
-6.825350872982109 7.787628323811614
4.3906950271701355 8.902914882147904
-1.5386697405419487 9.34738619130804
-7.379115013502684 -11.010935065478588
-5.167845373735963 -15.027100805420808
-9.465525627536415 -10.587345372273454
-2.421889987081199 -11.938347130339904
-13.757537712881224 13.640753991242672
6.615179481351646 5.8991865199449425
2.2456312680195616 -12.987927570250454
-17.054548582460225 14.413296872423711
-12.268346649151773 9.740133553199694
-5.6706778691812625 7.543675548541209
-11.731337994483718 3.607933160614344
3.9045352701976985 8.622617508634432
3.4398270392307486 9.358994045295022
4.155041188992285 7.57816995387379
6.626771780926134 -2.7045389627311636
6.106274513721403 10.605311250786519
4.2273244266598935 11.177344787097958
-1.6624495156423968 5.960934285340562
-10.911454645192103 16.25649080871271
5.0588210193736955 8.48601537527827
5.481748930145538 8.569336886607264
-9.643627446368146 16.015893746218826
-14.927949967384448 -10.417758669630757
4.917028166870394 8.974378852241932
-5.727369135341655 6.600572185667788
-4.06754152278177 10.3511482293138
-4.626435969581891 -12.167577458782535
-4.455686426272505 7.088204660590615
-5.347281747868193 7.1211447575783104
7.203518596530442 8.0265555863575
-4.626348232983462 6.681963383497853
-4.82704107794759 -9.971805520886644
-11.890361612924035 15.373186608363879
-14.616020359440679 13.326444055860934
-7.381830579870616 -11.38183563749067
-12.90699707535958 14.337237172955847
-12.852363785270848 13.63865149291173
-7.919671296087069 13.113997735878893
-12.502017856020178 12.199856568125695
6.052413367991819 6.3249239481006185
-13.45975483559806 16.00062696261442
10.970750300755032 3.2728466683124253
-14.037974456226234 3.6331054065891735
8.940944474941865 -0.5265217956207202
-7.3129492586734095 5.816868075695679
-11.311950042590274 7.910648093723587
-2.7258598572188864 6.59870853433883
-11.397981394503775 -7.802471411450591
-5.2475818208278975 8.267395459691365
-4.19413512380826 -9.499162111860006
-10.872576479757647 -0.9726056588367129
-10.612258962840485 -1.7901737478166062
-10.80061369947513 15.771172545993238
2.461487146568489 8.371167257791635
-4.58609831544563 7.940497356690065
1.5741639616745182 -5.94233069822884
7.578248487601197 6.913349974047332
-5.487128554630117 5.687577601080665
-7.123409415948016 -9.37205613480791
-7.341061258990787 7.545805394214168
-1.6951070653561469 -11.646321111249954
5.390232293950374 8.609064598144581
6.56554562895555 10.643995215168598
-13.09828387123769 17.14766629929569
-2.8568045208787582 -11.621837994372534
5.942504229771433 9.186277160517548
5.7330565074672215 10.544637616208256
7.673845432329445 8.04918171038812
-5.11885962842488 8.121727946780593
-1.8188237034959138 -13.012969753407406
2.8327176647450756 10.541972835490768
-3.8596308522807146 5.4166524899160535
-8.41442601245985 -14.539696621489096
-7.429340908695459 -11.27553015991154
7.007732030381771 8.533229937595507
5.962390889912746 9.253926197297348
-6.167092093315922 -10.22744367191886
-5.426409731455543 12.455855327355668
-14.00184805641691 14.556917315499334
0.48936978822947275 -4.851520772296851
3.053315472950903 8.44149463345118
-5.830086497763297 9.81674825511131
4.047971858654807 7.93411749722009
6.02514849784151 -5.876483227992956
6.017946140799252 10.63120659583707
-13.12125538934016 13.872128621225242
-13.64270937607569 15.292353265173137
-9.803267204202339 -11.18615639501289
-8.085518701533609 -16.004676616324577
-4.630689942789719 -12.427268491622353
-3.680182368737664 -10.750386893927761
5.334077339679405 7.781054529909811
-9.64210444179405 -14.047270783865024
6.67318414504301 8.85972841575558
5.468902825726984 11.879100619870714
-7.178628266823818 -12.968272695461419
-8.864518896536332 -9.663818848604091
3.6490693702702863 10.260706509759661
-11.433437531162129 -12.41093001436201
-2.926861312873982 -15.259784248560184
-6.093745103685922 3.799437383946408
-5.010136232291428 7.087369511647362
-3.8759578489020736 -10.472651839057528
5.977661863510458 10.08401691703274
-2.1871604650865866 -5.17256444924989
-6.040063116046955 -12.778882667038962
-6.183781302347885 -14.283973422536086
-12.990633486891733 15.76220153891991
-11.658924211062175 -11.585254565257879
-10.100903703570662 13.126238092144728
-13.641472862851508 13.72793102331806
4.405907711099314 1.2996687975180627
-1.0097918185449575 -9.70991397547798
-2.906340321990724 -9.824221518529049
-14.96935205295335 13.482421994425223
-6.109006695326679 -9.798840481559656
5.518605458080145 10.684887956923301
-2.2894627475094977 -10.355931717659848
4.520704871468709 -9.385204410450102
-6.443362151450012 8.461375224386098
-5.6374672696849535 6.488573091608718
-8.591825302795968 -10.375715609823203
-14.196199380403796 -2.2002910628853485
9.299771392126985 -8.73119495970295
-13.077816282414837 14.170004879202697
-2.833079239371703 -12.527293718455049
-12.248560516923144 14.262897128672575
-9.469132911658845 -13.177455786651276
4.133168075216632 6.908335509371813
-7.927000547906959 13.382736666310368
-8.70317982128452 -2.6524668711193424
-4.653291561596577 7.009102593798614
-3.361408405792446 -12.577791593225475
-4.96098834524435 7.165951699388977
2.7725511548594035 -12.163516733697783
4.287520382448378 -14.052612248591066
3.829961499400151 9.494508709126293
-9.836732717025281 -10.774127063502538
-1.931203105240856 -1.7252480118008222
8.299935986333985 14.842104908520763
-14.757774457797519 14.06498071882791
-7.50327575941793 -11.128443885347924
10.076990566909942 -0.8489208754727002
-10.137456623431593 -12.06333664403732
-7.608680343895039 6.623621258444627
8.032154455545346 8.470656227245547
10.602846810311693 6.771209879453469
-3.8254937410001717 -11.619658867406674
5.448665718266121 9.258525199555496
-0.6341509977534177 -10.810505216964994
-1.7546216936153143 -13.271912650312379
-10.196922606488446 -8.458320612219454
-3.766795037215285 -12.860290613703405
-5.29086270031071 6.45081930858403
13.914113258330794 0.22803297378622922
7.2634186513670915 11.135753884282714
-5.3543513873716515 8.234718724823434
-3.4526877737437376 -8.47281519908834
-2.5671029439432616 -8.57363093522405
-15.405286089622205 13.869565741548836
-9.673909204786467 -7.420101043402113
0.038544205377753826 7.239468656399417
5.975830323895176 8.783518543777838
-3.688459389251462 8.666252166867231
-10.405455820999732 2.38260670102461
-12.226511292234663 13.585473670657752
8.771377034610047 1.85600351966864
12.07646434295285 2.146888459175713
-8.40008828750141 -9.008880129682636
-7.642859971888778 2.6610714130013378
7.600944890829318 4.268147057427164
-1.8987009059800488 -9.454763550459894
-2.9389568267614976 9.768246859352827
4.212125341910303 9.629416804349647
-1.6257324944797098 8.051121375553365
-4.5723253198931015 6.517084151631366
-7.38651243973322 -9.024785042489842
-9.14950644783536 -10.92407147945914
-6.311736098153959 8.141492056762912
-14.945798068673898 17.589979619882513
-7.207288942482901 -11.088572584308805
-0.30198428033028124 -11.979338323693543
-0.6501866268933032 -10.164624515338268
-3.7775127315052455 -11.286933866152745
-12.919448188412803 14.374856533661958
-4.772490906929147 -9.685139388975296
-5.294417064687536 6.6475570226057945
13.542260429193504 -7.530965680604961
-13.556811322804268 13.258551941335499
-2.924194374310774 -10.181257995475445
-9.089736114175347 4.297649051185376
-11.360770224787574 -12.665567391678122
-13.877878825248168 15.658615010672932
0.18677392253076697 1.531927301514365
-8.45690592961902 -10.588630300278954
-3.771302999452335 8.922188518835059
4.666857076954564 9.499585887333176
13.39816383483548 1.2882122457532752
-14.158977277953786 13.057886888323868
-14.308780093238685 -7.922388418580786
-9.424316703651769 -12.566164744020199
-7.8357076824073975 -14.16352495282473
-12.093423458955812 5.932398338162287
-12.889268397252994 -3.0377838878292494
-14.35331650266286 15.126016219094879
-0.9539606785954398 3.8707633696012493
-5.631820183583391 -12.288694031865614
-11.750280288182712 16.29478660650049
-8.108416870758477 -10.549147848361976
-6.112052632607488 5.973932529608609
7.148393013453026 8.106722638558418
-10.13272255054286 -11.35665859380336
-7.355108819784453 -10.452513961956175
-4.764704960883751 -10.057653959352287
-8.662320100266165 1.4074891760217092
-7.308978821681043 -11.801826015519566
-6.553984749810372 5.189511101236072
-15.012500331379142 14.133258577598578
-9.032104956091347 -12.817255165536594
-11.327510033848858 -10.601934778879325
6.620428279825944 7.205626557044073
-6.433992408165964 -13.596977218409194
-3.2500605783110172 -12.006392241094863
-3.521981350600755 -12.540764944165234
-13.235295414159179 13.803533168398367
-12.19629152950542 5.019015246513799
6.208649520915872 8.109391083124029
7.588776202994228 11.907071989431321
-1.4857934928806937 -12.963644058819874
-5.06323841151497 5.160951819153654
-9.843507295860922 -13.903643497806172
-7.5330638844100815 -8.221034513115615
-0.6847492226419449 -11.938136561427523
-5.822980404395743 4.993577918444789
-0.030662864726442862 -12.851803533577712
5.0156041762965735 8.323984258713573
-3.467397339760381 7.512304808624404
-14.390953512772233 16.035110177735252
6.605005180155196 7.982304556870092
-2.7098210439169366 -9.62077118697278
9.256483242599476 8.561666595089111
2.3815979254256696 -9.585104385126563
-3.7366462401771763 6.268651347342065
-3.3907374181489813 -10.942441662995298
-5.952581976978082 5.792061475102519
-3.2184738246967903 5.682629150468266
-9.07517078636682 -11.542814278443077
-9.304162957936475 -11.46619988094883
-4.452105403676542 14.124781421841679
6.42405636210958 9.415370961927929
-2.1771321916113777 -11.471982238425431
5.374278249611593 6.852534378488036
-12.974550673967384 13.323785608735674
-0.5792247849890031 -11.95472301822506
-2.461127312628251 -9.930856212822192
-7.9794166695476285 9.708659729095217
-4.004510059420761 -0.018189527562345376
-5.502529854160773 -12.063523325278894
-0.7179286938148488 -11.675377542494308
-2.568472425881515 3.2448095215265864
-4.197497228309557 7.623599956849999
-4.195209919335958 8.40680046222793
0.16877657080477793 -9.01132053837092
2.8442547152657056 -6.658603830956725
-9.415978098936947 13.614083613876623
6.026181381109502 8.113803634807224
-3.320833075098651 -12.027464045307514
-7.6691178852373145 4.931861269174018
-15.47608510236683 17.297663828403795
2.2017078629602445 -8.170962624459683
-15.561705301151422 13.20706168699496
-8.696767589628669 -11.364853617240716
-12.392885797404956 14.187825218901953
-10.825974581038277 17.82871486271399
-7.270288040783677 -12.277985117548067
-15.617675275019492 15.304343833446191
6.308338896851278 7.823115792341317
-11.551130759791622 14.197703491735576
-12.476606789743455 14.966026366668132
5.2535721164511475 9.532865698518235
-13.427996779206309 15.509213016417654
-3.561210023804694 -9.010060956056876
-3.7647972344796305 6.646316717344142
5.0683522074943905 8.748964266559224
3.5745298105753314 13.869291918126926
-5.425990073584266 12.930135033199925
-5.332821708441827 8.126143650413749
-9.446561000821118 -9.475804265840981
-8.732758389847154 -11.678793354193665
7.1677125444007785 9.455004969090119
-10.939044653377069 13.930716712870096
-11.787877156566482 -6.02138483317114
-12.430463466187854 15.543986831359003
8.278782135414705 8.194634993606673
4.882970866189359 9.360766349571755
-7.241701596461164 -8.528286787790513
-6.58057088753903 -13.13823432126425
-4.501140361184051 7.770133626949851
-10.049296715558402 -11.695162790973
-10.060679062389886 13.518402722489773
5.3958734170767375 8.532423117700398
9.871354041557492 4.9287462528765005
-11.972924643190442 8.845010013033566
-6.410644053000757 -11.33881348316349
5.759906395724251 -2.992398657940619
-1.3194397376424134 -11.500261148144867
-6.6957327408468945 7.012513789853088
-7.798054382648921 -11.189956930834187
-6.842527112633224 8.002610516269506
6.798236253906578 9.698548268925382
-14.559438180094876 -10.453814159424633
-7.1533106138156555 -12.006862313245731
-10.27620469716841 0.3671977633390284
-10.984759229778973 13.413785396846539
-8.402000754631587 -12.207612130001692
-5.443221592431322 4.8589054791468085
-1.1173138981669486 -14.0938468226093
-4.574761563027871 5.951530963983185
-3.9644215850263076 -8.91214292999149
-14.290510736912664 15.355112253646123
-4.029461696836739 -12.92404789098626
-12.256329403347163 16.212850301171652
9.76683694261855 -2.2998931814000247
-8.533345872783029 -9.989553831408951
-5.617214147743745 8.412809441601349
-16.466135225256032 14.21964206596889
-2.086507733888599 -11.469321394230766
6.622905084503522 7.195071536753169
-4.34969179461533 -11.372600467760172
-0.6324050387341948 -10.302756082868942
-7.2073519300247 7.678492047172518
3.3336142714677037 8.82197437907999
11.20656477628916 13.684772555321402
-2.7930851179972374 -9.176081976169101
-14.775157874107196 15.934150536630737
1.8919475535523498 8.81353605711394
-2.374979136502312 -11.380089084766546
-5.218434929462232 8.162879261712865
-9.588132474364066 -12.027209141666953
-6.723789307035883 -1.6518537176727506
6.3643666877365 11.683000489804012
-15.515491236766087 14.347198055328779
-5.386485371236629 -10.191565803097127
-13.138690874084622 12.852698643725939
0.5441989104468767 8.358584914356463
-2.7749998899904833 -9.204854221326265
-4.339075959573244 -9.094888244913372
-8.611043076176333 -9.50825156433536
-13.74686538928742 14.368444927343232
-8.90000225323239 -11.042468663271599
5.080490576921323 8.262985866986988
-1.449354584853826 -10.243259141573443
13.051843380348753 -1.3381063043158186
5.4786986661547745 8.37449549814153
0.41440723314566696 0.8403145846770048
-7.368798896461386 -10.451704892071557
-13.16607266107225 16.597684508937384
-4.0119382564818125 4.214820626449747
-0.4370806673379075 12.437906665811465
-5.015721519491857 9.2736274413455
-11.421874040821091 13.355833838432403
-9.721001912709392 -10.795269588274689
-6.86155253811667 -14.279078446083172
-8.79375035731412 -13.101678007858037
-0.5524565816244049 -6.104312617698106
-1.5580785776109587 -12.11916972485409
-5.130101311550373 -11.175409541054158
-12.424532708289087 13.448978670236624
7.028986305661178 -10.566341806819114
-3.950914927481179 7.218650208836244
-14.956837673467666 13.28344356234511
4.217873209956823 11.398580278786794
-11.28999270266054 -12.22295596797597
-6.236145715332479 4.34598627128476
-4.3427873130470935 7.625224256979697
-0.8423736652206388 -10.43310619190635
-2.855983781600504 -9.497407648384376
-5.910007738060358 6.633178921006447
5.827821743774756 8.379266992182423
-2.81689455582806 -12.5807311567225
6.229189344138939 6.884450534325077
-9.339980132917493 -11.237665210449126
6.951774219368385 0.22000192613576353
-8.717867031426637 -11.045923373325817
2.209688784648641 12.515994759147862
-9.072822324221686 -13.790419867369742
-13.174663287740215 13.365634037805592
-10.577441023600489 -11.494593061098891
-4.254814926449528 8.01160951713514
-3.6124109095210564 8.21082740320196
-0.8353360047581604 -10.11848503708304
7.069290655088608 5.14924140686802
-6.083553169750665 1.0679610052383914
-4.653075881366557 5.062832515075435
-11.034812419857701 13.681284011251304
-3.2858867474210793 -11.658159949066627
0.546569950071282 -7.035682139490661
-9.764630116024772 16.697356562864297
-11.925455526280842 14.252163730338495
-12.944425244238772 3.775078775750412
5.923147395208446 9.029451091485663
7.330920810143963 10.927354176518577
-1.6495373630943106 10.839088311948537
5.93999171304284 14.997280329883512
-14.547216750153723 14.436253500365414
-2.2396230568547786 13.148059893583287
-7.838624465512149 11.98197570641063
-2.6431183550108384 -12.230521835979333
-1.9235702061652935 -10.25801781283597
-13.017717740947788 11.424158527420424
-6.213417662553707 7.034778153325585
-8.420848708147105 -13.211295796642537
-13.248156311491902 12.214387971046454
-2.543780241980104 -13.39224795265837
4.386632788245026 6.919802927585364
4.256336383396553 8.88414494298999
-2.1776221337865325 -13.753359036451984
-12.89191056393389 -2.7214663617534924
-13.369000537394083 14.632583585478692
13.620851281842562 6.63563641570984
-3.6651596246761238 7.6890170825746935
-7.687225033665001 13.983913263084435
-7.104569543650074 6.743376624486764
3.409204799018977 7.5025767751457
-6.546196291206589 6.9270335643618095
-4.12606325930736 8.671509331496384
-8.572822032799435 -12.954698984771559
-10.403713173819517 -9.544936853259859
7.171347127391671 8.533996499836414
-5.66173564908642 -11.691970903503467
-8.725537854133247 -10.921746770391406
-4.185062407666155 8.939196911207606
-14.459940883491536 15.360965554697067
14.616837218094688 10.582128719536698
1.2819690839119744 0.11075116186924028
2.3530493368448226 6.505062295821146
-7.609027763991181 9.36955898061505
14.898105079390557 10.994173947735565
-10.280741406411293 -11.456734706636977
-2.458413241666143 -8.672483200380183
-14.10515048391134 12.29461474784173
13.251516394288597 -1.4164019104562104
-14.221898157082599 13.396979044025247
4.1134858699845696 8.744074948381028
9.111315978537995 -12.245723089077961
4.574310699433143 9.143008191224967
-8.959280056535716 -11.746021269850285
-4.364743804161468 -11.373648926041339
-10.111462212928698 -12.452083234265304
-11.240467269925244 17.092544218086527
6.181891259357193 11.639364928077098
4.938409938084625 10.538992474726916
-14.00913449846028 14.567729028223322
4.370869210428662 -1.5474275420607242
3.789920529095871 10.256869801733057
-2.992181364378454 -10.386479793430524
-5.256243532189265 7.833040969063857
6.3488464833021965 -4.4670948713489445
6.2752086276008106 11.31203387476112
-9.856589266702498 -10.094625156780806
-6.256972679484323 6.208192288932052
-4.837161526793102 -12.23340844108285
6.055063264349525 7.653733736571488
-14.414538411652837 -2.620060962892106
6.389617707283841 8.590625191072254
-3.2852511077662476 7.467636847873463
-3.2791509969429424 7.746368386512055
6.457653473615011 -12.26044280100677
-9.111171809232173 -10.193510000788912
-12.524388415835823 14.020121821311955
-8.216835419247701 9.66515012210624
-12.935521378449613 13.222436452707703
10.69488412593293 6.262969416184767
-10.62390491486248 -9.453598671493822
-3.399125715626977 9.485873514039397
-12.939774685509018 7.408769407908107
6.492258676621944 9.027075616315447
-5.508395232529311 6.36740329804999
-4.018866737340106 4.6921112270043
-7.197712842920145 4.090298008147556
-8.378169307086173 -11.34898476244622
-3.3164253590763213 5.039726933866804
8.008893178717042 -9.62381785321168
-9.050713915203783 -9.387687688134843
-14.662551142394861 13.069307443380666
-10.633623594491425 13.703132327235073
-10.760256277339478 0.5609829107558486
-7.6340551882098495 -10.36632022228667
14.366096100261537 14.325175350921256
-2.6326565898110594 -8.245535061660103
12.71811626080331 5.188840057181157
13.493747435891297 1.2313777503236523
-2.9178481272681926 -9.824723166682952
4.314198324128431 7.932618467698781
2.8530965147885183 4.9149920866001935
-6.582322936396877 7.565623848610564
-6.057114709835125 -12.063955617726437
12.448347181601921 10.099794702843504
-3.0187725228178595 -10.72735251969387
-8.592477325966811 -13.126499292329324
-13.094502199342498 2.419748229956781
-6.572457691610115 2.891777606480087
-7.86852766739803 -13.211739866458757
6.365062594508863 8.16965131934203
-11.499256663064351 14.643513861632382
-9.697971224762014 -11.892889178875073
3.407119184398052 -0.9213002244019002
-15.713590357505888 16.436355222782105
8.033843571053918 9.619839743107143
-8.712552521208464 -10.547799719174538
-8.256559248757682 10.160087168949035
-1.1743652538255258 10.060478264673254
5.8030666089999245 6.697464570027352
-4.32249796638503 -14.078625088804179
-1.9295164403989058 -12.566794299722226
5.368204879516323 6.8843182998624135
-0.27977012793945466 -10.032298243315916
-11.704400512954635 12.260357450412258
-3.9979227521842793 -11.89027805961501
4.693139851101326 8.179616396650752
4.576348052819905 6.794882180860327
13.071688835031352 -5.342099905397447
5.585645817238488 7.057300163010813
-12.87260133298803 16.171671948171443
-2.51294756409911 -13.58250683393867
1.539613057058677 -14.867074898601395
-8.102611495356216 -11.241271756835296
-13.056401640204554 14.918335621194002
6.892577016450823 10.319314934091713
9.796931017362592 -3.903961089371551
-11.736284827719507 17.396630997121058
12.953815324974983 -8.30514508693215
-1.3246962024027966 -8.260652950313592
-7.486538011182837 7.993670305390536
8.217006304109784 7.857745803001416
4.372468597859532 11.824234633586652
-14.699345087790233 13.727179187800184
-13.79292390983754 14.866918271087483
-6.818177312956216 -10.187489699971822
-3.9607667061921603 -10.668575576868363
-8.682802093233768 -10.98003857842023
-6.54755296429145 -9.487650978114143
-7.859964477553266 -9.44013842807027
4.62287612550574 8.227678697412461
2.5516288176782 -0.7098762709774036
-5.573261315809183 10.221248090826823
-5.06671244455484 -11.675731149672027
-9.027435711767245 -10.674237809236658
-10.098732247322443 -13.027933620200184
11.079967619717777 0.3640957205129691
-4.16685802239743 7.592228108662178
-4.558917895469693 7.458770883283065
4.928164540031507 8.602792971796049
6.2333385538417785 10.478543847163545
-4.74030637475636 -9.617428483874184
-6.702150941105307 -12.445179281615653
-13.383028506645056 14.873840133623268
4.022692149789497 11.705800478112913
2.37338648347745 5.734367643717995
-2.6726833838997326 -9.640300836657998
3.61227438411466 10.558519163860062
-1.9603184832355245 -11.3817527474526
-1.452304444010295 -10.241104142577445
-5.562335612555107 4.569827988144109
-3.2862635346770728 -9.973617336771925
5.4532280518096465 6.4415817274122205
3.7998178728046668 8.934974385005352
-12.23917922827903 16.980069826921394
-9.47509345800864 -12.80973120169942
6.483931494350852 14.93896757517987
-12.295295165751332 -7.260102544407795
-2.3588047167105706 -9.168529842527919
-11.287461291038703 9.99135965757241
11.61730892885761 -6.104835546732733
-12.73663638534272 -11.26048744690939
-9.081253317317 -11.210481704812135
-8.255923350610807 -13.743857268686876
-16.052986434674853 14.652580327863237
1.8131884979786372 9.298768105320988
-7.940418550018255 8.660818158348649
-5.526988548674535 5.589828680573099
2.814748815273736 9.899873106196097
-9.3735021641466 -11.782709099635559
-12.401014253862714 13.625487809894736
7.783700782109962 10.90688678686675
3.796960707307523 -13.832467491203118
-5.775884267439457 6.876814332598391
-7.413600688205303 -12.05081827156828
-5.280659749763601 10.29933507807349
-3.625224290141145 -11.976154659753456
-2.0010989886614183 -10.467817752489553
-13.192022046828285 14.659642076701644
0.29733293164748886 0.23842046104658365
-1.3359404782482431 -10.287630378082715
-10.697567471412478 -4.3935364225387605
-12.364222212174788 13.176844925303048
-12.127681272352696 13.718879163720459
-4.960051856906329 -9.943206458971462
-2.5087242626506425 -13.545113680696648
6.9018909747623605 10.523458821786427
7.880469555387656 -10.14282492957122
-1.0323410701627813 -12.086493818940122
-1.2242688191372033 -14.012330661556202
-5.749561546438836 8.319296888500489
-2.779702617900495 -8.581124235020738
-3.3075004429952237 -10.459675753176134
12.7810877024468 -12.566176744464904
-4.214222916573357 -11.222343508425904
-11.163763780868091 -12.449317850230695
5.009797370750428 11.247227131889773
-12.777926269810106 13.997646052538075
-5.340581914006629 5.917843583268776
-13.163919848892528 15.229892521751108
-5.88535108055111 7.918619681956587
-1.0265746171975714 2.315820496929309
7.871364427816022 -1.0607805637366106
-8.847703833320875 10.767231511337386
-14.937032439345915 12.410127735749516
-7.5630578930702335 -10.072357144541929
-10.180416363698319 -11.37218609595387
-13.60563013690746 17.625775028147697
-5.762791704099406 -13.579081056431441
-5.199282451010186 5.8605760099251825
-3.9806190193162507 -0.6039595223637502
-4.297019740503828 6.313012952163405
-7.089301470358569 -11.439042995215583
7.5203687727496416 6.536419243049537
-8.455929616427733 -14.634311381001023
-14.39435593731207 5.048563053521956
8.817002896162233 13.683270623740881
1.8399504250418062 -0.8232515278072956
-6.710703149011452 -14.26446195965853
-10.285061841212347 -10.465313951091417
5.276786272537664 9.239384787973757
-10.048431912612916 14.952203595406225
-14.038812380757935 15.096376225922437
-3.6890625845221714 -10.6634470697702
-4.068819288100603 6.671144420147854
-1.5723323901571764 -14.79077517022132
-9.628247624685029 -12.427344471738836
12.064123233266624 6.69524706074996
-6.5786288475181305 2.0647283974806108
-10.87313726337926 -12.346790320149555
-11.409866432952665 13.86965937137835
2.720270653956784 10.109776213360561
-7.535024201784387 9.414045920695425
4.136143418393361 10.222731799912063
7.4775704888455525 8.964844783922654
-3.8984798435458248 -7.3796319404689585
-1.750513479010192 -11.395535772302157
-6.8422190627450625 -3.0858574054163963
4.541493723002247 6.331877396056784
7.969054648506673 8.610787175838325
-6.436204444013523 -6.854892301951178
-14.684950103026285 -5.040875413151426
-9.534474969579792 -8.05381122672242
-12.530170497675076 8.728813904381674
5.587083798939784 9.873195155417438
-14.472514259559908 15.895577003098607
-3.0845853331266175 -10.462167167899784
-15.908697464692672 13.188147279901656
6.662096475322292 10.317747447383239
-4.021653980941397 6.804403769934768
-8.252223043373307 -11.802760094567029
-14.755370717658385 3.7827540706826532
-11.606448299683683 -11.395384892719125
-1.4925256844955301 -8.121967570129499
3.3833796837768624 -4.2857781038247165
-1.7008633162886189 -10.56720255559946
4.759254061259372 8.947003822266264
-12.863817705079654 15.438620051059361
8.84907990698122 -9.507059078325844
-9.340600842023193 -11.66309207864007
4.983026091203752 10.847992448323716
5.780134142367027 8.018475009012574
8.499663624369035 0.13210142805145964
-14.190722930926425 16.181339203861825
5.075191627347753 7.587588038961849
10.105929101068142 2.7711899867439307
-2.1201402749060945 -12.087167699545343
-10.920808327617916 -11.31156697138547
-3.8463539302011287 -9.150052646084106
3.585093807146106 8.640966343088683
-9.692907661293734 -4.305152708937914
-5.258124379356186 8.618808541578364
-13.515551602237068 15.245782256918869
-3.0784145675716186 -12.444308332612371
14.864678515919902 -4.274508493243241
-2.720288820454158 7.7568384067268905
-12.549281018951639 14.638069843270582
-4.278143873925821 9.079151554652487
-12.852630152824062 14.493755451392047
-15.72819793324975 13.852291578120129
-6.315710615894371 -10.942807336705622
-3.0154540548603377 -9.56160157056323
-7.269025607820682 -11.324920578770495
-10.524675935999053 0.9236246023293528
-12.457717076386293 4.799254333377053
-12.667866193496137 14.3679670471535
-1.4377752907200365 -12.972874059363589
13.929767237240195 -8.70356763881046
-6.555166585483565 -10.9995175711436
-8.207278946058619 11.350404489733762
-6.881786169601023 -9.094151903607411
6.995158820567836 7.997164939312475
-14.199906247455084 -8.623096939156301
7.79861284857278 -2.091652930278441
7.0861778440025205 -7.197582592736533
-3.778522098934783 8.870985490575388
-3.6971069523522093 6.5836684466744115
-6.050526735087558 -11.821034737804226
-4.068478701434736 -12.909677665377508
-4.199471277336568 7.238346158139238
0.48271340486972925 3.23099910882857
4.281796588227974 8.405545842946113
-3.2905678726859513 -4.195110191347711
-12.599382864205287 15.53235610726446
-4.910237642575655 -12.073775178785597
-3.408202085760836 -2.280287975062212
-9.676093523088714 -7.066431948332403
-2.662501268182554 -11.867614409640431
-2.1673888796101823 -14.024082182012078
5.3483357792488935 7.878848476310793
-5.260402348092149 7.158157757065177
-4.246771883582673 -9.952350539576347
7.874749854173317 8.293759345545942
11.405060955134665 3.164914898888764
-7.148822765362475 6.321977879906966
7.705786678185565 12.428954780936404
10.208998361186246 12.946402253597768
-11.216131913585686 -14.10669807257699
-7.11643857627327 7.402673426696114
-7.830174884888018 -1.9477495135672456
-7.559965766835045 6.964523404503973
-13.194002121382594 14.195697896190135
-13.130013707406945 -7.828895427683821
-6.090954106380674 8.667490158329464
-13.125358450346855 14.104677203602899
7.061317507300345 -6.615674699701339
-9.227502499414786 -10.364983608260637
-14.29263407435013 12.772178485722769
-2.2964625511134056 14.88548310013432
4.494128627881819 8.055759664101664
-8.437342526523839 -12.131469510278052
-7.139034628859059 -10.351730831270682
5.452705012320829 10.429649350560556
-12.59101076833856 17.293809764392222
13.409986536851118 14.356211299449235
-2.8387061761953105 -12.06966273034321
-2.082795990415194 6.758005548483345
-1.9319862874090274 -9.237118605669725
-4.92695642488809 -13.122403030381477
8.286547022320363 8.379481170680332
3.6046808897249027 9.681008378393166
-5.821545202751997 -12.146122464638824
5.449464760742424 11.112085526785513
-3.995949170604108 -11.57776160166769
-4.18952944562974 -11.516445870658826
-7.98089713815138 -12.089392679469446
-3.57443564485423 5.486958282541614
-14.275171087394206 -0.7084385802838984
-2.1240595200131334 -8.9462553766623
-4.925298165135906 7.466355553904114
-12.809608183360526 13.14492260739351
3.554332978961366 -8.025828563991062
-6.795211560183019 -11.208091577544653
-7.897402623088476 -12.274918340006984
-5.826556721057212 6.771521113818156
9.52760598149198 -8.634438868204679
-12.136872057750896 14.184134953169279
-1.9534009421519563 -10.667013037009358
-3.354219020580322 -13.929204315187926
-2.6170972415204257 5.943995019615092
6.695004319764589 -5.46931085360286
-8.7666492824846 -13.791001184690028
-8.00263723344134 -9.028123913105208
-14.873536234058287 -6.840326532039484
9.82818890200435 -13.740759403784708
-1.8386244562798346 -9.30817447827104
-4.526594170790513 -9.893924887729554
-3.9404143733251464 -14.128584372690055
-7.36284668459483 -11.116256806906227
-2.3896264768740423 7.177279543697912
0.33498208692734543 -12.417621599705573
-7.07086652363267 -12.15361798907378
7.296114303604071 8.46656829231364
-11.520269263298669 14.460346508241011
-8.661510170844341 8.23067486838804
4.753681393280121 7.780564758423415
6.306097424949657 9.515463225101858
-3.8763006587312177 6.563134227656732
-11.557612529301164 -13.852505508616288
-3.9320048292093763 -10.644079745145165
-4.173962154180635 -10.901872800155536
-4.82608238288061 -11.404481683343263
-8.631154279241706 -13.53275294678655
2.8770528386748686 6.463547176837215
-5.883058642790932 -12.029889125582843
-14.67682789412829 13.77005376541713
-13.865689807709352 14.180608219328116
-4.388743019863329 -12.260308157785174
-3.9071982727678094 -13.37590018533638
-13.348300260356933 7.776016781542367
-13.041247656288055 11.923489701073606
-10.580346022011984 -9.510325321064183
-7.108810005501256 -0.5921027778893677
-0.956861289681467 -10.840695474097688
-4.67760745205425 5.093657664599283
-6.47132046275351 6.103222396565336
4.774830061304776 -2.052605454175838
8.85640736869924 8.046200195427067
-10.12183363064321 -11.243956559067367
-3.485059980920928 7.245621051128099
4.547794420712692 12.241841051705102
-12.035466072337654 15.153573514023785
3.4100269218120784 8.742081892691536
-8.92312182665833 -12.725147447365028
-4.132132446244161 9.930564605611892
-11.655023708424467 15.206733389458808
-4.927599447916846 7.342944038348622
0.5422536446944921 -5.929101787860233
-1.595016972208631 -10.537780975218949
-8.888739376776197 -11.312221377208807
-14.551653284067218 13.449503171196252
-10.993877058139969 15.071295676401894
-4.2030331190595565 -11.322669167117924
-0.9900631043649715 -10.076847322567659
1.941400246819235 1.3629946576282386
-12.35031148970382 13.24259462559442
9.781705318222034 -2.5785491523384216
4.613121582800743 9.089740701810578
-2.8349447083896817 8.004616288688606
-7.10307649434323 -3.192356871885064
-2.3998623101781633 10.159795203600087
-7.721910261494758 6.117198223235414
6.322135595864828 9.049393113736848
5.255408691896655 -3.2140541883664167
-1.7417675305952809 -12.686826664663121
12.781598261975166 -9.43249807965144
12.234954595968986 5.272058345918833
-3.2913448923194095 9.26021264065718
-4.055262413932626 8.78723864892443
-0.5775760384289761 -3.515353269575961
-12.960960479908325 12.955963810123233
-10.589887473776962 -12.972838856672158
-2.3786683614353414 -12.114747501651761
-7.253455779363294 -14.439526524639177
5.863730838695793 8.289883395783196
-13.331920603775869 15.07407867668407
-2.540779316690853 -9.525335686383434
-3.5754481141684495 -9.88815309962589
-7.4604011138207404 9.059320656772414
-7.148824778909198 -12.265223325651663
6.734042147669349 -3.1697636303380676
-12.297940928776839 -7.6155693894573675
-13.211689166674471 13.391211851621549
11.124713064598382 1.0271376775983398
-12.545707149291742 14.156021378904063
5.050490786982174 -13.584730421720044
8.59690812428028 9.130726789582479
5.064484770469431 8.21368273051679
5.13023357487436 10.190341287059258
11.144187381615776 14.9085954358391
-13.18767305343407 16.860171806196604
-7.538313526384989 -13.77767483935698
14.551668076315984 -6.4613277058552505
-9.572139523613266 -12.472949374728168
12.779960766491058 10.17254676857647
-13.84892138642564 14.981762660565195
3.364335364038192 8.881870491836187
-11.64304734097379 -0.19077419461278744
-4.4970735220260405 7.784793912430282
-4.249357540923792 -11.645749522221788
8.647342088259641 -14.263680056802222
6.128611956770787 10.645185790479227
-6.189939603320663 6.718557676566627
-5.285947891214248 7.287006148543874
-1.2382251122922079 -11.802044124665954
-3.3679399614511727 5.703279580860532
-7.44962950879772 -13.204695970359108
-7.898256158467111 7.897720994360341
0.5164644363249948 1.3795595930674835
6.8523220906074895 11.03469475186084
-12.532209704225613 13.2323207037638
-13.638362920974183 15.55173508119528
12.674226954615243 8.92039812275366
4.292710138078908 6.898441820797084
4.4495182680943515 11.195000084280485
5.444905800378956 8.026133536443554
-3.3639604779994103 4.057149619333366
-13.081386034793429 15.010767322905053
-10.352791869407337 -12.730255266135217
-7.787319523076337 -9.012169654008286
-7.805546756736439 -12.634793799750963
4.6947957532404105 6.126764073005444
-13.57617850881091 13.277869690646614
-4.711899688994379 6.131637239951928
2.7785341573672433 4.168624681364687
4.8632149952366115 9.134229380801074
-7.97686852668601 -9.563184740712728
6.256769724151022 8.711718666412334
-8.821631923072276 -12.373656146538224
-3.5268727372797306 -11.282800629484482
-10.2989356891765 -5.621239442558725
-3.018523730991305 -12.573576064609114
-12.754450842086895 16.29209725627048
-7.56147431384416 -10.691516440734661
-1.987227008281611 -11.700712510192014
1.9609210475552281 -13.772370254897847
-7.718119938596226 -11.442866656764448
3.5556473219599702 -7.428153693721131
3.7681752254440184 -12.609058615130735
-14.809514317815522 16.562740278301437
-9.80799364609278 -13.543657884482682
-10.653156856330591 15.705283103765712
11.190536651125644 -8.459119234711652
-14.251353284970566 15.147531586861499
-3.00015335580887 2.8041986587073664
-5.204754130504622 -11.29689137235534
-3.1310819455658763 -8.964326706483046
-9.532485886314214 -11.302356387281435
-13.78240403580779 12.388030272474415
-15.293917841955018 14.77365801510489
-14.841096652800063 12.379937649438995
-12.115365706827987 16.07166628325455
-9.889399939431689 -10.4415103543083
-11.1718935201101 -3.1674875198252135
-16.030064277759948 14.422763750625007
-15.25934708235167 13.89419873823948
-3.826659411106056 7.206558985397239
-4.947541555633732 6.5048855710760165
-14.742727310393201 14.295840439063056
-15.8096259895682 13.04215263089662
4.953494872787116 7.315724210768947
-6.052096301126385 5.890251201543957
-3.68001310131178 -12.971358013890926
-13.39187501615721 15.967195862416805
-2.767484814161709 -12.401895793884869
-8.888062459753861 -11.78408159545621
-9.745669327936021 -13.79411281631411
-3.94178169819074 -11.815916393675455
3.053726212325717 4.8287086442759914
-2.7264114807114463 7.412341609010142
-12.550121974487187 13.483124751075309
-2.212248779046912 -9.128177888730239
3.9023676682410606 9.630208181296716
4.495614503076861 11.776641088222231
4.072884120412803 9.219653330910843
-11.852582340476939 14.980140316924192
-10.079075730180678 -12.45590948522175
-13.17475291601281 12.189151586374289
-0.1625376006476067 8.749525074150675
3.9821207614533116 11.224462807064729
-12.575709520709614 14.098407648212234
-5.016091516469145 7.304342744765141
-0.31851540987938165 -12.351379876230752
-14.973539252016847 12.532710484779347
-12.427211375690357 13.631135347303964
-2.7779600030681277 -13.210831963007209
-7.0577254626439325 6.03417686934516
4.0443592806963515 11.474140753561453
-4.713169441434214 -9.159319150970344
-10.420113227292681 16.572432454092198
1.5782454165552693 -1.6393050768508477
-3.161931063975973 8.278077198168443
-6.832774187008763 10.543280879073563
-5.27994171758534 2.177990896241681
-8.770067426049915 -8.634729995198285
-7.431809542946606 -9.736562310732575
-4.751546802977045 -11.96419703114665
-8.085880855942149 5.635944855267114
-9.132274873389704 -12.115668627850976
-2.065065958797902 6.607315860253371
-5.247155515408862 -12.000493248605123
-2.6691965767111814 -11.376113745586604
-7.29177056286246 -12.421620321099553
-8.995419428789575 9.930527714040085
-8.411983812083065 -10.029974335122528
-5.974575073824087 7.5906314811478275
-14.180177458198436 12.691994553173972
-5.523257687697902 7.852638899367344
-2.4533935781908847 -11.249544406209514
-16.177445885407003 13.440518454631697
6.468323777885079 -7.855150843190456
-6.039078124181385 7.541354632673906
-9.867270737301718 -10.70711025284466
-8.226526705022877 12.58072164954628
11.767590087703994 1.4694884525758845
-12.505537274501588 -3.421151561183663
-6.011311296689181 10.073540192270118
-7.353094568997446 -11.926187524483701
4.663161395193317 10.544503916337584
-13.37282851314266 13.525308746792351
-3.3926691069309483 -8.25462369612753
1.6399752334493947 -9.05196098086324
-7.689191135182128 -12.782207991405343
6.645485507789768 -0.042595682372629895
4.899866939662754 6.613598359872756
-10.250610879601304 -14.191218966693658
-7.149031226146727 6.63223279758107
-10.665592171944734 5.300330766591692
-14.018403507457142 12.759193932584713
-0.2759711117020536 -12.553373606106653
-10.888028472291698 16.119583533205105
2.4173262218424467 8.64437604971949
-8.40607206634423 -11.822106015326693
-4.118206572762249 7.894146708052932
-12.705970314339144 13.664679404446792
-2.1923845052318995 13.40432531171567
-7.65190334136498 -10.340631751742016
-3.0125536748228257 7.58715520498195
-9.29222842052189 -15.439324435631905
-4.494711012906967 -10.553394162128445
-9.774211544790218 -9.869714450242839
-4.953938561002308 5.281301363314998
-10.678019227602888 -12.375189407397228
4.588070777603786 1.7235485480573693
-4.8212205639862455 8.480724540484955
-3.4140806471475607 2.494854904349907
-5.671353600913294 8.941766339793306
-2.375884699867867 7.06108513738248
3.866043554579705 7.97524416500638
2.059575291171095 9.231407441416687
-8.529554223846395 -10.322846273070311
12.705599858091894 -8.897985999596742
-5.345233554779704 5.220272486679733
0.9849252616828927 -1.0043372191487503
-10.526255514955945 -11.749950446299808
6.31060035037827 11.033295854610223
-9.802861165180651 -12.597388257778274
-14.335500926308178 15.14011059573701
-9.9105671796144 -4.51230657844436
3.9206142725048974 7.832809885297565
-3.491438417079358 -11.756595495513363
-5.476908796621859 7.912750917548001
5.756461607142785 8.30723927904347
-14.75259467011256 -12.013797284831202
-4.3696035783675455 7.047310686077313
13.444935055337169 -0.756191554881454
-1.481375232442911 -3.8303409100900954
1.0029894061247653 11.382884132690638
-3.1105263273122414 -12.675131347427829
-7.996133437966182 -12.745599880628681
-8.985542721379904 -13.57959651734385
6.209768358321398 8.562115331221111
-5.0350998926381125 7.661592786210534
-13.309403355939777 15.633950836400775
-3.247113399789015 -4.335055470997121
-6.18936002775942 9.408938558817797
-3.9420191219502163 -10.320307902644121
-13.495984581325905 13.205025554196808
-11.215157890640366 6.776534700657805
-3.414339146568361 -15.219062014342695
-13.020894308621761 15.401255335467193
5.181798492833014 8.750918637290798
-12.746309106654255 15.862339305535091
-1.7584928652546368 -9.880005712506156
-7.176895218938096 -14.744438301717203
-15.13010699102825 16.887996647337165
-6.9208998396409385 6.171555292285503
-6.9708671349104545 -11.399509907259286
8.237250486812101 8.950194807770778
-2.7253690736637077 -10.666682932527126
5.518448905924524 8.94545248090175
-1.8064177898152067 -12.037491513399948
0.2004756898535316 5.7832464738849865
-11.045695902340205 13.692925443532282
-11.463668481174103 13.587969692233735
-13.976335598777139 16.72840190705119
6.6011734293255735 8.803751229782852
-7.903071142775394 -11.382301384268912
3.570715657767294 7.685288805186815
-12.379305514755348 16.09845095475356
-6.763959227949146 7.975241948371184
-4.735578173014475 -12.171445026108465
-3.5344868818048494 -10.471706084405731
4.468674586547848 8.95191827846006
-5.80687009943676 6.097647022600368
-1.6085351392870701 -11.58316282834508
-14.451782581659522 14.172359758106426
-14.91535091969093 14.238826327737359
-10.032982035365265 -10.542523671227498
-7.554087635333519 -9.681974124673307
-13.392463750823243 17.472777389043188
6.403022636091186 10.327440363503149
-11.189068932098374 -9.50794125387516
-4.5060483313947035 -7.38275747659958
-5.254818189817531 5.914944827621595
11.72906159588193 0.9191236253983899
-6.871525553003847 5.3162123868631195
-11.663985678976458 16.97683204223278
6.836779772978383 7.4612169368375785
-13.645030134635235 14.01302165066545
3.649547003999036 -1.9907368677486623
12.164091152196217 -8.309594840853402
-4.21003472613072 -5.498518863298077
4.16050360145935 10.20009407679797
8.957158907102084 -5.085462081264131
7.142318013483518 10.871693882805745
-5.171679921324287 5.19231980904722
-5.450841227196581 -12.570096101792453
-8.188257568887666 -13.455254973380622
-8.968616216116274 0.9226859529989504
10.418985900074329 -11.811925166889077
-3.984451314785301 7.361014389672352
5.334407636645575 8.22102498493059
-12.583246583990618 15.38021918015361
-3.053713356121814 4.325897607678246
4.639035934464401 9.935175451694079
3.06372790254823 11.77031396888541
0.654556998767887 -13.227095679745771
0.7038317118094319 3.3616501694096037
-14.7918336396375 2.0518793836847387
-2.702928139918708 -8.5903529836648
3.655760829153633 9.600329545065819
-11.79789028356275 -14.066046965567487
-6.064432806000076 9.972301873567053
5.239140925951659 -14.755964524487622
-0.2431592812476402 -11.493055290209817
-9.325033152938554 -12.240245762493766
-12.999119425058314 14.343410181562705
-6.425700706431718 7.531994674561057
4.667828835126862 -0.27245442726054847
-6.85016753374471 8.045797821738475
-2.906843949042907 -9.591033136954056
10.543668962158254 -1.8415327446966714
-10.194404947916746 -11.243576216605174
2.9010235693021733 9.924088588733811
8.180036786854583 7.98027044619746
-13.606471057679448 14.458578340328572
10.296774487018723 -0.5608689765760442
4.133310897750555 10.832148092461765
-4.757431862880809 7.594784264288084
12.380303722032757 13.059002970253882
-13.554475320286517 16.242905451414178
13.139740234338412 -10.649692893115354
-8.10249476729239 -4.740860167226357
-8.550308660865857 -13.126187783495762
14.467293969478185 1.17040227628938
-9.169686390399338 -12.72633232143943
-4.600386576276023 6.603553173652662
-9.306519149125311 -14.08868957769685
12.672932599144875 -5.882046615303569
-8.416941444418919 -10.194955161653965
-1.0894144608899743 -13.425112794724003
-10.521708942503027 -12.577990365236435
-7.619481549699836 11.396116903465401
-13.839213094204739 16.73189528588791
-10.160994881929243 -12.23629476892517
-4.722861084860103 -8.880584874766072
-9.664823733271945 0.03450041527340275
-8.198539469953062 10.945404794409718
-0.8476068704123065 4.959361430751208
-3.530184986638374 8.265682338357514
-14.179275759296045 16.630623341415376
-6.17400067254259 8.996489633367261
-3.526937999005175 -11.512879794148198
12.29524251948062 1.7311195569387934
-11.402008635809251 14.134852792888324
-12.099961720941034 14.389984741752244
6.7254596754847515 10.685572959391653
10.447744892546886 14.533578806615868
-2.3069506744366617 2.4272696475398483
-12.617509259663558 15.33496166583837
-6.024067830281604 -1.433788328115659
7.9592954375540295 -14.047019089068451
-13.623158138676775 12.87505686118924
-0.8664331691615046 -10.460341031215751
-14.189068135705774 14.662975545538568
0.3911937467610276 5.3406898441129655
-2.2062423149873407 -13.980886350304802
-0.7787252642130642 -11.00187351366729
4.699262913290891 0.8614245989097871
2.653309646151392 1.6149682787480515
-8.91754748655019 -11.793482643383271
-5.802199581624261 3.0231660393698156
5.804070498029789 8.342028534186511
6.200529935048871 10.39913025000817
6.722378513136757 -9.619939414483472
-8.88598377242152 -12.130782245078459
-8.665004308744066 -12.19277591361962
-7.1719876374304015 -10.605581711318008
-14.819134758962605 -10.308798732345258
-8.974701362377465 -10.099947173277645
-6.590798102431609 -12.912910585799578
5.995609414729469 9.359102279699977
3.779337309830926 9.313291145408005
-7.9431971894301405 -12.50362046094571
-1.1023842298045796 -9.298647065041077
-4.579966272715801 -9.972277631979303
-8.434716107270573 -6.492886730192705
11.434254352125091 8.077686581003949
-3.19353960255708 -10.899376357468773
-8.853860160385082 -11.92057211657809
-14.795801837713597 15.653526741397139
-2.918732013216722 -10.97506139305467
-10.24238545043595 -12.184661613737726
-4.569465840777557 -11.869404683869426
-4.080693114252666 5.641478822137417
-9.355559294631213 -10.289969302995985
9.479229153734252 -14.191755196981669
-3.713185594694201 9.977215036929296
-3.1080634238586295 -10.707050227092259
-4.635909126376735 7.808452887922685
5.013536548395049 -4.250253283707639
-5.854082409214967 10.074605665293173
-8.427057116547394 -13.06994438948177
2.7387692831087507 9.333164226306625
12.100045849982902 -6.785400464265717
4.409245690800086 8.450725465008727
12.642609700570542 10.112786787048453
5.8815342996248665 9.077154298017822
-14.405444966098536 13.245715549203153
-12.946672581963139 14.317264609768781
-12.909227237840657 13.524493377244488
-12.57334721903716 18.381371009322983
-10.157616242788556 -14.117806907850992
-16.23676788646393 11.168524898628366
6.033050657063664 10.28593735593266
-3.142433482177632 5.0506540156083695
-2.5802026435784082 -9.243311165811651
-5.419304136108167 -9.73241223958134
-13.919154658191683 14.974015653546855
-13.035597318903998 14.149319512786287
14.84806730595393 -5.392465135425288
-6.677741051366694 8.611317673127225
-13.769000053894647 13.666214496731797
-1.0667963382399965 -9.935633552285992
-3.893936395592574 -10.91422413516324
-2.631955462942221 -12.675640082237946
-9.472326328701007 -12.968030288055353
-3.8293862788436868 -9.83560578235661
6.568286850555399 8.620853039862162
-5.853803305973924 8.331717648509718
-14.124036645824376 14.693209680224534
-12.684218246418407 13.434907413695253
6.174661183367519 2.4385029601497834
4.108030500428987 8.154318367679473
-6.056208207711342 -12.451441809267447
-7.3390705314145634 -11.19707425418121
4.2350118748128445 -13.676673329005833
-6.022590351648805 10.455437444793915
14.785157782893325 -12.276260401976103
5.640515236294733 9.671629761466509
-11.307123856293806 13.604551789961992
-14.494012838281554 -7.682844236005973
8.908249705280335 8.108897192569113
4.616200940911568 -0.8730332306914725
-2.238866258182607 -9.648418000724506
-6.833029127696726 6.970374873021974
-8.783524112549383 -12.893417299793633
-3.6463080077980123 -9.25113964986765
-9.0128928845794 -11.357243398182561
-14.72447431165425 14.919088108674138
-14.122479511986677 5.1886266349015315
-1.3085041941047693 -11.853805175697198
-9.44139414906276 -11.365642931383736
-1.2592311026769547 -11.697668366345955
-11.54508445805941 -13.7343504743299
-3.419229782405097 -11.789442246251006
-2.535534756974986 -10.693355805493505
-9.772918307392322 -10.443735197999239
-12.931828782959027 15.936893002877365
-4.6556511335606166 7.629268349646731
-5.4614363603824065 -11.845855099105224
-2.4616023345597724 -8.744277429031033
-6.773844650440431 4.80104550779423
-8.606413578673035 -10.596173138634386
-13.581349310845363 12.17700308271866
4.717162420442453 8.573171146194676
-0.7481533177152695 -10.638428680665845
-14.006663483726754 12.871417549337991
4.618864999624151 7.878063745345175
-13.212034781472266 -0.9554775075073323
-7.551569616313457 -10.85579720479834
-9.173304729297998 -12.258514832955344
-8.94934613637775 -10.274755323618592
14.573992893251503 2.2167093371192195
-9.509057595650624 13.610474598327393
1.5081632793513213 -11.897657968834736
4.508737348489828 8.671598051578053
-5.210417355802569 12.54201888211626
-1.0878856158945671 -10.919877204422795
5.373027404817608 8.85296547151806
-13.664497297431154 12.802726801898029
-11.741804887031634 5.5642997852531835
-9.5388422179078 -11.522500923118034
10.980089155113959 6.143200549528572
-3.4613889828193916 -11.991072974662423
-2.8620637032743197 -3.512799310922972
-6.58745305505998 8.77144842573584
10.167542905208112 5.767891882864799
-9.3806961215019 -10.148622654668225
-5.999251379173274 9.167709683412863
0.5101551723188518 2.027973200570745
9.247472341819819 14.162571503958088
-6.43663466274236 6.8269734568728815
1.3953586587322846 14.51755858745598
-4.398536490299344 -11.633146241861303
-14.641314043826133 14.921745678562063
-1.8422910591289348 -13.936634461723331
5.4767232017925185 7.884433845013996
-8.093918603954277 -11.82211362881589
13.52374423834561 6.189225675213084
14.930486912823692 4.333771829976481
-12.229804317201033 14.916760898196209
-11.386669899261454 3.8254862511508847
-2.662565010373566 8.037523102164773
7.351858448336461 12.595393677041141
-5.903549956108205 9.072562499823402
-4.24531033012521 9.678323369023571
-8.515453158445318 -11.750520556838257
-4.032915921561889 -10.390272066585759
-8.621893642266873 -10.655866884020988
6.789904820372667 10.065185138429253
-14.983272281964876 12.136297663263282
-6.438111608899716 -10.790848777731133
-5.274710654060842 7.031871841365199
-10.312349740118789 -14.296146874268931
7.821709623144447 8.568534542021041
-5.458631232199817 5.393966598240267
4.909574431491667 8.876356584923998
-6.315370496437243 8.935586518547304
-5.16280323600584 3.8390354289428066
-14.508448981494238 12.11350568119579
-10.643914671429373 -12.927133594108309
-3.795184810280469 6.123926082335919
