2500 2 5
-7.787319523076337 -9.012169654008286
8.370132154348903 9.96228753038821
-7.865315366105216 -10.843352557556646
6.104456770992253 8.677340407528199
-4.600386576276023 6.603553173652662
2.9010235693021733 9.924088588733811
-8.57564379992684 -14.08396911362787
-5.636596681693453 13.10478731046408
-2.9389568267614976 9.768246859352827
4.639035934464401 9.935175451694079
-2.6683500992690434 -10.54661081002704
11.595921549902794 -0.012218367398075358
-9.572139523613266 -12.472949374728168
-11.881292908879674 14.192345907788436
-5.524772663559146 5.140730794295055
-6.974222596795045 -4.375374528330063
-5.458631232199817 5.393966598240267
-6.39240176734695 7.921469712825086
-14.774536468862673 15.963425978236662
-4.055262413932626 8.78723864892443
5.0683522074943905 8.748964266559224
6.7680566195377985 8.751758020213648
5.173954117192597 -9.785111154296384
-14.335500926308178 15.14011059573701
-14.006663483726754 12.871417549337991
-5.443221592431322 4.8589054791468085
9.91871332050567 14.582620336023133
-13.593141488995016 -2.2398615415978593
6.42405636210958 9.415370961927929
-7.98089713815138 -12.089392679469446
-13.235295414159179 13.803533168398367
4.479661886524709 8.907701820665572
-1.4819157718787124 -14.369519753419935
-4.653291561596577 7.009102593798614
-10.62390491486248 -9.453598671493822
-13.60563013690746 17.625775028147697
-5.009358651105062 -9.692059462609139
8.068370002014593 -3.331280425528588
5.281533346653754 8.35215401009202
4.372468597859532 11.824234633586652
-10.658190524027344 -13.180465711589838
-8.126198718230974 -10.351326929325447
4.579525327856388 9.33738015901266
-7.65190334136498 -10.340631751742016
3.7699343429095182 8.11794876740898
-0.7059051556653522 2.316435124170571
-10.965608552768309 1.6968199083527615
11.547839481353932 -9.44639825424774
-11.913574983030106 -10.015045523136935
-12.472724545663194 14.00872176509382
-5.88535108055111 7.918619681956587
-11.034812419857701 13.681284011251304
-8.80418164090438 -12.23623110458342
-15.293917841955018 14.77365801510489
-5.66173564908642 -11.691970903503467
12.902423917906248 -10.459973702558246
-2.3267939831683404 -13.588508667347138
-4.960051856906329 -9.943206458971462
-5.06323841151497 5.160951819153654
-0.9900631043649715 -10.076847322567659
2.0405050420797854 9.06528726859079
-13.645030134635235 14.01302165066545
-7.11643857627327 7.402673426696114
-6.546196291206589 6.9270335643618095
-14.96935205295335 13.482421994425223
-6.315710615894371 -10.942807336705622
-7.841617900227057 -5.279431317664983
3.789920529095871 10.256869801733057
-10.13272255054286 -11.35665859380336
-12.735819427884431 16.87000987793133
-4.110156989720251 -11.201673311514963
-1.4738192610020202 -12.520045652943633
-10.849442592315343 -12.259863572207827
-4.852168953718958 8.630210675868009
-12.292926835521236 10.09412546644808
4.267615696795085 7.310779911894603
-1.374415611831109 -10.872469836618857
-12.939477010385744 -1.8119018317843274
-4.0145710521701075 4.346268972039562
-8.767193555453979 -0.9287688598456469
10.656643928607448 11.113992502230928
-14.973539252016847 12.532710484779347
-1.8245444675558333 -10.380937667446341
-13.919154658191683 14.974015653546855
-0.8840965582388796 -12.710584208544931
-5.260402348092149 7.158157757065177
0.7996943123487803 -2.7821580463957307
-3.292488920236255 10.376514086134286
-6.324046350309834 -4.947474984727428
-6.773844650440431 4.80104550779423
-5.347281747868193 7.1211447575783104
-3.8463539302011287 -9.150052646084106
-5.775884267439457 6.876814332598391
-6.85016753374471 8.045797821738475
-7.56147431384416 -10.691516440734661
-6.236145715332479 4.34598627128476
3.7750470010344266 3.1045910922087856
2.5799467100326545 3.2967969571005504
-1.0878856158945671 -10.919877204422795
-5.476908796621859 7.912750917548001
-7.2669279180748365 -9.940368506007452
-10.653156856330591 15.705283103765712
11.527607803968557 13.478219608900869
-14.00913449846028 14.567729028223322
-12.999119425058314 14.343410181562705
-13.192022046828285 14.659642076701644
2.5351055896575616 14.889483347984783
-6.006338633642059 2.512966457130563
6.197914775435349 9.180653797656376
0.18879875073785035 -13.81984749088469
11.65481437114228 2.001564494664553
14.102608075884895 -1.1606062517185691
-8.207278946058619 11.350404489733762
12.548180992098654 6.489232060619148
-3.9009271031757917 -11.435885333021517
-9.0128928845794 -11.357243398182561
-2.185642728683895 -11.445587974461137
-14.00184805641691 14.556917315499334
-14.623957407157635 -0.7686869685009707
-9.628247624685029 -12.427344471738836
-7.413600688205303 -12.05081827156828
-12.041332951440332 11.735757939760102
-3.7931514214020723 -10.302651048200286
-8.386330089947911 -11.118923141149054
-5.386485371236629 -10.191565803097127
-17.054548582460225 14.413296872423711
-10.80061369947513 15.771172545993238
3.974360619014026 10.366469102208885
-3.855598633698154 6.136633648134136
-8.767390549497197 -11.432004264526968
4.127656497799778 11.442691277466075
-1.6257324944797098 8.051121375553365
-7.609027763991181 9.36955898061505
-11.658924211062175 -11.585254565257879
4.574310699433143 9.143008191224967
-2.9397033812005837 -4.854308818249221
5.039156534126688 10.646712574223065
-9.63053206023969 -11.324605232177447
-12.23917922827903 16.980069826921394
-5.0350998926381125 7.661592786210534
-4.854732686376757 7.980597452432889
-3.053713356121814 4.325897607678246
-12.806948619664066 12.97727988249743
-3.735728672414708 6.258555758417577
-6.093745103685922 3.799437383946408
-15.908697464692672 13.188147279901656
9.889558704339919 7.523839940562539
-13.16607266107225 16.597684508937384
-12.424532708289087 13.448978670236624
-6.090483981705048 6.491357068971678
-4.6556511335606166 7.629268349646731
-9.80799364609278 -13.543657884482682
-4.060228561725482 5.734824693784121
-3.68001310131178 -12.971358013890926
-12.923562538714007 13.785907567257453
-4.18679801274908 10.016469156766204
4.288534447592715 5.950079221721932
-6.959315625467025 6.424662433807494
3.958305960105431 8.082979672903965
-2.3662274740561156 -10.9152602240367
-4.879805511491507 4.597406561779861
-4.764843914934572 8.825869789451982
6.299744476153236 14.686296570337024
11.560813700328818 5.467461805667114
-2.7779600030681277 -13.210831963007209
-15.171217465765913 13.80561111703844
-7.154521831288248 -11.058823931143094
-9.745669327936021 -13.79411281631411
-2.912328020792984 0.2494977616850722
-0.8476068704123065 4.959361430751208
-13.977039453694623 13.07109360178243
6.789904820372667 10.065185138429253
7.821709623144447 8.568534542021041
-1.8188237034959138 -13.012969753407406
3.61227438411466 10.558519163860062
-4.221069781325852 -9.797791703829851
-2.421889987081199 -11.938347130339904
6.355650396791532 0.21293289412022354
-2.458413241666143 -8.672483200380183
7.156270683655048 14.021142053773708
-8.888739376776197 -11.312221377208807
6.7254596754847515 10.685572959391653
6.198737533078015 8.586959012166785
-9.509057595650624 13.610474598327393
-4.8212205639862455 8.480724540484955
-6.228817105592281 12.268374378533398
14.402701194722574 -14.650259267287758
-13.309403355939777 15.633950836400775
-1.9563466583180458 6.192568694817707
12.290888735525137 10.345901806280093
2.1194789918707713 3.596124707942934
5.232409205078987 -13.300994909651072
-7.341061258990787 7.545805394214168
-6.717807186105798 -7.224478290433083
9.258890084247849 11.37098846243846
6.168975435567946 9.982006807170798
6.258267495744437 9.677473993955159
-10.185773958474545 -10.87851842965706
8.581603467212425 0.2984302471741547
-6.390325726105484 -4.874462764885267
-14.905602173951655 14.141658419928078
-11.216131913585686 -14.10669807257699
-14.690428457888991 13.11145220174575
5.276786272537664 9.239384787973757
8.908249705280335 8.108897192569113
-9.64210444179405 -14.047270783865024
-5.055955390746719 11.202161013991562
-5.892558211182108 10.186019109154625
-13.954996552870979 16.24452079004189
8.033843571053918 9.619839743107143
-13.95898370700249 -14.908416254682466
-5.273190918552675 14.55148322839607
-13.299700333664587 12.715394127488924
3.143482803594921 -13.568003175636354
-4.8576658941309825 6.05261892779742
5.13023357487436 10.190341287059258
-5.280659749763601 10.29933507807349
-14.269273257094131 13.87013274149946
3.6006435523783384 10.423400758173212
-12.863817705079654 15.438620051059361
7.148393013453026 8.106722638558418
-7.241701596461164 -8.528286787790513
-3.354219020580322 -13.929204315187926
-8.45690592961902 -10.588630300278954
4.881482669930828 9.002266679562455
-0.20542447763025962 2.1905047171831917
-15.72819793324975 13.852291578120129
9.976137769783584 -5.434236446638284
-2.1201402749060945 -12.087167699545343
-5.488175646193728 -4.27460219146475
8.286547022320363 8.379481170680332
10.175370403793764 13.464693747415676
-12.502017856020178 12.199856568125695
-5.345233554779704 5.220272486679733
3.377616933011625 7.459741182843688
-3.264348295138813 0.7970310274522063
-10.242403744388396 -9.701983662563691
-9.089736114175347 4.297649051185376
-4.388743019863329 -12.260308157785174
-3.853951144500348 6.1635239766812235
-7.381830579870616 -11.38183563749067
-4.24531033012521 9.678323369023571
-1.2605604451060262 -11.153090738931324
-4.18952944562974 -11.516445870658826
-7.012642319161627 6.497868912822379
6.01317299826832 11.130810057821382
-7.269025607820682 -11.324920578770495
-8.515453158445318 -11.750520556838257
-14.695440485718429 14.392009102548363
-5.1377713398148925 6.254626878115722
-9.781644048106116 -9.77303741622153
-14.616020359440679 13.326444055860934
-12.392885797404956 14.187825218901953
-3.142433482177632 5.0506540156083695
7.142318013483518 10.871693882805745
-14.018403507457142 12.759193932584713
-2.9345199289473274 -12.347783630359709
-10.486919634601035 -1.922088114112837
3.7554835520075893 6.455226624387035
-4.9698555568885885 5.714666383326745
4.541493723002247 6.331877396056784
3.4670423770720618 -3.668352186426185
-8.732758389847154 -11.678793354193665
14.682480233731567 0.38905420449236416
6.162117253992754 -5.622589809510199
-8.420848708147105 -13.211295796642537
-5.482381942361225 -12.961505477772189
5.334407636645575 8.22102498493059
1.3561846932706096 -2.567833974809565
-1.645334062953744 -10.667747016682316
-0.7601820882837576 -1.5589435322034433
-12.136872057750896 14.184134953169279
1.8919475535523498 8.81353605711394
-2.8349447083896817 8.004616288688606
-5.372172049076224 6.022725955216301
11.781597709051791 -3.152223891556501
-6.064432806000076 9.972301873567053
5.813322747255557 9.964832979944616
5.131655264626673 -2.631644800994968
-2.9178481272681926 -9.824723166682952
-4.050852094301165 -12.568476281518764
-13.233236944101867 15.838041843078381
3.3232632792109698 14.845643786537629
13.333654979452177 -1.9181853192280247
-10.614639243247145 16.307140327468822
12.245098088414618 -2.5156445429145933
-7.721910261494758 6.117198223235414
-14.235272721716132 14.414805263040455
5.3483357792488935 7.878848476310793
11.310508653040959 -10.77264667415324
5.547592033010788 9.69231191673962
5.234343737977175 10.53593603602992
-4.249357540923792 -11.645749522221788
-5.373499830460396 8.857450122667478
-14.34514307923085 16.113424767195234
-11.240467269925244 17.092544218086527
7.915111838891232 -8.985545712072177
-7.859964477553266 -9.44013842807027
-8.985542721379904 -13.57959651734385
4.133310897750555 10.832148092461765
13.397089199373916 13.304737535356193
-5.4939599149911365 6.954928810701791
-3.9326824602968 6.384916341846996
6.836779772978383 7.4612169368375785
5.157736698394515 11.019887919902233
6.548449541496364 10.300540682064764
5.5422668838280575 10.711749277754835
-6.3561574950058795 -16.317089242733097
-14.158977277953786 13.057886888323868
-6.109006695326679 -9.798840481559656
-4.478793298808046 1.7444918001885839
-6.54755296429145 -9.487650978114143
3.6028907653910167 -5.872410276022006
-5.617214147743745 8.412809441601349
-11.07711939724436 -1.5365799901809734
-5.294417064687536 6.6475570226057945
7.122071600176557 -4.107550279099176
-3.417315380519497 9.96059160414202
-12.34908855429173 15.499615593452718
11.903815575362106 -12.507071005559926
-13.035597318903998 14.149319512786287
6.3247916292222595 9.356182047353677
5.2986809773302035 -5.8246681968183385
-4.231031014807826 2.0205505245943094
-4.96098834524435 7.165951699388977
-9.027435711767245 -10.674237809236658
6.995158820567836 7.997164939312475
-3.94178169819074 -11.815916393675455
7.434886693723531 10.829742142381376
-7.44962950879772 -13.204695970359108
6.373330788494343 9.567300603153928
-4.195934737239757 -11.574365712197034
5.449464760742424 11.112085526785513
-12.035179849146079 13.917574231645718
13.445609060391352 8.749220910864672
-2.9298464419955286 -9.666245663770768
-0.38512792442509314 -13.707041573198499
-12.746309106654255 15.862339305535091
-6.795211560183019 -11.208091577544653
-4.338596185360642 6.577890262482233
-11.011706833128768 15.409652841280398
14.17646334435986 -7.770611266295088
6.177820126206527 9.80259112209032
-4.626435969581891 -12.167577458782535
-4.82704107794759 -9.971805520886644
-6.849888343013236 -11.032080410566472
4.4495182680943515 11.195000084280485
7.203518596530442 8.0265555863575
4.072884120412803 9.219653330910843
-1.1806598329391562 4.143131713557956
-2.702928139918708 -8.5903529836648
6.910483646289384 8.284949958754082
14.486451799207817 4.167497472802754
3.339700042457225 6.349163398825014
-5.562335612555107 4.569827988144109
2.3816538637158757 -7.077500675274459
-4.0108330983608225 6.137055333388128
-14.931548312804983 12.929120986441092
-15.848684907020697 14.608994926050338
-1.6624495156423968 5.960934285340562
-10.801853711780469 15.159877895443278
-2.581440404810795 -10.808853275071057
4.409245690800086 8.450725465008727
-12.263552985796128 3.4083220374752337
6.56554562895555 10.643995215168598
-5.247155515408862 -12.000493248605123
4.73250064125523 8.411684667172365
-5.896488390018086 4.17482664092511
-14.547216750153723 14.436253500365414
1.4141551802562056 -1.9818079094498717
5.374278249611593 6.852534378488036
-4.278143873925821 9.079151554652487
-3.0784145675716186 -12.444308332612371
0.8092940962039048 5.646621211188496
-6.61338906416978 7.500174963769236
-2.729274623846753 -11.605750181551647
-2.2894627475094977 -10.355931717659848
-14.362327520296716 -10.667609393411224
-1.3900878996730612 -9.358778035654073
12.013625405811435 2.4972586924080744
-8.058104273038593 -11.541275681723615
2.0194488362637344 14.663112945530468
-6.266428880172469 -9.122726256068361
-4.722861084860103 -8.880584874766072
-0.43591331369107955 -11.801598293068627
0.22851768408598083 -3.3628086746809753
-5.830086497763297 9.81674825511131
-0.8664331691615046 -10.460341031215751
-10.00391858851967 -10.977701576875837
-4.627117054324767 7.9519896331236835
-1.9235702061652935 -10.25801781283597
-0.2431592812476402 -11.493055290209817
-4.199471277336568 7.238346158139238
-6.58745305505998 8.77144842573584
-7.578762107923142 -8.923793439679928
3.7110378352015125 7.6498300660688985
-2.5802026435784082 -9.243311165811651
6.024569143753805 9.0830262860913
14.386947829205155 -8.576355813440006
-3.2858867474210793 -11.658159949066627
-9.465525627536415 -10.587345372273454
-8.0725270283731 -10.890220989015333
-11.177253746922625 -10.3227576002028
-7.866476125969656 -12.957621304459483
-4.299843541940431 -9.728604052906865
4.882970866189359 9.360766349571755
-3.5268727372797306 -11.282800629484482
-10.100903703570662 13.126238092144728
-4.118206572762249 7.894146708052932
-0.32778295200295204 -3.017448566000228
-4.649111273738566 -11.91381125557729
-7.434353289820692 7.2902670716210585
14.026108743032147 -5.5334394191218
-7.36284668459483 -11.116256806906227
-7.554639063174237 -11.902216219173704
-12.053194740888472 16.87194405665562
-13.534881031431548 14.496124525671458
-13.554475320286517 16.242905451414178
-3.419229782405097 -11.789442246251006
-9.53835282856272 -12.133761217681855
3.3993268329160635 9.949810206422281
-2.958539336504672 -10.778076408374723
-10.060679062389886 13.518402722489773
2.866025486787141 -8.491717194586471
-5.07812042027742 7.800257727702153
-8.031208629940371 -10.825930064277088
-10.312349740118789 -14.296146874268931
6.125049310290336 14.121669924814753
6.055063264349525 7.653733736571488
8.85640736869924 8.046200195427067
-10.157616242788556 -14.117806907850992
-14.180177458198436 12.691994553173972
-7.765428301980857 -12.844085801583388
-13.877878825248168 15.658615010672932
1.669700742013685 -14.101570086777777
-2.855983781600504 -9.497407648384376
-11.899842474460941 15.546939878564292
6.3983950901777815 7.428576818938618
-1.243298717704795 -9.88757308639029
-7.090605634112098 -9.791453778887327
7.1677125444007785 9.455004969090119
-4.018866737340106 4.6921112270043
-8.621893642266873 -10.655866884020988
-7.89117573360827 -10.72616200311778
-14.161943017596817 13.251130122970743
-13.74686538928742 14.368444927343232
-7.123409415948016 -9.37205613480791
11.764526430491106 5.836706680504726
7.365725482352456 -8.770368756538028
-6.050526735087558 -11.821034737804226
-4.78942108665244 5.744097662314538
11.492628375942175 -10.257624890197782
-8.588689597115783 -11.265936225594142
-1.1021500524921701 -10.236039600223338
-9.889399939431689 -10.4415103543083
-14.34595212395386 14.990972685084797
-13.930751278947321 14.05056382965158
-4.455686426272505 7.088204660590615
-14.645399491476043 16.12847117033856
-8.712552521208464 -10.547799719174538
-2.973244644693268 -9.66977638489706
0.256596996502072 7.142587265031025
4.23212482014338 7.975205080093733
-7.538313526384989 -13.77767483935698
-7.535024201784387 9.414045920695425
-12.370850215372105 12.76494752186518
-8.40607206634423 -11.822106015326693
-8.574822722089033 -12.58056946099034
-1.0323410701627813 -12.086493818940122
13.09428406444312 -12.269893944950725
-14.283519870890345 13.939618610595963
11.387127721982829 9.808102660585597
-2.662501268182554 -11.867614409640431
4.028809303851396 3.668922105517634
3.721726363710971 -8.638634396233318
-8.864518896536332 -9.663818848604091
-10.885568896922797 -11.280192711461886
-5.091264579907317 5.172369294760109
12.76399302198352 11.929625294036239
-13.56287224205073 14.50984797112896
-9.29222842052189 -15.439324435631905
-2.644142208637547 -3.4122613109649276
10.177655345932926 10.022795591050784
-2.924194374310774 -10.181257995475445
0.04809505936134428 -10.836444189307434
7.569646744860261 5.003672807281767
-6.213417662553707 7.034778153325585
7.2005604565993515 12.570391278643516
-15.752384010054229 14.763291652564709
7.685725834382 9.718521652463657
8.928375523905409 -13.436922422296055
5.448665718266121 9.258525199555496
-4.696869024705244 -10.914926180566733
-8.660735374618449 -11.589701626673087
-6.881786169601023 -9.094151903607411
-2.531491909623905 -9.517302858177873
-11.264247093255362 -11.61971983050118
-5.369950873802716 5.9425020532644925
-9.674343882892073 -10.031566176836971
-4.214222916573357 -11.222343508425904
-9.413260897600352 -12.67084777987809
-3.4296772418292885 -8.706778755670635
2.2222275464878223 13.302157961168525
-13.125358450346855 14.104677203602899
-0.5398636607880882 -9.444731590979123
6.615179481351646 5.8991865199449425
-11.501567465578933 13.604042836475564
9.928622649409181 -6.44701730554501
-7.689191135182128 -12.782207991405343
-3.027321951369858 -12.517184039724249
-12.322967333841035 0.11911481003581237
-2.434891956933971 -13.662235302930842
-14.038812380757935 15.096376225922437
-5.529620184075861 8.90043971935896
5.444905800378956 8.026133536443554
-9.160916035341696 -10.021251417275947
-10.800512328176879 14.82233618140979
-15.561705301151422 13.20706168699496
6.613684485240125 7.1264563354341535
-8.959061372399459 -15.502067945298386
-3.3639604779994103 4.057149619333366
-7.9049928768360544 -10.344474000135444
-9.163632429596754 -10.386212405041984
-4.757431862880809 7.594784264288084
4.3906950271701355 8.902914882147904
-13.056401640204554 14.918335621194002
-10.67644192681289 16.163890918249564
-8.216181603708266 -9.503505825565737
-7.309615004999107 9.449412512680418
-10.521708942503027 -12.577990365236435
-0.9069732584825108 -12.538748960614916
-3.9420191219502163 -10.320307902644121
5.112640691715565 9.071204946361432
4.386632788245026 6.919802927585364
-3.9071982727678094 -13.37590018533638
-2.6634541087636863 -12.87617265567131
-11.753575743304198 14.99579764396872
4.047971858654807 7.93411749722009
4.0776807044261005 6.347389051135215
6.805383857299567 -5.00081090887914
-3.6569816926188627 -8.132476558861379
6.200529935048871 10.39913025000817
4.468674586547848 8.95191827846006
-5.340581914006629 5.917843583268776
-0.7514599270161622 1.2047278454138848
2.2934716871072887 4.559295942969758
-6.802715458104457 6.14379240030186
-9.843507295860922 -13.903643497806172
-5.910007738060358 6.633178921006447
4.618864999624151 7.878063745345175
-6.845075355219236 -9.948988368959279
5.882002960843152 9.329251993815285
1.1765598468409344 1.4072034787061014
4.054209699120438 -8.236170758462626
-7.3129492586734095 5.816868075695679
-4.806516583123303 6.759135480191314
-7.071184017083061 -10.69043873868711
-10.87313726337926 -12.346790320149555
-7.5330638844100815 -8.221034513115615
-14.94596985010391 15.854262093366824
6.002140165132161 -9.276386745581288
-1.6951070653561469 -11.646321111249954
5.640515236294733 9.671629761466509
-0.6600324406876297 -3.105601265183097
-6.183781302347885 -14.283973422536086
-4.58609831544563 7.940497356690065
-7.6691178852373145 4.931861269174018
-14.579290071350053 -9.138897815204476
1.8297645027566105 -6.490117426290222
14.909579023974672 -12.06325344012522
4.810499978705788 8.518778184962898
4.919531364967236 8.542579267141166
-1.3085041941047693 -11.853805175697198
-7.034706553143764 4.7686541696339795
8.069023901777024 9.365450541523787
-3.995949170604108 -11.57776160166769
-6.233450365013884 6.469665039159828
-3.83098690564902 13.525541412767218
-7.729745428462295 -9.159666898273121
6.270063017037499 8.654296302913915
-7.3390705314145634 -11.19707425418121
-10.861735895325788 -11.268199048268075
9.692421693075683 -0.4712134390124696
-7.953114262271328 -13.854967443422456
-3.578498132711532 7.357549598831913
-2.1079796280746734 -4.769117205659615
-2.5958931827782723 8.43896443766917
-0.5398551390653257 -1.9828049802745067
7.348938730063651 11.139498792518584
-4.291746184464262 8.144150010268921
4.472726289562824 9.606418907447603
-0.30198428033028124 -11.979338323693543
7.224285033294585 8.260183471322996
11.592161052033639 -6.5066622676343915
-3.561210023804694 -9.010060956056876
7.705786678185565 12.428954780936404
7.047134822699633 -5.546219190098796
-8.41442601245985 -14.539696621489096
-6.572310591358156 -12.558439040535399
-13.383028506645056 14.873840133623268
-7.129784231752609 -12.467655618772547
-12.035466072337654 15.153573514023785
-4.8404405403789905 -8.367837336681578
10.423658731392603 14.743251196679246
0.7202734985824382 13.670025378631966
-3.844596904206523 -12.623626956302111
-2.4950484428358664 7.715432480231171
10.98166570041181 -12.99163116780816
-2.173032781164036 -8.857891595838456
-0.030662864726442862 -12.851803533577712
-0.9909942590325826 6.819041488198918
6.026181381109502 8.113803634807224
-10.107766694508596 -14.6948931228629
4.136143418393361 10.222731799912063
-1.4925256844955301 -8.121967570129499
-2.767484814161709 -12.401895793884869
-3.399125715626977 9.485873514039397
-5.48337427381494 -11.611257124075147
3.06372790254823 11.77031396888541
-10.502861894542669 -10.09178788870221
2.421710087511426 7.376402042597771
4.547794420712692 12.241841051705102
6.128611956770787 10.645185790479227
7.351858448336461 12.595393677041141
-7.359770903298472 -10.94920483504811
6.040197005545435 10.264767526480993
-6.67152107730925 -10.564267530751728
-6.910657012285787 6.391294863787751
-14.179275759296045 16.630623341415376
-2.461127312628251 -9.930856212822192
-12.946672581963139 14.317264609768781
3.214964538602832 -11.318636154855781
12.887638449238871 6.89584463512935
-2.941197109871205 -11.1720301181487
4.017161910159859 9.365767908151698
-0.8735910273320815 -12.685384672117628
-8.770067426049915 -8.634729995198285
4.22706996697692 -12.360544520469443
-6.167092093315922 -10.22744367191886
-4.501140361184051 7.770133626949851
-2.3896264768740423 7.177279543697912
-9.302610210612091 -11.166664393693516
-16.74669226184607 14.065889677132967
6.2333385538417785 10.478543847163545
-5.171679921324287 5.19231980904722
-1.4329370406064776 -8.121858271816862
5.627306462982292 8.73294467944352
13.679042870013852 9.131019976846165
0.181809501451891 4.962561605924449
-8.216835419247701 9.66515012210624
-0.31844760992657495 -7.935240826728206
7.584607546265481 8.019874543318329
-11.421874040821091 13.355833838432403
-3.7647972344796305 6.646316717344142
-6.057114709835125 -12.063955617726437
-12.418995349731043 14.98439765152006
-15.873203811867391 16.41034233405869
8.217006304109784 7.857745803001416
-2.3998623101781633 10.159795203600087
-4.558917895469693 7.458770883283065
-11.726858556072612 13.169251949797665
6.492258676621944 9.027075616315447
-10.911454645192103 16.25649080871271
4.8632149952366115 9.134229380801074
-9.646673008462853 -12.070959387165676
-3.6890625845221714 -10.6634470697702
-9.827550118746947 -10.21544432009385
-3.68183927418527 -5.079762633800598
-9.415978098936947 13.614083613876623
-7.29177056286246 -12.421620321099553
5.452705012320829 10.429649350560556
4.576348052819905 6.794882180860327
-9.183462692030984 -10.200451555713789
-4.677199983347305 -10.839919784834034
4.022692149789497 11.705800478112913
3.7998178728046668 8.934974385005352
-8.00263723344134 -9.028123913105208
-1.361686639953569 -10.753566349921975
-3.3496081259454122 -9.982554678620586
5.251101109584859 7.8552256865988115
-2.9918718142344485 -1.5222968476218757
-14.221898157082599 13.396979044025247
7.906951168301273 13.47482225979001
-9.63126369413745 -12.347691926460987
6.21968310412444 10.204339813170503
-3.1955333281843 -11.028346631518142
-12.24000220594821 16.059735245222765
-8.40816724906027 -12.405784397928327
-3.984451314785301 7.361014389672352
-2.187867797391031 -13.253731688551495
-1.987227008281611 -11.700712510192014
-15.515491236766087 14.347198055328779
-1.3600322051593032 -1.3066831688138532
-5.687225377586577 1.2806887628261698
-4.714859579566381 -10.854317346733273
-10.105274657654816 1.845399253234298
-14.983272281964876 12.136297663263282
-12.306113597561552 16.489052946938926
-4.947541555633732 6.5048855710760165
-5.606844482203071 -4.725715435747901
-10.083234533113906 -13.217312669376035
6.816547566243784 -12.974444451663866
-12.099944256639446 12.00532149442192
4.396135741263905 10.152123908706272
-8.725537854133247 -10.921746770391406
-3.8984798435458248 -7.3796319404689585
-0.6341509977534177 -10.810505216964994
-4.021992813019186 6.011708964131942
-6.6957327408468945 7.012513789853088
-3.315612601060722 -10.195654910485642
-2.5480390006898936 -9.735205756020068
-2.906843949042907 -9.591033136954056
13.263450028759326 -7.663104804798419
-11.42060961287272 14.596516074932262
-6.398272616585173 -12.312114856480783
-1.4377752907200365 -12.972874059363589
11.59588645361298 -11.49413248728832
7.797058211665152 7.677521642940434
-9.081253317317 -11.210481704812135
-9.644635720137432 -13.224743989162288
-5.861192420230849 8.733128806947153
-5.010136232291428 7.087369511647362
-11.671206404980717 8.349403364569827
-5.972108281728286 5.908286562502644
-9.291259925497792 -12.368624908715157
-3.688459389251462 8.666252166867231
-7.207288942482901 -11.088572584308805
-12.891911242260338 14.413553651749304
-9.734230250249214 -12.361725234117943
6.568286850555399 8.620853039862162
-14.219869304184533 -4.150384405112673
7.044502288569891 2.1003517490025203
-9.27092591227431 -12.136826475290478
14.674791016998547 -10.262111346468581
-3.1877485570169126 7.488106380629919
-3.361408405792446 -12.577791593225475
2.6853282689199736 9.22716671822638
-14.811888049228195 15.124176425204865
-1.3229523359512065 -10.363169843044485
11.403375910473272 7.763814189698312
-12.550591182523917 15.193464608492082
-9.506821524873525 -2.6907944165702204
-5.677164043353185 12.619366414144984
-12.33726171346166 14.34398899031309
-11.74771588509148 16.06808713226984
-6.06689532319111 -6.514892005247239
-12.256329403347163 16.212850301171652
-6.524169277421328 6.936957082127592
-11.8495864096664 11.089982189586024
-4.82608238288061 -11.404481683343263
-14.994879326120463 13.277351511414436
-8.888062459753861 -11.78408159545621
-2.610969637963242 -11.264395883534565
-4.279727831425862 -12.505274184011824
5.9492781104299715 10.983055484660355
-13.641210443266525 13.552786887847503
12.69290165651923 -3.7311021153090973
-7.197712842920145 4.090298008147556
2.059575291171095 9.231407441416687
-3.1608123937493056 -10.181144606189571
-11.866582526402386 15.394617369188907
-12.834938394452578 4.630290486319275
-5.094048916926889 7.73339345639953
-4.74030637475636 -9.617428483874184
-2.992181364378454 -10.386479793430524
-9.253158915079005 -12.12000476133388
1.0720378988616162 11.357069991625504
-6.011311296689181 10.073540192270118
-10.420113227292681 16.572432454092198
-5.521955032404925 6.400036085842372
4.019385314909119 -6.412714501495975
-3.625224290141145 -11.976154659753456
6.801979397553019 -11.662921872125462
-4.574761563027871 5.951530963983185
-7.897402623088476 -12.274918340006984
-1.1900286884156837 -13.052560008455353
-13.874564362304229 14.718582071264509
-7.159281762189215 -13.404883876204384
-4.125152635313784 10.527237839553397
-4.846106189542971 5.6303141909246825
-8.853860160385082 -11.92057211657809
0.3364138147239437 -2.1324906169586306
-2.1673888796101823 -14.024082182012078
-11.991442713966347 12.473531068627322
-12.571080368051678 -3.476610405160258
-9.82343057040027 -11.887198163355189
1.174274116627089 12.834191058361203
-4.953938561002308 5.281301363314998
6.40180335315597 9.72425352454062
-14.29263407435013 12.772178485722769
-3.2500605783110172 -12.006392241094863
-9.526530114621785 0.08290839473076339
3.9023676682410606 9.630208181296716
-9.680681447707745 7.550034536285139
7.588776202994228 11.907071989431321
-5.377587386322565 -5.006574969474492
4.16050360145935 10.20009407679797
4.663161395193317 10.544503916337584
-14.394009019236165 4.064664261302671
-14.67682789412829 13.77005376541713
-0.16840391930697685 -4.266191643617981
9.702146031962215 -0.22294159015925175
13.549410796718984 -5.895856555593701
-13.060936555435294 15.092506684469008
-13.538104524967007 16.02188546551792
-2.238866258182607 -9.648418000724506
-3.1310819455658763 -8.964326706483046
4.759254061259372 8.947003822266264
6.032891344159 7.169607062386005
-15.531562909163533 15.908689533778062
6.465334481528291 -12.363820204926505
14.051548338229264 0.8031874270628645
6.600617371556962 11.6822718699447
-4.173962154180635 -10.901872800155536
-13.525333612553208 11.494567640471459
-2.7264114807114463 7.412341609010142
-10.280741406411293 -11.456734706636977
-10.406070288968007 9.729183594522652
4.8878023384122 11.822269181447503
-6.052096301126385 5.890251201543957
11.904633611273251 -12.278903514519381
-2.833079239371703 -12.527293718455049
13.289982394241449 -8.443570082229012
-8.591825302795968 -10.375715609823203
-3.552680841447412 14.357935647253377
-6.839103303861037 -8.84967296704642
-12.935521378449613 13.222436452707703
-13.84892138642564 14.981762660565195
-13.78240403580779 12.388030272474415
-8.956117511367093 -1.3255720436493874
-11.631279720268017 11.458165663316791
-1.8987009059800488 -9.454763550459894
13.245399860638383 14.370330706331785
-13.328377501181752 17.414804904178233
-1.4763914602490644 -12.004478645963793
-11.250700865201976 8.917677212259983
-5.082790470497978 -13.045155959023012
6.181891259357193 11.639364928077098
-8.959280056535716 -11.746021269850285
1.3633171188363598 2.2796440848023387
-3.3075004429952237 -10.459675753176134
-9.92163492464353 -12.98387333352788
-6.832774187008763 10.543280879073563
7.709704248784361 9.722931037222223
-12.701893056689238 16.8554483421011
-10.993877058139969 15.071295676401894
-12.583246583990618 15.38021918015361
-5.523257687697902 7.852638899367344
4.817512815000153 9.838020587668398
-0.6847492226419449 -11.938136561427523
-1.7008633162886189 -10.56720255559946
1.7822058788272415 -10.181194488791093
5.7330565074672215 10.544637616208256
-3.320833075098651 -12.027464045307514
6.209768358321398 8.562115331221111
3.475240397131594 9.335020341240277
-8.974701362377465 -10.099947173277645
-7.245733916691312 1.387612745549628
-3.0187725228178595 -10.72735251969387
5.0588210193736955 8.48601537527827
-12.099961720941034 14.389984741752244
-4.73654240141525 8.793706998339232
-3.2791509969429424 7.746368386512055
-5.903549956108205 9.072562499823402
-10.526255514955945 -11.749950446299808
-3.569107571237113 -8.452472713614151
-1.7417675305952809 -12.686826664663121
-3.6463080077980123 -9.25113964986765
5.283360302580358 12.047388384890082
9.419405020411505 8.019627267082612
-10.505952660160638 2.3637313995984037
-6.425700706431718 7.531994674561057
-2.5671029439432616 -8.57363093522405
-2.222617163322774 -13.129343831942474
-5.7509766386664145 6.781766246156682
-14.037045923506385 13.576716121058322
14.709162253559331 1.4623198030776443
-4.648181121985712 6.920680316150587
-9.111171809232173 -10.193510000788912
-12.677910347226625 10.923749162420922
1.8131884979786372 9.298768105320988
4.9774246313259285 9.107338573056271
-12.852630152824062 14.493755451392047
5.3958734170767375 8.532423117700398
-10.26186645295645 14.77067043066491
-12.316799963132668 9.967769317926198
-5.204754130504622 -11.29689137235534
-5.508395232529311 6.36740329804999
6.389617707283841 8.590625191072254
-12.71841305348726 -1.5945475226760113
-4.12606325930736 8.671509331496384
-13.200167182969283 15.157084886751353
-9.424316703651769 -12.566164744020199
-4.080693114252666 5.641478822137417
-7.330625873769253 -4.793973313088685
-10.049296715558402 -11.695162790973
-4.834999295808661 -5.066150509709514
-3.6971069523522093 6.5836684466744115
-10.048431912612916 14.952203595406225
-6.644239049837322 5.513332328906903
-7.253455779363294 -14.439526524639177
3.805683821855886 9.565131463019327
-2.7681674085304215 2.1347292103132576
12.872709275622029 0.5848844620488265
5.844372427469515 9.157450878763832
-10.939044653377069 13.930716712870096
-14.72447431165425 14.919088108674138
-13.432095693875713 13.049834397667317
6.967380664869455 8.886903793819927
-6.702525766259337 -8.498735816093788
13.070811343575699 -5.65451526647929
-7.97569662097284 14.730680451893349
-5.254818189817531 5.914944827621595
-11.099575080996594 -1.7243249897303699
-15.617675275019492 15.304343833446191
13.004065097097076 14.38258735607931
-1.3194397376424134 -11.500261148144867
-7.65414456491769 6.765902678207469
8.17990850630625 9.280808966439176
-2.1776221337865325 -13.753359036451984
6.306097424949657 9.515463225101858
-4.425896610284347 -8.694669370756177
-5.0318741298289655 -8.877146405872752
-10.250610879601304 -14.191218966693658
-6.47132046275351 6.103222396565336
-3.7775127315052455 -11.286933866152745
-11.868501856274282 14.758771931790923
-5.986168150081303 -13.065169644656562
4.983026091203752 10.847992448323716
2.3530493368448226 6.505062295821146
-13.081386034793429 15.010767322905053
5.942504229771433 9.186277160517548
-7.869351455133624 -11.724776010982929
-4.906357478191925 7.074448730750188
-7.246702291989178 -5.291371076420525
-13.119437238050201 17.211933552081167
-4.19413512380826 -9.499162111860006
6.317228414128859 14.086615065071399
-1.72960939161894 6.953215581232604
4.79339717816475 11.307659512840997
14.414047773701466 -14.092265671226228
6.3643666877365 11.683000489804012
-2.212248779046912 -9.128177888730239
-11.925455526280842 14.252163730338495
-5.822980404395743 4.993577918444789
-12.379305514755348 16.09845095475356
-10.555942099263884 -10.20190858716148
-4.185336879472189 3.849931154788484
-10.12523525175114 -14.49126501394808
-12.974550673967384 13.323785608735674
5.5555539757276255 9.17885358396549
-4.222630996008581 8.84362260883809
-10.700238800444483 1.5356118077376095
5.106992379007554 -0.09988602926588541
6.85062427506754 8.791838561606903
12.356089621063258 -5.555188896169527
-8.085880855942149 5.635944855267114
-5.549990414883281 7.655727200960342
-1.6092426422853237 -6.021947751895823
12.693134757240639 2.591466068238642
11.025438740950527 -5.8799464485358754
-8.250482663637436 -10.47543858953223
-2.51294756409911 -13.58250683393867
-1.4978889195314666 -12.104092638099841
3.9045352701976985 8.622617508634432
-3.3926691069309483 -8.25462369612753
-5.634427038837326 6.797340820154087
-3.4613889828193916 -11.991072974662423
7.171347127391671 8.533996499836414
-1.2592311026769547 -11.697668366345955
8.299935986333985 14.842104908520763
-11.54508445805941 -13.7343504743299
1.0554720954255004 5.0037290480179415
-4.613271201822996 7.910881600573851
12.305511018893156 -0.8594205391051837
-12.809608183360526 13.14492260739351
-3.3907374181489813 -10.942441662995298
-7.270288040783677 -12.277985117548067
6.7906554542441775 0.23811655131962972
-12.229804317201033 14.916760898196209
-0.5865572254529585 0.07422348100521248
-12.617509259663558 15.33496166583837
-3.030363310079479 6.751516518435708
-2.9167617437886557 -11.873389535481234
-2.736449411012036 -11.143658992417196
-3.5345622566264288 3.957967544384373
-5.802199581624261 3.0231660393698156
-14.451782581659522 14.172359758106426
-14.822694619886942 -7.7693608559031455
-13.019730441571573 -0.4805812742704205
11.716587406196627 -8.639197410723982
-8.877104716936179 -10.95516531012737
-11.996505738475761 -3.6944269367297924
-8.631154279241706 -13.53275294678655
-8.012275445843155 -13.076833920638853
-6.410644053000757 -11.33881348316349
-7.2073519300247 7.678492047172518
-12.164799131139041 12.589697003375239
-1.9352016753572272 12.085532756496313
-15.583543629722868 17.194876684959368
-7.104569543650074 6.743376624486764
8.59690812428028 9.130726789582479
-5.06671244455484 -11.675731149672027
-9.94836643277224 -12.355897405634582
8.759488079957372 2.0610676406917996
4.384932726669575 10.396932679068692
4.104675370106324 8.295580090454964
-7.8357076824073975 -14.16352495282473
-6.553984749810372 5.189511101236072
6.049968761297659 -11.88936933597601
3.9821207614533116 11.224462807064729
-3.8254937410001717 -11.619658867406674
-12.43419026719516 14.907534560673886
8.059462966627306 9.403866834185948
-0.5792247849890031 -11.95472301822506
-3.057219225255141 7.109246451953737
-9.24794659507257 -10.2877390716809
-10.693992811617226 -11.822961831120569
5.994177402878805 -11.930198727772527
-13.560342564477331 14.619379015753124
6.011466741265544 2.2013922410201836
5.4534221195977 -0.13350334776518658
12.295565588857148 -11.630650026641515
-4.254814926449528 8.01160951713514
-5.781093397501194 6.63228880427914
4.508737348489828 8.671598051578053
5.518605458080145 10.684887956923301
-8.416941444418919 -10.194955161653965
-1.0821492352045599 -11.110778649069683
-5.762791704099406 -13.579081056431441
-9.803267204202339 -11.18615639501289
-13.556811322804268 13.258551941335499
-6.112052632607488 5.973932529608609
6.255749716456012 10.055231616100526
-12.648311067335928 9.802828910789597
-2.7749998899904833 -9.204854221326265
-7.486538011182837 7.993670305390536
6.7906291397883685 -9.179686126705949
-4.485693836877542 5.31256983668147
-7.0577254626439325 6.03417686934516
4.953494872787116 7.315724210768947
-7.705328521635632 -10.193931021378146
1.5450129906105161 -14.544196957941923
13.249852109583234 6.823660228471976
-5.213842212879054 -10.652998125151873
-9.132274873389704 -12.115668627850976
5.688765677313516 -8.859155970839272
-14.472514259559908 15.895577003098607
-10.674397727284799 -12.560306137996072
-13.34392352845024 14.050021246233907
-3.2913448923194095 9.26021264065718
-13.442823230419192 13.425479318841825
3.7727983467998705 -5.201533949521444
2.8938203099087794 14.993144211682043
-1.2382251122922079 -11.802044124665954
-13.322988975796717 15.067371121981212
6.612308180021458 -9.729760699112912
-12.422232874718027 14.540678511270164
-4.5060483313947035 -7.38275747659958
-7.59521459411761 -10.527670327587693
-13.664497297431154 12.802726801898029
6.9018909747623605 10.523458821786427
-8.665004308744066 -12.19277591361962
-1.0097918185449575 -9.70991397547798
-13.04444431273022 13.4866203271776
-5.659842039812925 7.753222761640001
1.8738453633961925 -12.113481572342444
-4.849887001311192 -3.9025185670830904
-6.710703149011452 -14.26446195965853
6.620428279825944 7.205626557044073
-4.913339237228314 -4.2306660177538085
-10.580346022011984 -9.510325321064183
-11.991714369471874 16.525960237091777
-9.194531117925917 -11.038479422959027
14.248169570110804 13.314544932300738
-10.755242070726428 -11.74448779484371
3.6385137357659048 -14.4555676077058
3.27353338826347 9.114095861560703
-12.052787439933532 14.023735313629555
-1.0655164389514644 -11.590046612799307
-2.540779316690853 -9.525335686383434
-11.28999270266054 -12.22295596797597
6.437767118465088 8.126806534969468
-15.761429390448582 15.7984096361148
8.180036786854583 7.98027044619746
-2.720288820454158 7.7568384067268905
-8.550308660865857 -13.126187783495762
-13.495984581325905 13.205025554196808
-3.8596308522807146 5.4166524899160535
-4.461537950821503 -11.209860293793266
-7.821416083467128 -10.874425892598921
-5.096079603248568 7.456092594379699
-11.852582340476939 14.980140316924192
-6.465149579885585 6.274806284210083
-1.3246962024027966 -8.260652950313592
-3.85052568438375 4.707870789546955
-4.735578173014475 -12.171445026108465
5.368204879516323 6.8843182998624135
-8.074627939950402 -13.882470294688874
2.8783808481397877 -1.2248678652043505
-11.100640495809657 15.243235407375211
-6.18936002775942 9.408938558817797
-11.815128726982547 5.400872940364444
-2.376819944349323 -9.883777502494913
11.659238920661757 13.548423584625034
4.909574431491667 8.876356584923998
3.409204799018977 7.5025767751457
-12.549281018951639 14.638069843270582
-2.8387061761953105 -12.06966273034321
-12.427211375690357 13.631135347303964
4.591051733874879 7.121249841219881
-12.795605856081124 12.304991710190027
1.5471755170899684 14.773573561432272
-12.57357826088421 10.833903945078283
-3.551414094659507 7.41182253422367
-17.637471952972795 13.41910049738519
-6.649911086891819 6.558109855240915
3.364335364038192 8.881870491836187
-5.883058642790932 -12.029889125582843
-5.573261315809183 10.221248090826823
3.2757607221988825 9.809054422684659
2.824835519271307 -8.809947361159505
-5.4088662183021174 12.161513939187248
-1.5386697405419487 9.34738619130804
-1.4705937441721257 -3.158519243232776
-13.174663287740215 13.365634037805592
-5.176724722395333 8.216831127094615
-9.304162957936475 -11.46619988094883
-15.5216951031423 13.416384880052291
-6.677741051366694 8.611317673127225
-7.023042895038452 -13.30513814882954
3.053315472950903 8.44149463345118
-1.2046403441874212 -2.4545126791175953
-12.437936699820344 -14.079589654061241
-3.9979227521842793 -11.89027805961501
-8.79375035731412 -13.101678007858037
-9.446561000821118 -9.475804265840981
-9.643627446368146 16.015893746218826
-10.352791869407337 -12.730255266135217
-4.659171527828905 -10.435580694044322
-1.7265918855410458 0.7654870656807606
8.349018286100701 -11.250238245670586
-10.306125281652367 13.712600806235246
-12.3614079839633 16.06419294530068
-11.681068280169152 15.90211765740429
0.2973534745760489 11.357981054391988
-14.124036645824376 14.693209680224534
-13.649869202989708 17.235987140149156
-9.723196045560455 -10.649909059800242
-11.17489349038177 8.927633928946584
13.634252313244343 7.30976374371938
-9.856589266702498 -10.094625156780806
-7.493645676832962 -10.92111691483501
3.6490693702702863 10.260706509759661
-15.71340439056224 14.076977475504378
-10.912054919873121 14.787070893103392
-16.052986434674853 14.652580327863237
-8.781548851817558 -11.44484091873614
-4.1307462981198695 -9.916996609518632
0.8343466932329431 7.111605741803764
-5.063464999494741 -1.7490735820151073
-7.112584334296625 -12.554235017733504
-6.491969871821473 6.8076827679802685
8.182447137457672 7.99093525876995
-8.592477325966811 -13.126499292329324
6.384905506096389 11.582596859633677
-2.7258598572188864 6.59870853433883
7.702757840871279 7.774858656575228
-5.096743749882599 8.89388372458082
-2.1771321916113777 -11.471982238425431
4.841941904977201 -6.428413841401326
-12.995348764139486 12.74017791585075
-9.155944283989776 -12.756382002879972
-3.0715979194279672 -10.786792285891854
10.82343641890849 13.557913197424519
-5.6706778691812625 7.543675548541209
-1.5580785776109587 -12.11916972485409
6.365062594508863 8.16965131934203
4.82435842097161 -7.089081768210138
-7.35244790223101 -13.323465209663587
-2.662565010373566 8.037523102164773
13.09867450264652 -5.413849092800387
-2.6521249469323944 13.830901760805023
-10.678019227602888 -12.375189407397228
-7.554087635333519 -9.681974124673307
-4.419719875609722 7.547473313475888
-3.9404143733251464 -14.128584372690055
-9.5388422179078 -11.522500923118034
-12.249433095877148 2.403928894400586
5.975830323895176 8.783518543777838
-7.1055573806174905 8.633405783986321
-5.258124379356186 8.618808541578364
-13.555580075466242 14.37866906726943
4.86235767659886 11.378664740760014
-0.5993908332733753 10.214258202715005
-11.346162474472408 16.9448785173974
-4.92695642488809 -13.122403030381477
5.923147395208446 9.029451091485663
8.356384344718743 9.697360488393171
-7.148822765362475 6.321977879906966
-5.727999702345546 -12.180615858349901
-8.572822032799435 -12.954698984771559
-4.165106632471082 8.209533620978728
-1.1023842298045796 -9.298647065041077
7.641568573681617 -4.891398171933773
4.717162420442453 8.573171146194676
-5.362469875652073 5.941891515995127
-9.697971224762014 -11.892889178875073
3.3528870320173603 13.488034673001223
9.078900511283479 -10.219738542701226
-3.890031432865584 -9.70334710554072
-6.932557304179175 9.509043753598286
5.468902825726984 11.879100619870714
-14.35331650266286 15.126016219094879
5.481748930145538 8.569336886607264
-13.163919848892528 15.229892521751108
3.570715657767294 7.685288805186815
-1.899748253932782 -10.779340448529705
-8.188257568887666 -13.455254973380622
-5.761367373996923 9.3018509731546
-4.3427873130470935 7.625224256979697
-9.534701610971135 -9.956447515082939
8.537484374695094 9.72255322380373
-3.0641931958533846 9.927444299109048
-12.931828782959027 15.936893002877365
-11.463668481174103 13.587969692233735
-7.178628266823818 -12.968272695461419
-11.402008635809251 14.134852792888324
12.53408626075516 -10.74335116522241
-5.80687009943676 6.097647022600368
-12.990633486891733 15.76220153891991
-7.940418550018255 8.660818158348649
-12.85903745141309 -8.505048589721666
5.4786986661547745 8.37449549814153
-5.874701585979558 5.366480396211513
5.8815342996248665 9.077154298017822
-11.327510033848858 -10.601934778879325
-2.7253690736637077 -10.666682932527126
-13.369000537394083 14.632583585478692
-12.142947503860709 -3.269632460317167
-13.638362920974183 15.55173508119528
-13.016397505657336 15.253838086318366
-5.199282451010186 5.8605760099251825
6.017946140799252 10.63120659583707
-9.867270737301718 -10.70711025284466
-2.276982768572247 -12.239536435989482
6.588553486082489 13.828670372126744
-5.5895640262584845 -10.20870925189547
-4.67760745205425 5.093657664599283
-9.3806961215019 -10.148622654668225
-9.721001912709392 -10.795269588274689
-10.313672071589284 14.87631238551502
6.2752086276008106 11.31203387476112
-7.078579741665231 0.8945529080568999
4.058729213850603 8.535424244827032
-10.72180712902231 13.045335087628565
-6.9708671349104545 -11.399509907259286
2.5810436686780847 -10.592527796457508
-3.521981350600755 -12.540764944165234
-3.7618833957046585 -9.651898716291893
-14.841877006052911 15.986330436644545
-5.6374672696849535 6.488573091608718
-4.032915921561889 -10.390272066585759
5.863730838695793 8.289883395783196
3.3864787689463784 9.23511477820179
-7.86852766739803 -13.211739866458757
-2.568472425881515 3.2448095215265864
-12.443172543304257 17.114884454796904
-10.623715651174045 13.864078339280512
-4.246771883582673 -9.952350539576347
-10.635013749651346 -11.197295349736704
-8.79487475245256 -4.444669397955476
6.308338896851278 7.823115792341317
-4.494711012906967 -10.553394162128445
4.495614503076861 11.776641088222231
-9.050713915203783 -9.387687688134843
-5.299563725196203 8.109725551240594
7.069290655088608 5.14924140686802
-8.252223043373307 -11.802760094567029
-4.5423935151258945 6.921286868542549
-11.8952640671563 13.49165271970876
-11.706409543164082 -15.238842229731581
-4.06754152278177 10.3511482293138
-6.179336425416872 8.803167689890852
-14.305807319562774 13.94946163224498
6.106274513721403 10.605311250786519
-11.307123856293806 13.604551789961992
-5.282309898473739 8.569668604546006
5.064484770469431 8.21368273051679
4.424182241875641 -12.223766841988702
-13.392463750823243 17.472777389043188
13.853309496366997 -6.267062972807318
-12.430463466187854 15.543986831359003
-9.072822324221686 -13.790419867369742
-2.906340321990724 -9.824221518529049
-11.12742177932819 13.44180648449177
-13.619555896607823 15.375085606600795
-6.008419297619719 -4.732603757505196
-6.040063116046955 -12.778882667038962
-6.614879782971428 -4.598305563350632
-6.224658095965053 10.950354589017621
-3.4140738788288245 8.610972557935648
-5.778758964785863 8.07953508623213
-10.07928606064404 -14.087134544491017
-13.20117398121246 14.308664539106637
2.9112191606079776 -11.829323524425659
6.169458050399057 9.549893126877228
-5.487128554630117 5.687577601080665
-5.999251379173274 9.167709683412863
-0.956861289681467 -10.840695474097688
-6.252445687911295 -10.447801567051387
2.0923724467830125 9.892516666810163
-9.714312731323396 4.447685993407706
8.829341666968638 -9.518812885795107
-14.332978694318488 1.3429533573313712
-3.893936395592574 -10.91422413516324
-13.041247656288055 11.923489701073606
-5.238612385363908 6.935224762125108
0.4767013743306805 -5.759670042408555
-13.18606806611095 14.221973849688132
-3.0068888426937233 5.299907520887174
-3.1080634238586295 -10.707050227092259
-9.295633781175578 -10.074237815178591
-2.282684076287978 -9.243843431713623
-4.16685802239743 7.592228108662178
-11.88623526194467 16.34854356819887
0.16877657080477793 -9.01132053837092
13.575432851459897 8.598734820674515
-2.374979136502312 -11.380089084766546
-4.2030331190595565 -11.322669167117924
-14.641314043826133 14.921745678562063
-11.655023708424467 15.206733389458808
-4.359897870355962 -8.52652150454007
5.146479166197288 8.566271961367413
-2.3786683614353414 -12.114747501651761
-0.7179286938148488 -11.675377542494308
11.17495128682813 12.238330101470002
-13.660528447706389 12.797306553501906
-12.476606789743455 14.966026366668132
-9.70997014726683 -13.217265757825736
-2.543780241980104 -13.39224795265837
7.684878485803091 7.412988310633736
-12.524388415835823 14.020121821311955
4.050903158181065 -13.428751795395593
-2.7816321774089134 -14.260483386784665
-12.73663638534272 -11.26048744690939
-12.272846053985855 14.452392702323264
7.483713855839515 -1.0267397446690438
-1.3427584458870336 -9.518878751650323
-4.068478701434736 -12.909677665377508
5.518448905924524 8.94545248090175
-5.3543513873716515 8.234718724823434
-5.344680808629532 -9.84437852718142
9.708284977717632 -4.249318411501381
9.67817628105869 12.52553948373044
-1.4857934928806937 -12.963644058819874
3.829961499400151 9.494508709126293
-7.882997246632336 -12.008957607346893
-13.769000053894647 13.666214496731797
-5.256243532189265 7.833040969063857
5.933648528502163 8.083622074342244
-3.018523730991305 -12.573576064609114
-6.904430155027587 0.9225852512446284
-2.352698564847522 -2.237167145549421
-2.1941040240015286 -13.38344660586716
-4.597806922747207 -12.646357344169854
5.913797009716678 -9.429123129544301
5.606867064717072 -2.7691749110031694
8.70936299650987 -9.396014580582902
-9.355559294631213 -10.289969302995985
-9.941060463328608 -9.928926611031
7.432847334668798 9.984534929080374
-7.5630578930702335 -10.072357144541929
-9.227502499414786 -10.364983608260637
-11.526377093839475 13.253914533081538
-8.682716255416548 12.66138250213399
5.600666075244561 -5.701206026007625
12.815401385547112 7.3472106436040505
-0.9245056538599588 -10.887849824951507
-6.763959227949146 7.975241948371184
-5.29086270031071 6.45081930858403
6.373064553623156 11.204269779973862
-13.138690874084622 12.852698643725939
10.989249625725634 14.384450142335286
-8.717867031426637 -11.045923373325817
5.490075360345439 9.766625606861133
-8.102611495356216 -11.241271756835296
-14.508448981494238 12.11350568119579
-8.694113065639016 -12.77746074864926
-7.6340551882098495 -10.36632022228667
-3.5344868818048494 -10.471706084405731
-5.876575878612536 -11.040237376799158
-7.041693742612061 9.372651189745405
-8.40008828750141 -9.008880129682636
-6.1414971416314454 9.829128819171316
6.052413367991819 6.3249239481006185
-3.078879216305098 -13.988224084842791
3.341314415788247 7.299075236948322
4.40030498548887 7.225189895887228
-15.713590357505888 16.436355222782105
-3.148588526176026 6.582631129410254
4.473064528955707 -4.980182590023352
9.367221959623457 -1.373661957705469
-7.718119938596226 -11.442866656764448
-14.037783438902716 15.643757621802582
10.93273827543328 1.0003789055531662
-9.532485886314214 -11.302356387281435
-2.8709385602451216 -10.254187434363653
-11.663985678976458 16.97683204223278
-10.079075730180678 -12.45590948522175
-3.3396595862963387 -11.73517986355128
-13.515551602237068 15.245782256918869
-7.379115013502684 -11.010935065478588
0.5988081617253656 0.46696745129694506
-11.890361612924035 15.373186608363879
-9.836732717025281 -10.774127063502538
1.0289694051922176 12.445599188647947
-4.626348232983462 6.681963383497853
-2.2769053857665167 6.138332522781578
-5.628485344567814 9.747433493869977
-0.6554266888969469 11.170042677510992
-12.960960479908325 12.955963810123233
-11.750280288182712 16.29478660650049
-9.94896989641318 -4.752468739770791
-12.364222212174788 13.176844925303048
5.962390889912746 9.253926197297348
-3.764916440258638 -2.5017140863113134
-7.446527391716884 -11.359451543618627
-14.14509458590093 14.73496041340795
-6.418298408816076 7.565187113485421
12.876213582571634 -4.220785549416025
-5.749561546438836 8.319296888500489
-14.083822168509872 14.86715888680973
-6.310146478127641 -11.848244473329013
-6.58057088753903 -13.13823432126425
-13.545144417019475 14.680196000565367
-3.491438417079358 -11.756595495513363
-3.5754481141684495 -9.88815309962589
0.0710372553862122 0.3408113802835526
-7.38651243973322 -9.024785042489842
-8.862914703320413 -12.1392162778806
0.654556998767887 -13.227095679745771
5.4767232017925185 7.884433845013996
-6.039078124181385 7.541354632673906
-4.477258385573734 2.1896851367385324
-12.754450842086895 16.29209725627048
-12.59101076833856 17.293809764392222
8.398839224988428 -10.666426641349704
-8.505428846630688 -13.599562561335542
-5.676516361817535 7.429535513106189
14.259727876636187 -14.6126147402803
-12.688679274190656 12.272635547602171
-12.324908109831437 16.667147153325928
-8.92312182665833 -12.725147447365028
-1.9319862874090274 -9.237118605669725
10.260691835285918 12.908771983583403
-4.259572598787479 -10.906878352699522
4.133168075216632 6.908335509371813
-11.154198608045284 5.700903696329583
-13.331920603775869 15.07407867668407
4.899866939662754 6.613598359872756
-1.302261252954915 -11.141864130115673
5.065839951790777 10.364665624528051
-4.029461696836739 -12.92404789098626
-4.630689942789719 -12.427268491622353
-7.4126911083305504 13.52795075991158
-2.2220290130521256 9.402772843167755
13.317460129287099 1.2986440675501996
-10.422105288618052 9.129738404952864
1.4075960083478058 1.7721923902840082
12.917035753234671 3.315393929289833
-1.8422910591289348 -13.936634461723331
7.002546274158249 6.948782234160239
-6.176893073918004 8.604100848025588
-4.751546802977045 -11.96419703114665
-0.8353360047581604 -10.11848503708304
-15.8096259895682 13.04215263089662
4.494128627881819 8.055759664101664
9.614390434286694 -4.102673810342463
2.461487146568489 8.371167257791635
7.4775704888455525 8.964844783922654
12.151647714710695 -11.14355679576364
6.6224139953460135 7.693131429961879
-15.13010699102825 16.887996647337165
-1.868560099717829 -3.1771427092060858
-4.347116614513963 12.42562804749867
-14.699345087790233 13.727179187800184
-13.865689807709352 14.180608219328116
-3.1032625990299483 9.178920782534473
8.032154455545346 8.470656227245547
-5.332821708441827 8.126143650413749
-4.711899688994379 6.131637239951928
-4.427520024315738 2.7037331414537533
-14.397497353598771 -0.46556699582679784
-3.1810931781735747 -8.878140174748784
-10.984759229778973 13.413785396846539
-1.9995580828566548 -9.273703189457834
12.45906025148835 -2.07885965368963
-1.2079972442069749 -10.246831320474348
12.735480438957985 8.175826311622707
-1.4372120790129328 -11.939728082225889
-1.6085351392870701 -11.58316282834508
-5.146089428099174 -13.06467150550107
-1.449354584853826 -10.243259141573443
-4.481220337498791 8.101187703366296
-3.766795037215285 -12.860290613703405
-6.97885023601296 -11.71764154454539
-2.515653868222313 -14.354063826052979
-5.052512220808551 -11.186851549980446
-6.95221049957823 5.713147475832383
-11.606448299683683 -11.395384892719125
-4.489620147144117 8.18577065847953
-5.16280323600584 3.8390354289428066
14.805519559349154 -6.666664433244183
-0.5235953924697849 -11.638698316988037
-4.974455291541666 -10.79079282961455
-14.614210629812877 16.832789419447195
-5.6253533430312554 6.79151255948514
-3.7618728493037663 -10.042815897727895
-11.055007281529175 -11.399962148244047
-7.427695808590483 -11.514271938844942
14.574587633692406 -9.304635488295274
-8.696767589628669 -11.364853617240716
-12.532209704225613 13.2323207037638
-4.569465840777557 -11.869404683869426
-5.952581976978082 5.792061475102519
-6.189939603320663 6.718557676566627
1.3493978736771552 13.169231836785062
-7.9794166695476285 9.708659729095217
-3.6791450993459174 6.996184310928152
-11.606567091390447 15.127377480581725
5.080490576921323 8.262985866986988
-3.7594073314002965 -11.628588865059815
10.485736135598074 -0.12925706758130673
-2.81689455582806 -12.5807311567225
-5.727369135341655 6.600572185667788
-14.290510736912664 15.355112253646123
14.12277033690005 14.63682732378707
-14.459940883491536 15.360965554697067
-10.825974581038277 17.82871486271399
-12.777926269810106 13.997646052538075
-11.153414871393483 -2.8975896947784427
-6.86155253811667 -14.279078446083172
-4.910237642575655 -12.073775178785597
8.143829216183033 5.191351964409538
-6.9208998396409385 6.171555292285503
5.908086538968995 7.006252658542732
-4.068819288100603 6.671144420147854
-10.643914671429373 -12.927133594108309
4.256336383396553 8.88414494298999
5.692044705890108 -7.1233649156434575
-7.559965766835045 6.964523404503973
8.327268498336533 -12.410629704262492
-0.27977012793945466 -10.032298243315916
-5.274710654060842 7.031871841365199
-9.2062403438525 3.7388174955894655
6.662096475322292 10.317747447383239
6.496352196431458 8.453548985450935
14.35639304422119 0.3671220340772159
-13.30262909918705 14.930165545208277
-6.256972679484323 6.208192288932052
5.472446760905906 7.605224060881474
-14.643592795466274 -1.8827536406714689
-0.4287428820358432 14.953498894622722
-7.39828705465121 7.431118531059156
-6.833029127696726 6.970374873021974
-5.502529854160773 -12.063523325278894
-9.588132474364066 -12.027209141666953
-15.207025935476446 16.264771906981693
5.902051271566719 8.820781029861937
5.522048174249546 7.362836890375602
5.753961737161279 7.566058081070809
-11.352170461389814 16.838000049667173
-7.898256158467111 7.897720994360341
-3.6651596246761238 7.6890170825746935
-3.9320048292093763 -10.644079745145165
-4.34969179461533 -11.372600467760172
-4.0119382564818125 4.214820626449747
12.712061250079302 -4.2573667945335
-7.9431971894301405 -12.50362046094571
-7.7392652989560675 -1.3591682595032175
-6.6879123206125275 -16.416392110566036
-9.472326328701007 -12.968030288055353
-3.0125536748228257 7.58715520498195
3.9206142725048974 7.832809885297565
-14.297235221944177 7.440871544807557
-11.360770224787574 -12.665567391678122
-14.683269347591475 14.460282251224351
11.269066340487623 -12.185151177587954
-5.578937065974271 -4.333970588421286
-1.5723323901571764 -14.79077517022132
-8.783302067582587 -10.687714501922875
4.143283680717815 -8.149237707794297
-6.315370496437243 8.935586518547304
-8.461988475576986 -11.8784254079613
-14.017035238591948 16.62313319727857
-9.488143226330898 -10.970420470020157
-7.149031226146727 6.63223279758107
-13.581349310845363 12.17700308271866
-2.473805365123823 7.863830172121281
-16.030064277759948 14.422763750625007
3.3336142714677037 8.82197437907999
-2.926861312873982 -15.259784248560184
4.252592371206525 2.9089889769242987
-2.5150547059662287 -10.666752556580667
-1.2242688191372033 -14.012330661556202
-3.840318720365433 10.21317960657407
-12.598237710940646 15.197871484597686
6.622905084503522 7.195071536753169
-11.189068932098374 -9.50794125387516
6.0582281907770605 7.335494205191828
-5.630873113906643 8.153835645765346
-8.839806750696365 -9.593059408360894
1.8417020496907952 -0.13919338302100215
-13.211689166674471 13.391211851621549
-13.237998540915072 15.883367404582998
2.7387692831087507 9.333164226306625
5.438360267860184 9.199052241004804
7.783700782109962 10.90688678686675
-5.726679365558449 6.849666840124919
-2.7098210439169366 -9.62077118697278
6.062081579835802 6.3163658691533
4.753681393280121 7.780564758423415
-6.438111608899716 -10.790848777731133
-11.107961102790782 -1.1272537657588284
-5.067156430066581 4.998369846286035
-8.632302513222344 -7.0731305552509
-6.182099929717877 7.86453725944666
1.9478588418871858 -2.115845217242299
-0.5565061414548982 -11.293924185123787
-8.411983812083065 -10.029974335122528
-11.409866432952665 13.86965937137835
-12.852363785270848 13.63865149291173
7.296114303604071 8.46656829231364
-14.91535091969093 14.238826327737359
1.0014253617680247 8.35521602385149
-3.681229007221833 -10.89119423735671
-2.086507733888599 -11.469321394230766
2.8327176647450756 10.541972835490768
1.5309161985693542 12.382950870397849
-2.535534756974986 -10.693355805493505
-3.778522098934783 8.870985490575388
-14.8962510268083 14.399788866903933
2.814748815273736 9.899873106196097
2.71258245891395 -10.636116198982993
-9.07517078636682 -11.542814278443077
-1.4007152186297211 -11.55119876404781
-16.177445885407003 13.440518454631697
7.981331558903993 9.028853774974126
5.4939278115303445 8.21346382964954
-0.6324050387341948 -10.302756082868942
-5.686412453561555 2.438119610067151
-7.805546756736439 -12.634793799750963
-14.190722930926425 16.181339203861825
-10.160994881929243 -12.23629476892517
-4.310135866103798 -11.79591348852766
-13.064313432901496 14.102927572300771
-9.173304729297998 -12.258514832955344
-3.9644215850263076 -8.91214292999149
3.552275329471094 -5.887165971017314
-4.185062407666155 8.939196911207606
-2.7683057658359425 -10.308413177720771
-1.9938769787123354 8.005837942806522
-1.4629615329204502 -9.73836000516564
-8.280377730411857 -13.16924553888902
7.172834969169483 10.073365306184293
5.325767374115922 10.317255841826654
-9.149547874947192 -8.538042184036001
-4.821680979479782 -10.3643737262035
-4.713169441434214 -9.159319150970344
-13.909608198387433 -10.873842064467583
11.083872574435631 -6.062219020470305
12.217981826794706 8.558793944491253
-1.5699730991984235 -10.54923987746301
-3.810956150272264 -9.68978076180623
-8.264376883117542 -10.241186957747841
-4.750043977451147 -13.822082655713201
-11.71619665665333 -8.984404917953102
6.229189344138939 6.884450534325077
-12.115365706827987 16.07166628325455
-6.6752856024325835 -11.570951792295503
-12.705970314339144 13.664679404446792
-6.590798102431609 -12.912910585799578
-4.111409957926898 -10.922094594742326
-13.056622855478878 14.936630717682366
-11.079755547964947 11.522704505739142
-4.4970735220260405 7.784793912430282
-2.082795990415194 6.758005548483345
2.8770528386748686 6.463547176837215
5.34933738761395 0.699054680813969
-1.9295164403989058 -12.566794299722226
-8.94934613637775 -10.274755323618592
5.2535721164511475 9.532865698518235
-6.987960672221133 4.865584610114788
-10.032982035365265 -10.542523671227498
4.917028166870394 8.974378852241932
-14.46328855770738 13.948062902593254
8.684193845836326 14.046013413756697
11.98339379389989 6.022900830947101
-9.534474969579792 -8.05381122672242
12.628858199388652 1.4646067517086259
11.025459767091348 -0.5995765505545325
-10.098732247322443 -13.027933620200184
-9.579572074866343 -15.352314958513
-7.422670806891865 -3.988792176188138
-7.996133437966182 -12.745599880628681
4.600432332410682 7.503769761642884
-4.764704960883751 -10.057653959352287
-13.12125538934016 13.872128621225242
6.208649520915872 8.109391083124029
-2.6170972415204257 5.943995019615092
0.9999021273679549 5.036501176769082
-13.885754538364944 13.531693088444678
-2.506088647150662 -8.755988384366894
4.6947957532404105 6.126764073005444
3.50547542273197 9.381256108323685
-11.616901870053134 -6.040954006928793
-6.582322936396877 7.565623848610564
-3.9454957668105424 -10.015484526750388
4.62287612550574 8.227678697412461
-3.354490751101136 8.515679910182499
-10.178858501745584 15.040052009313872
-15.405286089622205 13.869565741548836
-7.116990310529257 11.931286945675819
4.1134858699845696 8.744074948381028
-4.837161526793102 -12.23340844108285
-9.405360792907585 -12.011279531779316
-14.280873889381416 13.12974294439956
5.995609414729469 9.359102279699977
-5.326862999122305 -10.869794264177992
10.266785221006533 0.7761900640367703
-2.178293985125086 -12.548039297507597
-3.771302999452335 8.922188518835059
9.035001790195075 1.3646815708522801
-7.355108819784453 -10.452513961956175
-6.349215215617415 -13.763787760489658
5.117360989312349 -5.7553108192585825
-13.17475291601281 12.189151586374289
5.4532280518096465 6.4415817274122205
6.322135595864828 9.049393113736848
-7.430126117514732 -12.239551073790983
-10.40307022419269 3.156835056746111
-4.749917573019951 -4.60953259379378
-5.4804060017899205 6.27387999753573
-10.194404947916746 -11.243576216605174
3.2727351366269346 -0.84156157077045
-4.722777970680067 5.478274999997588
-3.589827628348431 7.87552283262373
-3.4526877737437376 -8.47281519908834
-3.3164253590763213 5.039726933866804
-10.633623594491425 13.703132327235073
-3.6124109095210564 8.21082740320196
-9.14950644783536 -10.92407147945914
-7.641217126986901 -9.911056842859946
-1.2202868748254323 5.964495447102493
-8.783524112549383 -12.893417299793633
-2.898903087168745 -8.80600840275211
-6.928555838844282 -9.508419279275813
5.0156041762965735 8.323984258713573
-14.780758025943342 1.74694236835861
0.767361120895746 3.9276037995667465
-14.795801837713597 15.653526741397139
2.4173262218424467 8.64437604971949
-14.819624264769715 15.103731676856007
-4.5723253198931015 6.517084151631366
6.2556546675392095 13.069537986873883
-4.928431122732704 -10.707412686722282
-2.9561970764462173 -10.339589796409912
-11.277143123773993 6.84647213519569
-15.25934708235167 13.89419873823948
-14.551653284067218 13.449503171196252
-3.912011093054147 6.023081976962948
-11.433437531162129 -12.41093001436201
-8.093918603954277 -11.82211362881589
-13.66480471617772 14.868312746416043
-3.0154540548603377 -9.56160157056323
13.71327511799175 6.252997538831547
-9.469132911658845 -13.177455786651276
-15.123593866015023 13.412055427454295
-5.2475818208278975 8.267395459691365
-16.466135225256032 14.21964206596889
-16.23676788646393 11.168524898628366
5.53135966061698 11.28499995302019
-9.251422748414791 4.226372286623288
-5.11885962842488 8.121727946780593
-3.950914927481179 7.218650208836244
-7.368798896461386 -10.451704892071557
3.8752244477556737 -10.743194997855888
-10.715666011151072 -10.865278752715472
-3.186626172685352 -9.439243310533435
-5.526988548674535 5.589828680573099
-2.375884699867867 7.06108513738248
-14.991236837311718 -12.697540400482374
-11.163763780868091 -12.449317850230695
-6.061082506775984 -3.755947686762008
-8.90000225323239 -11.042468663271599
-5.5483923132964375 -0.3010273483429273
2.1704049928035687 -8.850343294887708
-4.772490906929147 -9.685139388975296
4.928164540031507 8.602792971796049
-1.870001838613248 -9.78976742646829
12.16984937736052 1.7463158849021916
-14.841096652800063 12.379937649438995
-2.5087242626506425 -13.545113680696648
-3.414339146568361 -15.219062014342695
-7.429340908695459 -11.27553015991154
5.328853422754548 -5.962158917068814
-5.016091516469145 7.304342744765141
-3.083366747929259 9.323821877618347
-12.226511292234663 13.585473670657752
2.5043496438328483 6.14545509221986
3.9230873877313073 1.8720872561497366
6.6663823210146536 9.663057306570026
9.993453375372901 6.495696416151186
2.1857492413701793 8.987679510957387
-14.937032439345915 12.410127735749516
1.3924785869092489 -14.679280611659504
-2.6691965767111814 -11.376113745586604
5.827821743774756 8.379266992182423
0.555214710641911 8.540434562729715
-5.62507987784472 5.931392502701689
-7.4604011138207404 9.059320656772414
-13.37282851314266 13.525308746792351
-13.54789219657983 16.642413269514662
-13.606471057679448 14.458578340328572
4.155041188992285 7.57816995387379
8.1425720649171 -12.722086359459828
9.012398291156554 -8.232967658772953
-4.927599447916846 7.342944038348622
-3.2852511077662476 7.467636847873463
5.288079827429018 9.63458878258667
6.2658923755048725 -5.809456799026378
-7.283239948509844 -12.464963538281907
-3.5600690308572025 -9.922013618499724
-9.032104956091347 -12.817255165536594
-7.457925429509299 0.6509070707511846
-4.526594170790513 -9.893924887729554
3.0467674430226532 8.125652327351869
-13.020894308621761 15.401255335467193
8.229218676662423 9.51496613023
-1.8064177898152067 -12.037491513399948
-2.543790099872551 -11.735318947980563
-12.169635122014371 15.545371166167287
-8.418838803226983 -3.9174807829229987
-7.176895218938096 -14.744438301717203
12.301166946529182 13.198014054912484
-14.472666101022664 7.667508826685683
1.5081632793513213 -11.897657968834736
10.197322111900924 -13.330151313220064
-3.713185594694201 9.977215036929296
-5.974575073824087 7.5906314811478275
6.033050657063664 10.28593735593266
-13.278776622830085 18.772307822835806
-3.161931063975973 8.278077198168443
9.138103165802082 3.0382708418143167
-3.1161092991483823 7.118784997407632
-2.388864334655968 -8.195763315437517
-11.397981394503775 -7.802471411450591
-5.9318004988416835 5.575816008509533
-5.218434929462232 8.162879261712865
-0.5171720464102485 0.14284216067947142
-0.2759711117020536 -12.553373606106653
-12.186407038708099 15.398514547871848
6.72271202033532 6.726277742687527
-14.189068135705774 14.662975545538568
-8.606413578673035 -10.596173138634386
-10.577441023600489 -11.494593061098891
-12.401014253862714 13.625487809894736
13.197880032430575 -0.13093004510811035
6.742818029369308 9.50705208368367
-3.128813826590317 -9.751921345989052
-12.90699707535958 14.337237172955847
-11.79789028356275 -14.066046965567487
-8.090580041335365 -13.107724486872664
-13.759538521254026 14.258598263891674
-8.778608417300306 -4.51687866977198
-6.311736098153959 8.141492056762912
-12.09758825963451 13.519699676183931
-1.7546216936153143 -13.271912650312379
-1.0667963382399965 -9.935633552285992
-13.39187501615721 15.967195862416805
-4.132132446244161 9.930564605611892
-13.232097931484661 12.819887718454217
-10.403713173819517 -9.544936853259859
-4.419804681420487 6.734819264203945
-4.195209919335958 8.40680046222793
-14.29658573924526 11.246007190969026
-11.730888880074014 12.716451858412011
-12.57334721903716 18.381371009322983
-8.70883659831753 6.461134126378871
1.381164360704374 9.572822307219248
-13.97666581331933 2.6951376937953597
6.933109223669787 5.826048630883064
-1.0894144608899743 -13.425112794724003
5.587083798939784 9.873195155417438
-14.06117919144338 -3.611236600221737
4.4936286631931255 12.43089721108015
-7.851771217055908 -12.37227716888012
-4.339075959573244 -9.094888244913372
-5.317381997089427 8.987475832485787
-2.065065958797902 6.607315860253371
-3.8763006587312177 6.563134227656732
-6.137955791242431 9.28779018096913
5.381634365823641 11.724174321133372
12.239817195781448 11.648057493505313
-14.251353284970566 15.147531586861499
-7.311668061879157 -12.578989806536901
-4.797041391263528 3.614489658874116
-11.731047064246841 -4.210580744696864
-2.6733123751775647 5.520289386552204
2.1952922500981806 -14.964194994142943
4.203259043780547 7.875965219044458
-5.0865450138568145 6.998270850308344
-3.1105263273122414 -12.675131347427829
-2.1240595200131334 -8.9462553766623
0.7531187196251512 1.93921377535316
-4.398536490299344 -11.633146241861303
-8.876954438590072 -11.402778694580318
7.036456006308793 11.247807878420671
5.5772478461417645 10.940285566369765
-11.890872364441181 -0.6528454652709321
-2.4533935781908847 -11.249544406209514
-2.0010989886614183 -10.467817752489553
3.595300962439854 -3.7532785777043376
-8.536640854156229 12.502418620099437
-6.702150941105307 -12.445179281615653
-13.910436856716494 15.266710225798805
3.0855830317628765 -3.6823821536638555
-14.742727310393201 14.295840439063056
-2.2062423149873407 -13.980886350304802
-7.240178849144999 12.647807123004515
5.334077339679405 7.781054529909811
14.43778057173363 -13.60385241128055
8.895032067657784 13.188506243287502
-3.2996107098235647 0.895217766385592
4.693139851101326 8.179616396650752
8.237250486812101 8.950194807770778
-1.6936735450618279 -11.718104176394696
-5.631820183583391 -12.288694031865614
4.770537184083802 6.612145986043394
-13.289667237468127 5.697163260833545
-12.599382864205287 15.53235610726446
-5.671353600913294 8.941766339793306
5.390232293950374 8.609064598144581
-6.43663466274236 6.8269734568728815
-1.7721016950808939 8.320290427417664
-8.255923350610807 -13.743857268686876
8.055859577448748 9.115141806967209
3.866043554579705 7.97524416500638
-0.31851540987938165 -12.351379876230752
-6.022590351648805 10.455437444793915
-6.17400067254259 8.996489633367261
-3.9104173896484697 -10.547564977415181
6.849467456611585 -13.355431117097435
7.2634186513670915 11.135753884282714
-1.4331579940481571 -9.768519850168978
-9.906366120338348 -11.029563386736745
-11.045695902340205 13.692925443532282
5.334454765382038 10.166124745620685
-0.06649653377429665 -4.345170060286087
-1.7584928652546368 -9.880005712506156
6.72352021549718 7.21972024225983
-7.798054382648921 -11.189956930834187
-8.437342526523839 -12.131469510278052
5.8030666089999245 6.697464570027352
-2.300401065952221 -13.487942140465641
-5.130101311550373 -11.175409541054158
-6.731348923907455 7.891777972003148
-14.15887059853653 -2.0388517932729844
-5.4614363603824065 -11.845855099105224
-4.32249796638503 -14.078625088804179
7.874749854173317 8.293759345545942
5.009797370750428 11.247227131889773
6.052369194255684 7.712715606390182
-1.3359404782482431 -10.287630378082715
-10.589887473776962 -12.972838856672158
-6.606181887903217 5.638168116702037
-6.592594449895137 8.351410035370586
-4.509143196476347 9.280559611343808
9.808099156082015 -8.762074863498484
13.62556867668195 -14.063340074903572
-2.779702617900495 -8.581124235020738
-4.35154537253344 6.421581987826264
-4.021653980941397 6.804403769934768
-6.825350872982109 7.787628323811614
-5.15091479029684 9.584149318286098
-3.3679399614511727 5.703279580860532
-3.2143501426660603 6.03818564568923
-8.455929616427733 -14.634311381001023
-4.058506406735884 -9.375956563586147
9.879009135030074 1.420212963721756
4.212125341910303 9.629416804349647
12.34310023438968 -3.919491644544408
-6.555166585483565 -10.9995175711436
-13.017717740947788 11.424158527420424
5.98888528820769 10.204574212122798
-15.012500331379142 14.133258577598578
-11.704400512954635 12.260357450412258
5.747701744220612 9.915694117565018
-4.335692061620594 6.311397136538748
0.5821861117576272 4.667544114976518
-13.839213094204739 16.73189528588791
-3.0845853331266175 -10.462167167899784
-1.2392745756156793 -11.705178543175588
5.851950746852152 9.021789469595506
-13.427996779206309 15.509213016417654
-17.282093981993594 15.583128232709988
-1.750513479010192 -11.395535772302157
10.440473512474831 -13.580255016308806
6.8523220906074895 11.03469475186084
7.121293604702753 14.45409295973717
4.027645781728611 8.997952655923624
13.572069650232034 11.053098876586962
-13.077816282414837 14.170004879202697
-8.645507429000316 -13.605874735584653
-8.287542241236483 -12.161617094919833
-1.8386244562798346 -9.30817447827104
-6.818177312956216 -10.187489699971822
4.817510439380669 -10.157205929411251
-12.187478673048773 -0.06490859507912106
-13.757537712881224 13.640753991242672
-3.2847508924394444 -11.783299516515683
-4.213849304212629 -10.51956379906926
-1.7558500616166306 0.0724270122804711
-12.909227237840657 13.524493377244488
-4.635909126376735 7.808452887922685
5.564184548753421 9.642383170549367
-2.918732013216722 -10.97506139305467
6.968525941032398 11.30946338828979
6.079195756423272 8.721009907607796
-1.9441107562776265 -10.712401524614144
-6.68454145086094 8.607244706959163
-12.667866193496137 14.3679670471535
3.132975283565788 -9.136719871772957
-10.888145141567396 15.920385961751418
-1.595016972208631 -10.537780975218949
-14.371545139929083 13.45119581544679
-13.18767305343407 16.860171806196604
-4.364743804161468 -11.373648926041339
-11.260966342609091 17.06674671031802
13.161131116857096 7.205840002275938
4.658282528821861 9.903663146184682
7.578248487601197 6.913349974047332
-5.853803305973924 8.331717648509718
13.700441791736264 -3.7433542381436222
-9.508039812903325 -9.68431612902676
-9.774211544790218 -9.869714450242839
-13.248156311491902 12.214387971046454
-12.248560516923144 14.262897128672575
6.67318414504301 8.85972841575558
-4.283813151543498 -13.506406845046428
-11.551130759791622 14.197703491735576
-3.467397339760381 7.512304808624404
-15.547489273814007 14.641816882498278
-12.282559057598604 15.357563207374712
4.613121582800743 9.089740701810578
-8.533345872783029 -9.989553831408951
-6.443362151450012 8.461375224386098
-8.88598377242152 -12.130782245078459
-3.830504137790362 10.264137075300217
-3.526937999005175 -11.512879794148198
-13.976335598777139 16.72840190705119
-3.4964165313045346 -10.254803741680217
-1.7978009562699808 -9.248107218980827
-15.47608510236683 17.297663828403795
-10.146361593070772 -10.949594435386985
10.475699060442288 12.421575726053941
-11.64423928828076 6.674451760271623
-12.33971203953437 14.538379323331133
-13.45975483559806 16.00062696261442
-7.353094568997446 -11.926187524483701
-7.4282715220853195 -10.083348229011797
-1.9106043281015481 -10.832670931886387
-13.029330286490488 -3.887502779712838
-9.873203581126075 12.179394405099357
-12.938004838671041 5.556680946949683
3.875564706198146 8.815711306138262
-4.471895067387783 -7.850009131339158
-12.684218246418407 13.434907413695253
-6.433992408165964 -13.596977218409194
9.443965018814346 -10.785725364465794
-9.817101339750032 -11.160571202387864
-3.485059980920928 7.245621051128099
-3.8293862788436868 -9.83560578235661
-0.7481533177152695 -10.638428680665845
-13.641472862851508 13.72793102331806
-5.787644771433484 9.058412591721234
-1.452304444010295 -10.241104142577445
-9.772918307392322 -10.443735197999239
-12.27859468966166 16.21886598903884
-11.515294784619243 1.2101672193081505
-8.529554223846395 -10.322846273070311
7.941980235139535 14.860482015845747
-2.9049370931193614 -4.319929020916117
-5.854082409214967 10.074605665293173
-6.390137955441023 6.32931509557733
-2.6431183550108384 -12.230521835979333
-8.69010604674171 -10.908421893016348
-13.79292390983754 14.866918271087483
-1.517304618248879 -1.948125624583044
-9.610926317394258 -8.901878329924251
11.636785407993642 -7.281135593805984
-14.662551142394861 13.069307443380666
5.327652162791282 7.856310017865649
9.897104489557321 -3.881358814426104
-2.2314547705719807 8.09654223765671
3.487361144887452 9.094242400301276
-6.842527112633224 8.002610516269506
-5.365966715294895 7.059159730486215
-9.47509345800864 -12.80973120169942
-15.611988047498766 14.494736414942436
-13.740307644354923 -13.701973652019849
-13.972724554124358 -13.60380871766894
-9.673909204786467 -7.420101043402113
-4.937326527842985 7.40514870329457
-12.575709520709614 14.098407648212234
1.998044386513218 12.506525025040226
-9.31533019546626 -12.717094801745098
-13.623158138676775 12.87505686118924
-7.148824778909198 -12.265223325651663
-10.12183363064321 -11.243956559067367
-4.653075881366557 5.062832515075435
-5.023545731253321 6.031285614374641
-12.35031148970382 13.24259462559442
3.6046808897249027 9.681008378393166
-7.538898386983946 -12.61791503579612
-9.44139414906276 -11.365642931383736
-6.878629184917646 2.9654492539000863
-3.6529553898905496 -14.861296869410753
-6.425400309589653 6.264465168255421
-10.111462212928698 -12.452083234265304
-4.925298165135906 7.466355553904114
-13.25265383950475 16.851613397379502
-2.3588047167105706 -9.168529842527919
5.075191627347753 7.587588038961849
2.503331671972969 -13.38846714223335
-5.231480571005774 14.181405446774779
-14.34446031572268 12.899954241771225
6.1867557532479935 9.464095616126919
-7.44606733614422 8.968235818503672
-8.137203804813641 2.8491882590098285
-6.056208207711342 -12.451441809267447
-13.68566095006572 14.355887652553312
-11.483467918600468 13.613312179394741
9.256483242599476 8.561666595089111
7.116172217879612 8.246988539423208
-0.08478188139625509 -0.8146241616452183
-8.29323286895411 7.242199274769795
-3.530184986638374 8.265682338357514
-6.871525553003847 5.3162123868631195
8.48700102902966 -7.926859372092534
5.088966628537747 -8.86487972449917
-3.795184810280469 6.123926082335919
-4.579966272715801 -9.972277631979303
-8.085518701533609 -16.004676616324577
-13.241660093873367 13.989778437521402
-3.601564404649716 6.9731549713289045
-7.196962190902049 -11.620935072579124
-2.4661656209219958 -9.97027128736572
7.007732030381771 8.533229937595507
-3.9607667061921603 -10.668575576868363
-1.8373180983742081 8.447975079125381
-6.858518499934858 -11.218333007533543
14.469982740507596 -9.007227191351475
-7.073294428200553 7.19128644533091
10.614112046757807 -2.7481144289449695
-8.574140268756619 -11.617784116747702
13.71278636018064 -8.219356970882428
7.415244596977056 9.012101098123114
-7.608680343895039 6.623621258444627
-8.611043076176333 -9.50825156433536
-7.97686852668601 -9.563184740712728
5.258258610813866 9.247519591487514
5.695424488594817 7.743793768848845
4.281796588227974 8.405545842946113
-14.095856098041438 -5.716291591088092
-8.442145618414383 -12.955639662665181
-3.174066532134307 -8.59529174055157
6.31060035037827 11.033295854610223
4.72893571654325 8.261839892065272
-3.665261059020717 -12.567145331640381
-2.8365419776621836 -10.312982611812995
-0.6501866268933032 -10.164624515338268
2.9026159876748694 8.113181651433333
-5.167845373735963 -15.027100805420808
8.416626151540179 -3.6983685422610044
-15.066104018620162 13.230188258468294
-4.102652563956941 -12.298412267433825
-12.919448188412803 14.374856533661958
7.0438592083752205 1.8286784651186956
7.158931538686215 -11.736138265719589
-5.821545202751997 -12.146122464638824
-9.154701206255618 -2.726589455060118
-6.40574583767295 9.049935036462998
-4.743120146455027 -10.182287473576713
0.33498208692734543 -12.417621599705573
10.693866244361075 -6.979429565384168
-13.576526960772807 12.86109349410018
-8.360330276757683 -12.502182410466691
-11.410285075011478 16.131118614599227
-9.22678285532629 -10.115851826515632
-14.945798068673898 17.589979619882513
-5.932871512958144 7.077487200649909
-10.33448805794419 -11.330401457399512
-10.24238545043595 -12.184661613737726
-0.8423736652206388 -10.43310619190635
6.752579539775988 10.402824318609325
6.6011734293255735 8.803751229782852
-8.878535503468282 -13.562349472691857
-9.299181808540654 -9.210628887566973
-12.550121974487187 13.483124751075309
2.767815952096306 11.395342702004992
-15.218682405720669 14.349005987847857
8.64106803509134 -12.753309896814525
-6.021683395967569 -13.664774040996218
2.5871957688046905 1.7518742531961706
-12.87260133298803 16.171671948171443
3.585093807146106 8.640966343088683
6.813673247574453 -3.1609917275283
-5.040486805188465 2.2224566939912727
-6.520059628970062 7.961242204933172
8.706695445208236 -10.92638190266118
-7.880729206942024 2.8942170733747723
0.5717721898276569 -4.756131080588309
14.03953599193525 13.647897678039104
5.219907640571106 9.33185209043226
-12.002572660218558 17.602165793136194
5.715227661564409 -9.478192911931888
-2.4616023345597724 -8.744277429031033
7.802719315998946 -6.807689542483837
11.533599778506904 -10.723838180180097
-13.05459052762098 1.5023244329693561
7.330920810143963 10.927354176518577
-7.1719876374304015 -10.605581711318008
-7.9874460131798095 -13.799267751028006
-8.483786685642244 -13.640307240097428
4.2273244266598935 11.177344787097958
2.1987659015808063 14.63746199721805
6.144513350006967 7.120028492475143
-2.7722183603120123 -8.882315943528337
8.123168361138024 -1.1265484113819095
-4.714350024479874 1.1047484879470986
-8.030263817393312 -13.980300496588889
-5.613393009479818 7.779312978918506
-11.794602999198066 -12.877539568091244
-4.297019740503828 6.313012952163405
-13.960866941928233 14.45105531617587
4.049095950674591 -11.252240013483888
5.181798492833014 8.750918637290798
-10.847545352504085 -11.025687622203867
-9.703866743262592 -10.867026854192286
-17.033321187241256 13.963086023868915
-4.7210004829540875 5.8920256199699725
-3.8759578489020736 -10.472651839057528
3.4100269218120784 8.742081892691536
-5.907563742661474 11.177475097521626
-14.063944505424134 17.477443959121405
3.452507772122301 5.924211994820058
3.5553759557184317 10.762487602181936
5.585645817238488 7.057300163010813
-8.682802093233768 -10.98003857842023
10.331644948619445 9.234497345492475
-8.427057116547394 -13.06994438948177
-4.640724917563707 6.5314385384955855
-5.448512605372974 7.496722238829814
-5.061616975474657 8.018675368612605
11.4064551733746 -12.848413872183801
-7.941767187777407 -15.2114281427665
-5.331258971506751 7.806259292190587
0.7067904917336527 0.39426430849206895
-3.00015335580887 2.8041986587073664
2.720270653956784 10.109776213360561
-4.89385965490576 -13.49918100788867
-9.306519149125311 -14.08868957769685
-15.473221511420352 13.688237827515026
7.969054648506673 8.610787175838325
7.673845432329445 8.04918171038812
-7.612663349692173 3.0469965813169537
-13.64270937607569 15.292353265173137
6.798236253906578 9.698548268925382
-5.450841227196581 -12.570096101792453
-0.29119626478910554 6.820994258307735
-0.7787252642130642 -11.00187351366729
-5.015721519491857 9.2736274413455
-14.070051925891857 16.744469191941434
-5.419304136108167 -9.73241223958134
-4.2797164235253184 6.152412159062538
-14.809514317815522 16.562740278301437
-8.91754748655019 -11.793482643383271
-6.090954106380674 8.667490158329464
-9.339980132917493 -11.237665210449126
-9.169686390399338 -12.72633232143943
-4.197497228309557 7.623599956849999
-13.238340471558296 13.030907301283467
-14.405444966098536 13.245715549203153
-9.235777871146626 -10.065943898321954
-13.194002121382594 14.195697896190135
3.6776512937616634 9.955003383088739
-4.493621361713917 4.687295082971421
-14.956837673467666 13.28344356234511
-9.051694029989942 -12.596489089632772
-8.402000754631587 -12.207612130001692
-3.160499062416206 -10.890979771316164
-14.10515048391134 12.29461474784173
-1.9603184832355245 -11.3817527474526
-7.119742565120028 -13.008421957113288
4.0443592806963515 11.474140753561453
-1.8229731015302393 -11.974523907374682
-14.775157874107196 15.934150536630737
-2.962567042849648 -10.601893301133293
5.52502016919035 8.640372832404893
-11.736284827719507 17.396630997121058
4.666857076954564 9.499585887333176
6.605005180155196 7.982304556870092
-3.177601573977637 -8.205259640867986
-9.3735021641466 -11.782709099635559
-1.1173138981669486 -14.0938468226093
-13.137951169849659 9.73475544416888
6.285419870348312 9.69491629019162
-1.8581750881462673 -12.564474288170242
-15.267514878219474 17.86820490183341
2.0808928776682087 13.081349000983092
-10.888028472291698 16.119583533205105
-7.830149493794638 -10.740318927094865
-14.390953512772233 16.035110177735252
-3.800261596177525 7.279940537621769
-14.615266882716572 -10.98611259057786
-2.792409713425806 -10.782113358211307
-5.851717129299699 -6.134678995601988
-8.124268668321095 5.544146375633257
-5.826556721057212 6.771521113818156
-5.454574963139589 -3.694396567867976
6.260414971416926 7.177722691695025
-3.980223737041323 -10.765163292880537
4.4404741243751795 8.752068034786943
5.283247396484246 3.26976546847278
3.655760829153633 9.600329545065819
5.804070498029789 8.342028534186511
-9.414440441352724 -9.63861726173781
11.973198413585823 -2.2965419489173637
11.40921097164161 11.002161531656377
8.337546596293755 12.067090961116499
3.779337309830926 9.313291145408005
4.292710138078908 6.898441820797084
-6.429482086198158 -12.53841534229757
4.217873209956823 11.398580278786794
-2.8568045208787582 -11.621837994372534
-13.526445768788184 15.8168869786802
-4.611589957611976 10.243498373753871
-3.2862635346770728 -9.973617336771925
-2.6726833838997326 -9.640300836657998
-8.378169307086173 -11.34898476244622
-13.33200361315077 -12.824331218470586
-9.201301410154706 -12.373334833471215
-13.188729938424819 13.715486623535861
5.780134142367027 8.018475009012574
-11.91410971152767 -12.001837862248033
8.56440346128818 11.469994885206148
-5.4273523327646025 -2.5532989962931456
8.278782135414705 8.194634993606673
-13.633879059750543 7.381542363061293
-6.694701676997765 -4.787669872629422
-9.503298776395154 -12.243533059428563
5.1829232509999565 8.210985374282515
7.352571918903422 -14.214640824423972
-7.347291110413887 -11.329439683071511
6.403022636091186 10.327440363503149
-5.806017440604631 7.474415527694504
6.892577016450823 10.319314934091713
0.34116092772035245 -3.954792423730387
4.314198324128431 7.932618467698781
-2.3728426466571446 -12.1887482338261
-2.628245321260797 -11.9473467518638
5.181228694167784 9.92279216558597
-13.09828387123769 17.14766629929569
-9.325033152938554 -12.240245762493766
-9.211994621840294 3.926652218559145
-10.137456623431593 -12.06333664403732
5.445669459715114 10.316956326720893
9.944321522544335 -13.933354628767336
-2.631955462942221 -12.675640082237946
-8.661510170844341 8.23067486838804
-7.089301470358569 -11.439042995215583
-12.601099902897792 8.880588861648885
-8.108416870758477 -10.549147848361976
-2.9635503965847008 -10.684814601842007
-7.903071142775394 -11.382301384268912
-2.141517801579811 3.331739485995758
-9.588866739862922 -13.236407377496908
-10.923347233554848 -10.12537876586803
-10.785855109281767 14.98707960654753
-11.557612529301164 -13.852505508616288
-10.285061841212347 -10.465313951091417
-7.139034628859059 -10.351730831270682
3.526981463061091 9.939231566976273
-11.03471006270171 -9.909135765911671
6.4912284828140105 11.914774033111076
0.33433303473483544 -13.952469983258558
-14.757774457797519 14.06498071882791
-3.826659411106056 7.206558985397239
2.8387877688628316 8.377328162466103
-13.316727176953565 16.850208900858423
3.4398270392307486 9.358994045295022
5.977661863510458 10.08401691703274
-10.11540361556085 -10.45235791684011
0.6828140734933914 -7.504857355462228
-13.709144797151723 17.026917419743157
-7.308978821681043 -11.801826015519566
-9.764630116024772 16.697356562864297
-10.196922606488446 -8.458320612219454
-9.43090667212068 11.254457287897061
-9.745702289585015 4.8934272450505745
5.087768832663702 10.793759267485784
-5.273082486828147 8.654381340936148
-7.50327575941793 -11.128443885347924
-3.8341763164544096 -11.386797385912548
4.938409938084625 10.538992474726916
-5.371626091851774 6.593504859973908
-5.877636989490047 4.913103752407727
-4.146794523726179 9.271029134961426
-5.133219462887235 9.366322783775631
11.139916250677121 -11.444102614893744
-11.499256663064351 14.643513861632382
-3.5423270414670665 6.306435187426607
-11.520269263298669 14.460346508241011
-9.340600842023193 -11.66309207864007
-8.7666492824846 -13.791001184690028
-8.256559248757682 10.160087168949035
-3.3438233593316182 4.184479034041197
-8.821631923072276 -12.373656146538224
12.26298421384234 -11.070224750399198
4.108030500428987 8.154318367679473
-3.7366462401771763 6.268651347342065
-7.551569616313457 -10.85579720479834
-13.57617850881091 13.277869690646614
-14.027135173701478 15.777656331487156
-3.19353960255708 -10.899376357468773
-9.802861165180651 -12.597388257778274
-12.545707149291742 14.156021378904063
-3.680182368737664 -10.750386893927761
-2.7930851179972374 -9.176081976169101
-3.2184738246967903 5.682629150468266
5.373027404817608 8.85296547151806
-5.75609956814575 -12.176798958536112
-7.07086652363267 -12.15361798907378
6.723792170723491 8.518730248511277
-1.1522941229606896 -13.489879878641805
-12.932521316782688 16.911996269279683
-4.3696035783675455 7.047310686077313
-4.558225164426679 -10.644216955804817
6.446724558739955 13.598249935456998
2.9056676987672234 9.242592736429398
6.748180667685414 -1.4546407784945181
-10.920808327617916 -11.31156697138547
-3.57443564485423 5.486958282541614
1.8513368231708398 13.236360820151578
-2.352393452766406 -9.779000571489
-8.971605425385022 -12.814511635099546
-5.050497044289982 8.412350613639425
-5.285947891214248 7.287006148543874
-15.585680669259006 15.444514792696587
-6.854635186483385 9.007081674809838
-4.115722334391293 5.30740955778812
3.095732188681925 -1.877953010001793
12.640801180847522 -2.1730869503040307
-5.424208788121756 6.448218601355582
-2.6326565898110594 -8.245535061660103
5.756461607142785 8.30723927904347
1.4679711030893152 -7.2634275583277255
-3.5511117389590376 -8.784192127074537
9.668120867891911 -2.0586753853315702
-10.073222036515915 -9.472584510430162
-1.9534009421519563 -10.667013037009358
-0.6511845921443715 11.514825064713563
7.850706039014193 8.348986318778097
-0.697799214826258 -11.536550354823905
-7.431809542946606 -9.736562310732575
12.074586996094322 -9.527391468135415
-7.1533106138156555 -12.006862313245731
-4.829972561777215 -0.05262344751915471
7.5203687727496416 6.536419243049537
-10.180416363698319 -11.37218609595387
-11.778425639496822 15.75780030206128
-11.580402796006293 13.354277989319892
-5.0304087214766895 -4.93328894561553
4.465056458191626 10.318936509504908
6.256769724151022 8.711718666412334
-14.739629638316229 14.60188794499927
-2.6668459457228297 -8.335676972690816
-1.7369055111563574 -11.04451837795935
-13.2614883932802 13.600719564011712
-14.743452515764869 -9.8322014905559
1.8909962806954788 -10.10785335784048
-9.628867230701529 -11.413883535999107
14.429863219931498 -13.049920669867243
-6.749650298557479 -11.877211155049883
10.515468187292669 -9.425467940781814
-14.482165136672245 13.32465622007878
-12.127681272352696 13.718879163720459
-6.010854320037154 14.990072190245243
