2500 2 5
-3.4296772418292885 -8.706778755670635
-2.906340321990724 -9.824221518529049
4.753681393280121 7.780564758423415
-3.142433482177632 5.0506540156083695
1.8185634014833845 5.580299704944228
-8.959061372399459 -15.502067945298386
-10.194573062520407 11.171017475602124
-12.248560516923144 14.262897128672575
6.3983950901777815 7.428576818938618
-12.705970314339144 13.664679404446792
-12.891911242260338 14.413553651749304
-3.2184738246967903 5.682629150468266
-5.88535108055111 7.918619681956587
-5.48337427381494 -11.611257124075147
-12.886309961089601 -4.142132566227833
-10.859649054410898 -1.6262737655541937
2.167611564836033 -0.7970705027397411
0.04809505936134428 -10.836444189307434
-13.576526960772807 12.86109349410018
11.314209887200484 6.591096452911774
-10.580346022011984 -9.510325321064183
-13.39187501615721 15.967195862416805
-3.315612601060722 -10.195654910485642
-1.595016972208631 -10.537780975218949
-10.060679062389886 13.518402722489773
-1.8373180983742081 8.447975079125381
-4.146794523726179 9.271029134961426
-13.555580075466242 14.37866906726943
-13.442823230419192 13.425479318841825
4.717162420442453 8.573171146194676
-14.190722930926425 16.181339203861825
-9.220292735460928 -5.167929112324721
-4.764843914934572 8.825869789451982
-13.885754538364944 13.531693088444678
-13.316727176953565 16.850208900858423
6.662096475322292 10.317747447383239
-0.3401621356576463 -3.839242493831369
-13.709144797151723 17.026917419743157
-12.931828782959027 15.936893002877365
-14.083822168509872 14.86715888680973
-0.6501866268933032 -10.164624515338268
-12.545707149291742 14.156021378904063
8.372258215575147 -7.151769434083283
-2.4661656209219958 -9.97027128736572
3.525296878564461 -1.8035626087306547
3.9821207614533116 11.224462807064729
2.1567692807638075 2.633650383918198
-13.649869202989708 17.235987140149156
-1.3246962024027966 -8.260652950313592
6.968525941032398 11.30946338828979
-9.339980132917493 -11.237665210449126
-15.207025935476446 16.264771906981693
9.674795180257924 -9.899053323557574
-12.115365706827987 16.07166628325455
-13.606471057679448 14.458578340328572
7.172834969169483 10.073365306184293
-2.4950484428358664 7.715432480231171
-10.185773958474545 -10.87851842965706
5.0588210193736955 8.48601537527827
-2.461127312628251 -9.930856212822192
-5.830086497763297 9.81674825511131
11.884994106964893 -11.448001194726949
5.181228694167784 9.92279216558597
-5.218434929462232 8.162879261712865
-11.726858556072612 13.169251949797665
-1.9295164403989058 -12.566794299722226
-7.554639063174237 -11.902216219173704
4.658282528821861 9.903663146184682
2.8387877688628316 8.377328162466103
5.064484770469431 8.21368273051679
-6.193121190781435 -7.828879611077463
9.202428572258288 -0.6235258525767247
-3.3075004429952237 -10.459675753176134
-3.3639604779994103 4.057149619333366
6.270063017037499 8.654296302913915
-4.132132446244161 9.930564605611892
-7.112584334296625 -12.554235017733504
-6.042504778718584 -5.433664179325296
4.983026091203752 10.847992448323716
-10.62390491486248 -9.453598671493822
11.891088822082821 -5.587355736611919
12.817408187267361 -3.082727120568908
-8.572822032799435 -12.954698984771559
-6.858518499934858 -11.218333007533543
-3.5511117389590376 -8.784192127074537
7.111499012537852 -2.1445616952312534
8.032154455545346 8.470656227245547
-4.714859579566381 -10.854317346733273
5.8132728808080465 -2.2387750425789825
-0.1704487538687367 -0.16512551742941284
-2.6314623758414886 -0.5161759098890624
-5.892558211182108 10.186019109154625
-8.505428846630688 -13.599562561335542
3.0467674430226532 8.125652327351869
9.598756758920398 -7.448627068872926
-4.757431862880809 7.594784264288084
-13.20117398121246 14.308664539106637
6.365062594508863 8.16965131934203
-3.526937999005175 -11.512879794148198
-3.177601573977637 -8.205259640867986
3.875564706198146 8.815711306138262
4.4404741243751795 8.752068034786943
-14.161943017596817 13.251130122970743
-14.841096652800063 12.379937649438995
-2.702928139918708 -8.5903529836648
-15.8096259895682 13.04215263089662
-2.515653868222313 -14.354063826052979
-5.016091516469145 7.304342744765141
-1.7417675305952809 -12.686826664663121
-1.7721016950808939 8.320290427417664
12.035073996140401 2.4887067289907705
-9.235777871146626 -10.065943898321954
-5.015721519491857 9.2736274413455
3.99591463816164 2.42124816507134
7.348380993659401 -0.6481837840239137
-4.960051856906329 -9.943206458971462
-0.966858653010144 1.8655485324240182
-7.283239948509844 -12.464963538281907
-4.5423935151258945 6.921286868542549
-3.399125715626977 9.485873514039397
-11.216131913585686 -14.10669807257699
-2.6691965767111814 -11.376113745586604
-15.293917841955018 14.77365801510489
-8.090580041335365 -13.107724486872664
-9.413260897600352 -12.67084777987809
-9.628247624685029 -12.427344471738836
9.024577690008169 -11.38014735409781
-0.03397209666906775 12.868478485195944
-5.689858000004062 -5.820355193444575
5.438360267860184 9.199052241004804
-13.865689807709352 14.180608219328116
-9.906366120338348 -11.029563386736745
-4.068478701434736 -12.909677665377508
-10.923347233554848 -10.12537876586803
5.334077339679405 7.781054529909811
-15.218682405720669 14.349005987847857
6.622905084503522 7.195071536753169
6.2556546675392095 13.069537986873883
-5.826556721057212 6.771521113818156
-5.613393009479818 7.779312978918506
-14.547216750153723 14.436253500365414
6.062081579835802 6.3163658691533
-7.38651243973322 -9.024785042489842
4.0776807044261005 6.347389051135215
-14.390953512772233 16.035110177735252
-3.0557296982367745 14.45444279455577
0.18879875073785035 -13.81984749088469
-1.4857934928806937 -12.963644058819874
-3.680182368737664 -10.750386893927761
8.106714072347998 4.3877747847299915
-13.369000537394083 14.632583585478692
6.258267495744437 9.677473993955159
-9.0128928845794 -11.357243398182561
6.600617371556962 11.6822718699447
-0.43591331369107955 -11.801598293068627
2.4173262218424467 8.64437604971949
1.9888408313005534 -11.742978699612785
-7.866476125969656 -12.957621304459483
-5.819180785045093 -1.3995902593507985
-12.946672581963139 14.317264609768781
-7.07086652363267 -12.15361798907378
-2.185642728683895 -11.445587974461137
-2.7594154187802484 11.595592568271861
-14.699345087790233 13.727179187800184
-5.29086270031071 6.45081930858403
-7.39828705465121 7.431118531059156
-13.322988975796717 15.067371121981212
5.5772478461417645 10.940285566369765
7.002403789685527 -11.3073136247605
-0.6324050387341948 -10.302756082868942
-7.1055573806174905 8.633405783986321
5.065839951790777 10.364665624528051
-11.655023708424467 15.206733389458808
-14.158977277953786 13.057886888323868
-1.1900286884156837 -13.052560008455353
-13.874564362304229 14.718582071264509
-6.252445687911295 -10.447801567051387
-14.405444966098536 13.245715549203153
4.217873209956823 11.398580278786794
-11.852582340476939 14.980140316924192
-9.772918307392322 -10.443735197999239
-4.9698555568885885 5.714666383326745
-8.012275445843155 -13.076833920638853
-8.7666492824846 -13.791001184690028
-1.645334062953744 -10.667747016682316
7.684878485803091 7.412988310633736
-2.1240595200131334 -8.9462553766623
-15.611988047498766 14.494736414942436
-4.461537950821503 -11.209860293793266
-10.825974581038277 17.82871486271399
-5.7509766386664145 6.781766246156682
10.195187326914166 10.061388264364592
-11.730888880074014 12.716451858412011
8.384285584572446 14.516368143230398
-13.619555896607823 15.375085606600795
-5.903549956108205 9.072562499823402
-10.885568896922797 -11.280192711461886
4.494128627881819 8.055759664101664
-6.710703149011452 -14.26446195965853
4.917028166870394 8.974378852241932
7.348938730063651 11.139498792518584
-9.253158915079005 -12.12000476133388
-5.424208788121756 6.448218601355582
-12.413814161512935 -7.312561036712971
2.421710087511426 7.376402042597771
-9.160916035341696 -10.021251417275947
-10.07928606064404 -14.087134544491017
-8.437342526523839 -12.131469510278052
9.640302367211753 -7.449398034025285
-5.371626091851774 6.593504859973908
-11.533226432528963 8.538810536885563
-5.502529854160773 -12.063523325278894
-5.749561546438836 8.319296888500489
-3.5344868818048494 -10.471706084405731
-12.099961720941034 14.389984741752244
-3.2852511077662476 7.467636847873463
6.308338896851278 7.823115792341317
-3.5268727372797306 -11.282800629484482
-12.282559057598604 15.357563207374712
-13.839213094204739 16.73189528588791
-2.5671029439432616 -8.57363093522405
7.224285033294585 8.260183471322996
-9.355559294631213 -10.289969302995985
-13.064313432901496 14.102927572300771
3.6776512937616634 9.955003383088739
-13.2614883932802 13.600719564011712
-4.364743804161468 -11.373648926041339
-10.157616242788556 -14.117806907850992
-1.2392745756156793 -11.705178543175588
4.72893571654325 8.261839892065272
-2.918732013216722 -10.97506139305467
-10.72180712902231 13.045335087628565
-8.606413578673035 -10.596173138634386
-8.971605425385022 -12.814511635099546
-5.573261315809183 10.221248090826823
4.386632788245026 6.919802927585364
-2.9298464419955286 -9.666245663770768
-0.30198428033028124 -11.979338323693543
6.72271202033532 6.726277742687527
-12.809608183360526 13.14492260739351
-1.302261252954915 -11.141864130115673
4.453829770462839 -5.6183562032960275
-3.1608123937493056 -10.181144606189571
-8.69010604674171 -10.908421893016348
-2.065065958797902 6.607315860253371
-8.427057116547394 -13.06994438948177
-2.3662274740561156 -10.9152602240367
-4.173962154180635 -10.901872800155536
13.86489427177947 6.660517020794334
-6.17400067254259 8.996489633367261
-7.379115013502684 -11.010935065478588
-7.176895218938096 -14.744438301717203
-7.882997246632336 -12.008957607346893
-8.853860160385082 -11.92057211657809
5.827821743774756 8.379266992182423
-1.9441107562776265 -10.712401524614144
1.879943262788231 5.58627183527333
-7.429340908695459 -11.27553015991154
-8.207278946058619 11.350404489733762
-2.766489861217938 3.0750667341793196
14.050491667423916 -9.171028411921261
-12.418995349731043 14.98439765152006
-7.253455779363294 -14.439526524639177
7.007732030381771 8.533229937595507
-14.96935205295335 13.482421994425223
-5.617214147743745 8.412809441601349
2.8770528386748686 6.463547176837215
-4.96098834524435 7.165951699388977
-4.574761563027871 5.951530963983185
-9.3735021641466 -11.782709099635559
-1.4925256844955301 -8.121967570129499
0.8483911214585547 12.262703011048384
-1.5699730991984235 -10.54923987746301
-7.093597885460799 14.821494443631877
-7.353094568997446 -11.926187524483701
11.622743431476074 -13.548982605410794
-3.844596904206523 -12.623626956302111
-6.315370496437243 8.935586518547304
6.255749716456012 10.055231616100526
-14.038812380757935 15.096376225922437
-9.051694029989942 -12.596489089632772
-5.146089428099174 -13.06467150550107
-0.6847492226419449 -11.938136561427523
2.461487146568489 8.371167257791635
-2.6326565898110594 -8.245535061660103
6.384905506096389 11.582596859633677
8.497653877091995 2.2102583537289746
4.472726289562824 9.606418907447603
-7.36284668459483 -11.116256806906227
-1.449354584853826 -10.243259141573443
-7.996133437966182 -12.745599880628681
-9.072822324221686 -13.790419867369742
5.146479166197288 8.566271961367413
-7.5330638844100815 -8.221034513115615
-7.104569543650074 6.743376624486764
-11.444802002627908 9.120860490889825
5.318626088986342 -5.204803598530258
-8.533345872783029 -9.989553831408951
6.892577016450823 10.319314934091713
-13.581349310845363 12.17700308271866
-5.5895640262584845 -10.20870925189547
-7.9794166695476285 9.708659729095217
-6.429482086198158 -12.53841534229757
3.487361144887452 9.094242400301276
-10.24238545043595 -12.184661613737726
7.427351734857435 -11.28478759956877
-3.4526877737437376 -8.47281519908834
-3.174066532134307 -8.59529174055157
-0.5777886331475219 2.6719956674911174
-9.032104956091347 -12.817255165536594
-4.199471277336568 7.238346158139238
-5.562335612555107 4.569827988144109
-5.372172049076224 6.022725955216301
13.935938149830228 4.218469384073927
-1.9858481474690155 13.44391041654286
5.518448905924524 8.94545248090175
14.157265354674202 -4.254610177151763
-8.661510170844341 8.23067486838804
-5.332821708441827 8.126143650413749
4.62287612550574 8.227678697412461
8.690054272813448 -7.656302905786726
11.650065242780443 14.602950574606169
-2.5958931827782723 8.43896443766917
-11.250700865201976 8.917677212259983
-11.606448299683683 -11.395384892719125
-3.0641931958533846 9.927444299109048
-10.180416363698319 -11.37218609595387
3.5486692732585254 -7.915228358652562
-3.950914927481179 7.218650208836244
4.288534447592715 5.950079221721932
-2.7681674085304215 2.1347292103132576
-3.148588526176026 6.582631129410254
-15.585680669259006 15.444514792696587
5.851950746852152 9.021789469595506
-2.5087242626506425 -13.545113680696648
13.925201085016287 -7.432314744242657
-11.778425639496822 15.75780030206128
-7.941767187777407 -15.2114281427665
-3.6569816926188627 -8.132476558861379
2.6853282689199736 9.22716671822638
-15.561705301151422 13.20706168699496
-15.72819793324975 13.852291578120129
-11.421874040821091 13.355833838432403
-5.254818189817531 5.914944827621595
-10.55785515183939 0.7664657639097161
-2.898903087168745 -8.80600840275211
-2.6733123751775647 5.520289386552204
-11.327510033848858 -10.601934778879325
6.378764579469006 -12.793813598659959
-4.74030637475636 -9.617428483874184
12.79605067613376 8.043644751487125
-3.057219225255141 7.109246451953737
8.391601987951397 -9.25655011078631
2.814748815273736 9.899873106196097
9.67817628105869 12.52553948373044
-14.91615114528983 -9.946883569560129
-12.550591182523917 15.193464608492082
-1.3229523359512065 -10.363169843044485
-13.512319368889003 8.030233901319573
-15.267514878219474 17.86820490183341
-6.3561574950058795 -16.317089242733097
-13.233236944101867 15.838041843078381
-9.572139523613266 -12.472949374728168
8.286547022320363 8.379481170680332
-5.238612385363908 6.935224762125108
4.16050360145935 10.20009407679797
13.927709190452543 -13.90184619250254
-1.3085041941047693 -11.853805175697198
-4.999860042650555 -1.2085451010022563
-1.8229731015302393 -11.974523907374682
-6.137955791242431 9.28779018096913
11.433903655034502 -3.8971958101397792
-10.888145141567396 15.920385961751418
-0.06547488167250748 6.33278256207938
-9.818706326484 -3.3558187711123697
-1.2242688191372033 -14.012330661556202
-10.920808327617916 -11.31156697138547
-10.984759229778973 13.413785396846539
-12.33726171346166 14.34398899031309
-5.986168150081303 -13.065169644656562
-12.422232874718027 14.540678511270164
-4.627117054324767 7.9519896331236835
-3.160499062416206 -10.890979771316164
4.058729213850603 8.535424244827032
-15.171217465765913 13.80561111703844
-12.370850215372105 12.76494752186518
-14.070051925891857 16.744469191941434
-10.304154484580323 5.401704989497947
-12.863817705079654 15.438620051059361
-7.11643857627327 7.402673426696114
-11.71619665665333 -8.984404917953102
6.56554562895555 10.643995215168598
-7.5630578930702335 -10.072357144541929
6.967380664869455 8.886903793819927
12.75843871236252 -13.46064160671197
5.0683522074943905 8.748964266559224
6.2394154699207895 -14.70963988075299
-8.574822722089033 -12.58056946099034
2.767815952096306 11.395342702004992
-9.469132911658845 -13.177455786651276
-7.381830579870616 -11.38183563749067
10.203217433827152 -3.4745175445806193
-4.893650042801195 -6.927578651469993
-1.1522941229606896 -13.489879878641805
11.921433268055978 -2.274452372772668
-3.68001310131178 -12.971358013890926
-3.5345622566264288 3.957967544384373
-8.694113065639016 -12.77746074864926
4.881482669930828 9.002266679562455
-9.132274873389704 -12.115668627850976
-2.856407289655607 -5.84960419228293
-7.742908553621404 -3.1241383053127247
-5.697608389308611 11.999119844795107
-13.248156311491902 12.214387971046454
-5.345233554779704 5.220272486679733
-16.030064277759948 14.422763750625007
-3.713185594694201 9.977215036929296
-14.645399491476043 16.12847117033856
-13.119437238050201 17.211933552081167
-11.240467269925244 17.092544218086527
-10.633623594491425 13.703132327235073
-13.237998540915072 15.883367404582998
-1.72960939161894 6.953215581232604
14.680290344279673 -0.5334502520841973
-7.413600688205303 -12.05081827156828
-13.556811322804268 13.258551941335499
5.52502016919035 8.640372832404893
-12.735819427884431 16.87000987793133
-5.094048916926889 7.73339345639953
-5.6706778691812625 7.543675548541209
-7.29177056286246 -12.421620321099553
-3.6651596246761238 7.6890170825746935
-13.238340471558296 13.030907301283467
9.018489175807076 12.485924374550336
-6.224658095965053 10.950354589017621
2.8327176647450756 10.541972835490768
-3.893936395592574 -10.91422413516324
-6.833029127696726 6.970374873021974
14.968370537175986 -14.74039411565169
-8.411983812083065 -10.029974335122528
-15.473221511420352 13.688237827515026
-5.523257687697902 7.852638899367344
4.292710138078908 6.898441820797084
6.198737533078015 8.586959012166785
3.6006435523783384 10.423400758173212
-12.099944256639446 12.00532149442192
-10.137456623431593 -12.06333664403732
7.2634186513670915 11.135753884282714
6.373330788494343 9.567300603153928
-7.355108819784453 -10.452513961956175
-5.130101311550373 -11.175409541054158
-8.074627939950402 -13.882470294688874
-6.644239049837322 5.513332328906903
-12.430463466187854 15.543986831359003
-3.7931514214020723 -10.302651048200286
-14.681374524403783 -8.32221805751576
7.415244596977056 9.012101098123114
-7.434353289820692 7.2902670716210585
6.496352196431458 8.453548985450935
5.98888528820769 10.204574212122798
-14.34446031572268 12.899954241771225
1.0893097303717916 -5.935409320756698
-4.246771883582673 -9.952350539576347
-11.704400512954635 12.260357450412258
4.8632149952366115 9.134229380801074
-11.79789028356275 -14.066046965567487
-9.472326328701007 -12.968030288055353
-10.87313726337926 -12.346790320149555
-7.538313526384989 -13.77767483935698
-9.302610210612091 -11.166664393693516
10.02833637831025 -14.109188050824766
-7.897402623088476 -12.274918340006984
-0.9069732584825108 -12.538748960614916
-6.95221049957823 5.713147475832383
-3.4140738788288245 8.610972557935648
4.663161395193317 10.544503916337584
-2.9178481272681926 -9.824723166682952
12.447128317363568 10.854939287203582
-6.050526735087558 -11.821034737804226
3.7110378352015125 7.6498300660688985
-8.188471478829513 10.859251102298778
3.277146858653051 -6.241475147674235
0.3143242937372186 -3.5813125771998457
-14.451782581659522 14.172359758106426
5.234343737977175 10.53593603602992
-4.698207390251065 12.499914376930356
-4.249357540923792 -11.645749522221788
7.331918777572216 -4.330335098547593
-0.643815275503286 10.4737992433244
-13.331920603775869 15.07407867668407
6.974751209016343 -8.604984527456429
5.448665718266121 9.258525199555496
-4.195934737239757 -11.574365712197034
10.779375154409216 13.292452896594483
-1.3427584458870336 -9.518878751650323
-4.0108330983608225 6.137055333388128
-8.888062459753861 -11.78408159545621
-6.572310591358156 -12.558439040535399
4.770537184083802 6.612145986043394
-12.578112977242839 -3.8353351179047994
-10.33448805794419 -11.330401457399512
5.8030666089999245 6.697464570027352
-9.183462692030984 -10.200451555713789
-14.683572394330978 -5.92867763723728
-6.881786169601023 -9.094151903607411
-15.531562909163533 15.908689533778062
-9.30571527136063 -2.8583734762724102
-14.695440485718429 14.392009102548363
9.820753365989404 -5.2318438715943465
-4.821680979479782 -10.3643737262035
0.9914635918732966 9.713609937960793
-0.5565061414548982 -11.293924185123787
2.485799400769121 -3.7302666240130407
5.444905800378956 8.026133536443554
-7.535024201784387 9.414045920695425
1.9685311307176292 -0.4097117652119344
-15.873203811867391 16.41034233405869
-3.826659411106056 7.206558985397239
-9.121029989061 -4.844056492339899
-2.173032781164036 -8.857891595838456
-3.569107571237113 -8.452472713614151
-14.269273257094131 13.87013274149946
5.804070498029789 8.342028534186511
8.237250486812101 8.950194807770778
7.705786678185565 12.428954780936404
7.002546274158249 6.948782234160239
5.219907640571106 9.33185209043226
3.655760829153633 9.600329545065819
-12.617509259663558 15.33496166583837
7.036456006308793 11.247807878420671
-11.520269263298669 14.460346508241011
-13.889860168611515 3.223321345898217
5.251101109584859 7.8552256865988115
4.133168075216632 6.908335509371813
4.576348052819905 6.794882180860327
-14.905602173951655 14.141658419928078
-9.723196045560455 -10.649909059800242
-12.43419026719516 14.907534560673886
6.322135595864828 9.049393113736848
-5.487128554630117 5.687577601080665
3.341314415788247 7.299075236948322
5.14069981788068 -11.90893819474591
-1.4978889195314666 -12.104092638099841
-8.94934613637775 -10.274755323618592
-14.006663483726754 12.871417549337991
9.043090689537415 -7.724516790116662
-3.6890625845221714 -10.6634470697702
3.5613598775778676 -7.133548447213221
-6.109006695326679 -9.798840481559656
0.4526407447214602 -7.1888437217356715
-2.662565010373566 8.037523102164773
-6.832774187008763 10.543280879073563
-4.485693836877542 5.31256983668147
-6.491969871821473 6.8076827679802685
-3.9326824602968 6.384916341846996
-9.628867230701529 -11.413883535999107
0.20715840710299105 11.733789071331113
-0.31851540987938165 -12.351379876230752
-3.57443564485423 5.486958282541614
-10.526255514955945 -11.749950446299808
6.177820126206527 9.80259112209032
3.014476978387613 -10.843219987801646
-11.54508445805941 -13.7343504743299
13.915422510118415 -12.76368578027497
-4.165106632471082 8.209533620978728
-3.800261596177525 7.279940537621769
-11.890361612924035 15.373186608363879
-10.12183363064321 -11.243956559067367
6.017946140799252 10.63120659583707
-11.189068932098374 -9.50794125387516
-11.136202349073479 4.065488467914577
-12.306113597561552 16.489052946938926
-4.928431122732704 -10.707412686722282
-3.6529553898905496 -14.861296869410753
-4.635909126376735 7.808452887922685
-2.5257621429279027 -0.28081219780393063
5.564184548753421 9.642383170549367
-2.082795990415194 6.758005548483345
-11.42060961287272 14.596516074932262
-15.71340439056224 14.076977475504378
12.985173334560137 0.3283345198843399
-9.14950644783536 -10.92407147945914
5.753961737161279 7.566058081070809
-10.250610879601304 -14.191218966693658
-7.98089713815138 -12.089392679469446
-9.666022354075546 -1.1618484130236606
4.4495182680943515 11.195000084280485
4.072884120412803 9.219653330910843
-13.081386034793429 15.010767322905053
-10.800512328176879 14.82233618140979
-3.853951144500348 6.1635239766812235
-2.212248779046912 -9.128177888730239
6.144513350006967 7.120028492475143
-5.055955390746719 11.202161013991562
-13.194002121382594 14.195697896190135
14.039534470899536 8.500981020593354
-4.197497228309557 7.623599956849999
-4.797041391263528 3.614489658874116
-16.466135225256032 14.21964206596889
-12.599382864205287 15.53235610726446
-3.766795037215285 -12.860290613703405
-10.146361593070772 -10.949594435386985
6.128611956770787 10.645185790479227
-14.994879326120463 13.277351511414436
-1.4629615329204502 -9.73836000516564
11.124789595343717 12.261119972072379
-8.659794190041765 3.2355723061189607
-7.431809542946606 -9.736562310732575
-3.1877485570169126 7.488106380629919
-0.7300528889401079 -1.4315536927056005
-13.930751278947321 14.05056382965158
-14.819624264769715 15.103731676856007
-3.7647972344796305 6.646316717344142
-13.601218282138937 0.9577006740789518
-4.927599447916846 7.342944038348622
-1.9603184832355245 -11.3817527474526
8.908249705280335 8.108897192569113
-4.481220337498791 8.101187703366296
-5.874701585979558 5.366480396211513
-4.906357478191925 7.074448730750188
-6.438111608899716 -10.790848777731133
-8.878535503468282 -13.562349472691857
3.377616933011625 7.459741182843688
-13.056401640204554 14.918335621194002
-2.4533935781908847 -11.249544406209514
-4.310135866103798 -11.79591348852766
3.448998008672177 1.3120680445854696
11.388024580430333 0.5101046005078658
6.21968310412444 10.204339813170503
-4.125152635313784 10.527237839553397
-9.643627446368146 16.015893746218826
-4.222630996008581 8.84362260883809
-4.653291561596577 7.009102593798614
2.1857492413701793 8.987679510957387
-7.609027763991181 9.36955898061505
3.450160519463598 -4.798621940895236
-2.276982768572247 -12.239536435989482
-9.446561000821118 -9.475804265840981
-11.264247093255362 -11.61971983050118
-3.128813826590317 -9.751921345989052
6.723792170723491 8.518730248511277
-1.4377752907200365 -12.972874059363589
-3.5600690308572025 -9.922013618499724
-14.809514317815522 16.562740278301437
13.600378283625048 -1.2391994504226016
-6.871525553003847 5.3162123868631195
-7.940418550018255 8.660818158348649
6.229189344138939 6.884450534325077
5.334407636645575 8.22102498493059
1.8131884979786372 9.298768105320988
-6.310146478127641 -11.848244473329013
4.693139851101326 8.179616396650752
-9.194531117925917 -11.038479422959027
-10.079075730180678 -12.45590948522175
-14.482165136672245 13.32465622007878
-7.97686852668601 -9.563184740712728
-3.578498132711532 7.357549598831913
11.783959363939545 -8.81043161782667
3.9206142725048974 7.832809885297565
-9.24794659507257 -10.2877390716809
-1.4738192610020202 -12.520045652943633
-4.4970735220260405 7.784793912430282
-1.9995580828566548 -9.273703189457834
-1.9319862874090274 -9.237118605669725
11.537522660825132 2.9225167027215626
-12.229804317201033 14.916760898196209
5.080490576921323 8.262985866986988
11.52627520423523 9.107694542313773
-9.5388422179078 -11.522500923118034
-8.40607206634423 -11.822106015326693
-2.3786683614353414 -12.114747501651761
-7.4282715220853195 -10.083348229011797
-12.608130032619933 -1.2593581853308269
-11.470509144876196 -2.2388857330057537
-12.472724545663194 14.00872176509382
-3.8984798435458248 -7.3796319404689585
-3.4964165313045346 -10.254803741680217
-8.974701362377465 -10.099947173277645
-6.1414971416314454 9.829128819171316
-14.794704252485872 7.345413105342072
11.622546021105872 10.440508289018638
4.882970866189359 9.360766349571755
-7.641217126986901 -9.911056842859946
4.108030500428987 8.154318367679473
4.479661886524709 8.907701820665572
-6.795211560183019 -11.208091577544653
-4.558917895469693 7.458770883283065
-8.673446821808568 1.884931139516361
6.605005180155196 7.982304556870092
-14.472514259559908 15.895577003098607
-4.5060483313947035 -7.38275747659958
-5.204754130504622 -11.29689137235534
-13.211689166674471 13.391211851621549
14.510229572854765 9.279626601965063
-1.8188237034959138 -13.012969753407406
-13.976335598777139 16.72840190705119
1.1519400640235276 -8.322684577684733
-10.12523525175114 -14.49126501394808
-4.110156989720251 -11.201673311514963
-10.049296715558402 -11.695162790973
-9.63126369413745 -12.347691926460987
-12.667866193496137 14.3679670471535
-12.039276786651632 -2.237235295308164
-1.8386244562798346 -9.30817447827104
-2.543780241980104 -13.39224795265837
-1.0667963382399965 -9.935633552285992
-8.611043076176333 -9.50825156433536
-8.483786685642244 -13.640307240097428
-7.2073519300247 7.678492047172518
-0.7481533177152695 -10.638428680665845
6.3247916292222595 9.356182047353677
-8.00263723344134 -9.028123913105208
-0.37374815984024856 8.15456589322941
-11.12742177932819 13.44180648449177
1.1080500231007058 -6.157347720003219
-16.052986434674853 14.652580327863237
7.981331558903993 9.028853774974126
9.376827418635045 -9.537218101228277
4.899866939662754 6.613598359872756
-2.720288820454158 7.7568384067268905
-6.47132046275351 6.103222396565336
-5.419304136108167 -9.73241223958134
-2.906843949042907 -9.591033136954056
-8.360330276757683 -12.502182410466691
-3.85052568438375 4.707870789546955
9.419405020411505 8.019627267082612
-6.590798102431609 -12.912910585799578
-10.414281322492224 10.640415374585316
-6.39240176734695 7.921469712825086
-4.764704960883751 -10.057653959352287
5.8815342996248665 9.077154298017822
-5.331258971506751 7.806259292190587
-6.677741051366694 8.611317673127225
5.283360302580358 12.047388384890082
-8.591825302795968 -10.375715609823203
-11.034812419857701 13.681284011251304
-4.854732686376757 7.980597452432889
-0.697799214826258 -11.536550354823905
-6.553984749810372 5.189511101236072
-7.154521831288248 -11.058823931143094
-4.118206572762249 7.894146708052932
7.116172217879612 8.246988539423208
-5.15091479029684 9.584149318286098
-2.0010989886614183 -10.467817752489553
5.258258610813866 9.247519591487514
-10.653156856330591 15.705283103765712
-1.5723323901571764 -14.79077517022132
-3.9607667061921603 -10.668575576868363
-9.47509345800864 -12.80973120169942
5.039156534126688 10.646712574223065
-4.558225164426679 -10.644216955804817
-5.3543513873716515 8.234718724823434
-7.309615004999107 9.449412512680418
-7.150272924471551 12.079523115579484
10.892071109665203 4.0194067661694035
2.1645935471767075 14.014662993187276
2.0923724467830125 9.892516666810163
4.219713727835639 13.493401994322177
-13.660528447706389 12.797306553501906
-10.083234533113906 -13.217312669376035
-12.57357826088421 10.833903945078283
8.299935986333985 14.842104908520763
5.325767374115922 10.317255841826654
-12.379305514755348 16.09845095475356
-3.0784145675716186 -12.444308332612371
-8.178134849591508 -2.975113345440935
-2.992181364378454 -10.386479793430524
-5.549990414883281 7.655727200960342
7.584607546265481 8.019874543318329
5.747701744220612 9.915694117565018
-2.8568045208787582 -11.621837994372534
1.9108565690850838 13.93108965133364
10.792058438749681 11.669085391049471
4.1134858699845696 8.744074948381028
4.639035934464401 9.935175451694079
8.17990850630625 9.280808966439176
5.373027404817608 8.85296547151806
-4.455686426272505 7.088204660590615
13.583516114748946 12.99665818442524
-4.3427873130470935 7.625224256979697
-5.524772663559146 5.140730794295055
-2.729274623846753 -11.605750181551647
-3.9104173896484697 -10.547564977415181
-11.91410971152767 -12.001837862248033
6.026181381109502 8.113803634807224
-11.606567091390447 15.127377480581725
-1.3900878996730612 -9.358778035654073
-9.941060463328608 -9.928926611031
0.5795818867683149 2.1317156892662403
-3.9979227521842793 -11.89027805961501
-4.82608238288061 -11.404481683343263
-10.966014421933965 9.475372812025796
-6.6957327408468945 7.012513789853088
-11.881292908879674 14.192345907788436
-5.521955032404925 6.400036085842372
-5.655684953073793 -3.3469650094779073
1.5081632793513213 -11.897657968834736
-2.81689455582806 -12.5807311567225
1.4785871495696128 14.731995056794258
9.680031619454248 12.952307873751835
-4.494711012906967 -10.553394162128445
12.05541163949352 6.135979502027688
-2.631955462942221 -12.675640082237946
-11.358406913172338 8.52963233349962
-6.465149579885585 6.274806284210083
-8.79375035731412 -13.101678007858037
-13.12125538934016 13.872128621225242
-4.06754152278177 10.3511482293138
9.758930598344477 -6.174871235655672
4.133310897750555 10.832148092461765
-14.280873889381416 13.12974294439956
5.53135966061698 11.28499995302019
-6.702150941105307 -12.445179281615653
2.9056676987672234 9.242592736429398
-9.265206906577703 -6.59371817324072
-4.910237642575655 -12.073775178785597
-12.549281018951639 14.638069843270582
-9.764630116024772 16.697356562864297
-0.8735910273320815 -12.685384672117628
-5.854082409214967 10.074605665293173
-6.236145715332479 4.34598627128476
5.112640691715565 9.071204946361432
-2.1673888796101823 -14.024082182012078
-5.861192420230849 8.733128806947153
6.834552387000841 -13.0164047346322
-12.392885797404956 14.187825218901953
-9.673909204786467 -7.420101043402113
11.42345715940236 7.973733513317541
-12.87260133298803 16.171671948171443
-15.617675275019492 15.304343833446191
-4.32249796638503 -14.078625088804179
5.472446760905906 7.605224060881474
-5.676516361817535 7.429535513106189
-7.65190334136498 -10.340631751742016
-16.23676788646393 11.168524898628366
-5.9318004988416835 5.575816008509533
-7.417477479346167 14.466166088516026
-4.18952944562974 -11.516445870658826
-10.658190524027344 -13.180465711589838
-11.8952640671563 13.49165271970876
4.909574431491667 8.876356584923998
-12.974550673967384 13.323785608735674
-8.839806750696365 -9.593059408360894
4.817512815000153 9.838020587668398
5.4786986661547745 8.37449549814153
-6.818177312956216 -10.187489699971822
-5.877636989490047 4.913103752407727
-2.4616023345597724 -8.744277429031033
-9.082391359537786 -4.587474213397352
13.805125176071027 11.944412752512697
6.789904820372667 10.065185138429253
-6.987960672221133 4.865584610114788
-8.712552521208464 -10.547799719174538
-4.119968805523371 14.960767538839523
-1.3359404782482431 -10.287630378082715
-7.148822765362475 6.321977879906966
-0.8423736652206388 -10.43310619190635
-10.589887473776962 -12.972838856672158
0.33433303473483544 -13.952469983258558
-1.6257324944797098 8.051121375553365
-0.4778599896486515 -4.7725523479149174
-10.00391858851967 -10.977701576875837
-10.033828180844413 6.352208480197966
-12.909227237840657 13.524493377244488
-2.531491909623905 -9.517302858177873
-1.374415611831109 -10.872469836618857
-5.16280323600584 3.8390354289428066
-15.908697464692672 13.188147279901656
-0.956861289681467 -10.840695474097688
-6.189939603320663 6.718557676566627
-9.774211544790218 -9.869714450242839
-13.17475291601281 12.189151586374289
-3.1955333281843 -11.028346631518142
-13.37282851314266 13.525308746792351
-6.802715458104457 6.14379240030186
9.436392187828922 0.7835363963908186
-13.66480471617772 14.868312746416043
-5.213842212879054 -10.652998125151873
5.674471151015862 0.47359394034043767
-5.450841227196581 -12.570096101792453
10.782743504573169 -4.009574290271296
-14.305807319562774 13.94946163224498
-11.463668481174103 13.587969692233735
-5.787644771433484 9.058412591721234
-3.551414094659507 7.41182253422367
-13.18606806611095 14.221973849688132
1.0976101329905212 -7.9228099795265035
-2.086507733888599 -11.469321394230766
6.169458050399057 9.549893126877228
6.2752086276008106 11.31203387476112
-9.610926317394258 -8.901878329924251
-4.339075959573244 -9.094888244913372
2.0751921430752738 5.815557502753649
-14.937032439345915 12.410127735749516
-1.8581750881462673 -12.564474288170242
-6.97885023601296 -11.71764154454539
5.4532280518096465 6.4415817274122205
11.496578635340903 4.673753118638096
-4.58609831544563 7.940497356690065
-7.123409415948016 -9.37205613480791
6.798236253906578 9.698548268925382
-9.304162957936475 -11.46619988094883
-7.9874460131798095 -13.799267751028006
6.72352021549718 7.21972024225983
-5.778758964785863 8.07953508623213
-2.3998623101781633 10.159795203600087
4.591051733874879 7.121249841219881
-3.467397339760381 7.512304808624404
-15.848684907020697 14.608994926050338
-11.706409543164082 -15.238842229731581
-8.416941444418919 -10.194955161653965
5.4767232017925185 7.884433845013996
9.849837304543005 -7.25853739537402
-1.2605604451060262 -11.153090738931324
-13.64270937607569 15.292353265173137
5.4939278115303445 8.21346382964954
6.306097424949657 9.515463225101858
-0.2759711117020536 -12.553373606106653
-10.285061841212347 -10.465313951091417
-7.851771217055908 -12.37227716888012
-5.009358651105062 -9.692059462609139
14.08583361082188 5.131714576481372
-4.806516583123303 6.759135480191314
-1.4819157718787124 -14.369519753419935
14.163209838994629 -14.145448690861146
-5.853803305973924 8.331717648509718
5.977661863510458 10.08401691703274
-5.010136232291428 7.087369511647362
-7.359770903298472 -10.94920483504811
-2.8349447083896817 8.004616288688606
3.409204799018977 7.5025767751457
-2.926861312873982 -15.259784248560184
8.278782135414705 8.194634993606673
-6.064432806000076 9.972301873567053
6.0582281907770605 7.335494205191828
-3.078879216305098 -13.988224084842791
5.855453829297254 -13.064318318000648
8.356384344718743 9.697360488393171
-5.8363264166242 -7.592756344169085
-5.071450897593245 -3.9838707395910884
-9.424316703651769 -12.566164744020199
3.9023676682410606 9.630208181296716
4.564806164250669 -7.723013154758255
-5.4614363603824065 -11.845855099105224
10.05177002719648 -13.900239269881808
-4.509143196476347 9.280559611343808
3.805683821855886 9.565131463019327
5.756461607142785 8.30723927904347
-9.07517078636682 -11.542814278443077
14.165597561936654 13.582231436836384
-3.3487736489020854 14.650702899198674
-6.906586906462488 -6.35746433962
-10.048431912612916 14.952203595406225
0.654556998767887 -13.227095679745771
7.874749854173317 8.293759345545942
-8.750913705306004 -2.1526466505339386
3.7554835520075893 6.455226624387035
-15.47608510236683 17.297663828403795
9.167694239946155 -14.705939035787994
-3.354490751101136 8.515679910182499
5.276786272537664 9.239384787973757
-13.427996779206309 15.509213016417654
-4.82704107794759 -9.971805520886644
-5.476908796621859 7.912750917548001
-13.57617850881091 13.277869690646614
-14.34514307923085 16.113424767195234
-1.7369055111563574 -11.04451837795935
-4.080693114252666 5.641478822137417
-8.280377730411857 -13.16924553888902
-1.750513479010192 -11.395535772302157
-12.761048282953489 2.1584147931026827
-3.6124109095210564 8.21082740320196
0.752176163195978 -5.10401375379128
-2.610969637963242 -11.264395883534565
-5.726679365558449 6.849666840124919
-4.388743019863329 -12.260308157785174
6.389617707283841 8.590625191072254
10.832047142886946 3.9268038724234877
7.578248487601197 6.913349974047332
-2.458413241666143 -8.672483200380183
-6.090483981705048 6.491357068971678
3.526981463061091 9.939231566976273
-7.65414456491769 6.765902678207469
-11.551130759791622 14.197703491735576
-14.784182844000021 10.229894531496349
-9.534474969579792 -8.05381122672242
4.047971858654807 7.93411749722009
2.4247083780689316 -11.66470831496179
-2.187867797391031 -13.253731688551495
-4.6556511335606166 7.629268349646731
-5.822980404395743 4.993577918444789
-2.833079239371703 -12.527293718455049
13.87604163619023 -4.676115348726222
-11.866582526402386 15.394617369188907
-2.7749998899904833 -9.204854221326265
-11.526377093839475 13.253914533081538
-9.703866743262592 -10.867026854192286
-9.588866739862922 -13.236407377496908
-4.879805511491507 4.597406561779861
-4.711899688994379 6.131637239951928
-11.753575743304198 14.99579764396872
-4.185336879472189 3.849931154788484
-2.374979136502312 -11.380089084766546
-16.74669226184607 14.065889677132967
-17.282093981993594 15.583128232709988
11.56559335600279 6.776160018663653
-3.688459389251462 8.666252166867231
-3.320833075098651 -12.027464045307514
6.437767118465088 8.126806534969468
-13.84892138642564 14.981762660565195
-2.300401065952221 -13.487942140465641
-2.1776221337865325 -13.753359036451984
-2.6634541087636863 -12.87617265567131
-11.393220373980448 -5.1923466369835385
11.8506811733171 9.71077820098294
-5.280659749763601 10.29933507807349
-8.88598377242152 -12.130782245078459
-11.045591979745986 1.0945147360545562
-13.035597318903998 14.149319512786287
-7.159281762189215 -13.404883876204384
-9.588132474364066 -12.027209141666953
-7.089301470358569 -11.439042995215583
-13.759538521254026 14.258598263891674
0.11094877335874642 2.914924276302287
7.183809467108656 -6.399124669007465
-11.794602999198066 -12.877539568091244
-4.626348232983462 6.681963383497853
-9.745669327936021 -13.79411281631411
-6.179336425416872 8.803167689890852
-14.335500926308178 15.14011059573701
-16.177445885407003 13.440518454631697
-6.425700706431718 7.531994674561057
-5.974575073824087 7.5906314811478275
-3.161931063975973 8.278077198168443
4.136143418393361 10.222731799912063
-3.5754481141684495 -9.88815309962589
-7.2629042494286145 -6.197713199540516
-3.0068888426937233 5.299907520887174
-4.2797164235253184 6.152412159062538
-1.361686639953569 -10.753566349921975
-6.039078124181385 7.541354632673906
-9.163632429596754 -10.386212405041984
-5.061616975474657 8.018675368612605
-12.34908855429173 15.499615593452718
-8.030263817393312 -13.980300496588889
4.600432332410682 7.503769761642884
-5.344680808629532 -9.84437852718142
-4.16685802239743 7.592228108662178
-4.1307462981198695 -9.916996609518632
-2.388864334655968 -8.195763315437517
-7.705328521635632 -10.193931021378146
-5.659842039812925 7.753222761640001
5.181798492833014 8.750918637290798
-1.6085351392870701 -11.58316282834508
-8.031208629940371 -10.825930064277088
-5.883058642790932 -12.029889125582843
-0.4983233625995247 2.913228799776693
11.01523937347449 11.49221120065463
11.57095842475427 -1.8884503106142727
-7.44962950879772 -13.204695970359108
-6.112052632607488 5.973932529608609
-3.735728672414708 6.258555758417577
-1.0097918185449575 -9.70991397547798
-0.5792247849890031 -11.95472301822506
-1.2079972442069749 -10.246831320474348
-14.956837673467666 13.28344356234511
-8.0725270283731 -10.890220989015333
-12.524388415835823 14.020121821311955
-6.878133180040015 11.979823095746156
-13.641472862851508 13.72793102331806
-14.983272281964876 12.136297663263282
-6.349215215617415 -13.763787760489658
-13.910436856716494 15.266710225798805
4.86235767659886 11.378664740760014
-1.6624495156423968 5.960934285340562
-3.1310819455658763 -8.964326706483046
-9.646673008462853 -12.070959387165676
-12.701893056689238 16.8554483421011
-4.35154537253344 6.421581987826264
2.9010235693021733 9.924088588733811
-12.935521378449613 13.222436452707703
-7.270288040783677 -12.277985117548067
-14.018403507457142 12.759193932584713
-11.991442713966347 12.473531068627322
-8.420848708147105 -13.211295796642537
-14.410466063188803 -12.352032631729138
-13.515551602237068 15.245782256918869
-8.252223043373307 -11.802760094567029
-1.9106043281015481 -10.832670931886387
-3.1810931781735747 -8.878140174748784
-7.012642319161627 6.497868912822379
-5.0350998926381125 7.661592786210534
-6.233450365013884 6.469665039159828
-10.521708942503027 -12.577990365236435
5.962390889912746 9.253926197297348
-8.378169307086173 -11.34898476244622
3.2757607221988825 9.809054422684659
-13.534881031431548 14.496124525671458
-9.92163492464353 -12.98387333352788
-11.663985678976458 16.97683204223278
-2.506088647150662 -8.755988384366894
-8.767390549497197 -11.432004264526968
-5.66173564908642 -11.691970903503467
-10.313672071589284 14.87631238551502
-14.841877006052911 15.986330436644545
-7.9431971894301405 -12.50362046094571
-1.8064177898152067 -12.037491513399948
4.384932726669575 10.396932679068692
5.468902825726984 11.879100619870714
-12.437936699820344 -14.079589654061241
3.5979431853620802 13.751118179485246
5.9492781104299715 10.983055484660355
-12.852630152824062 14.493755451392047
-2.7930851179972374 -9.176081976169101
-2.2769053857665167 6.138332522781578
-8.696767589628669 -11.364853617240716
-15.5216951031423 13.416384880052291
-9.508039812903325 -9.68431612902676
-9.089736114175347 4.297649051185376
-2.7816321774089134 -14.260483386784665
-5.631820183583391 -12.288694031865614
14.983220978167374 3.0681624281087885
-14.027135173701478 15.777656331487156
-1.7584928652546368 -9.880005712506156
-9.947680501031076 -1.4184627670795162
2.0405050420797854 9.06528726859079
-13.68566095006572 14.355887652553312
-6.839103303861037 -8.84967296704642
-3.3438233593316182 4.184479034041197
-4.213849304212629 -10.51956379906926
-4.050852094301165 -12.568476281518764
-2.6431183550108384 -12.230521835979333
10.725452296216481 6.181544719827059
-2.962567042849648 -10.601893301133293
5.161514746206471 -13.873820012069878
-4.953938561002308 5.281301363314998
10.585354311103377 -4.23603456444107
-14.795801837713597 15.653526741397139
-6.425400309589653 6.264465168255421
-14.739629638316229 14.60188794499927
-7.2669279180748365 -9.940368506007452
-5.6253533430312554 6.79151255948514
-4.0119382564818125 4.214820626449747
-6.910657012285787 6.391294863787751
-3.053713356121814 4.325897607678246
-6.845075355219236 -9.948988368959279
-2.7098210439169366 -9.62077118697278
-14.662551142394861 13.069307443380666
5.5555539757276255 9.17885358396549
13.254277855271088 -8.482723005274448
-7.269025607820682 -11.324920578770495
-7.89117573360827 -10.72616200311778
13.396487318089608 -7.994613699694435
8.182447137457672 7.99093525876995
-10.304683215635105 -6.328512219270477
-5.06671244455484 -11.675731149672027
-7.554087635333519 -9.681974124673307
-8.126198718230974 -10.351326929325447
-11.03471006270171 -9.909135765911671
-15.066104018620162 13.230188258468294
-9.050713915203783 -9.387687688134843
-7.551569616313457 -10.85579720479834
-5.362469875652073 5.941891515995127
-5.233845799197047 -4.822682272994342
2.3865579031390673 -10.49565737115114
-3.414339146568361 -15.219062014342695
6.884561840895596 -8.376972751727791
-0.27977012793945466 -10.032298243315916
-0.31844760992657495 -7.935240826728206
11.099616794457773 -8.269298183269804
8.069023901777024 9.365450541523787
-3.8596308522807146 5.4166524899160535
-4.613271201822996 7.910881600573851
-5.80687009943676 6.097647022600368
-2.6726833838997326 -9.640300836657998
-7.119742565120028 -13.008421957113288
-6.702525766259337 -8.498735816093788
-14.374728022302804 -7.9127693622998
-5.328452067761567 -2.1319230669304208
6.055063264349525 7.653733736571488
-13.328377501181752 17.414804904178233
-9.503298776395154 -12.243533059428563
5.780134142367027 8.018475009012574
4.495614503076861 11.776641088222231
-10.196922606488446 -8.458320612219454
2.4775673274781127 3.8959321341154443
-12.169635122014371 15.545371166167287
6.256769724151022 8.711718666412334
-13.495984581325905 13.205025554196808
-7.953114262271328 -13.854967443422456
5.923147395208446 9.029451091485663
3.974360619014026 10.366469102208885
-2.1201402749060945 -12.087167699545343
-4.398536490299344 -11.633146241861303
-2.2220290130521256 9.402772843167755
0.16877657080477793 -9.01132053837092
-4.34384180892431 -4.599869099403504
10.207149984383076 -6.40914515747167
-8.108416870758477 -10.549147848361976
-3.417315380519497 9.96059160414202
-4.579966272715801 -9.972277631979303
-13.645030134635235 14.01302165066545
-10.643914671429373 -12.927133594108309
4.938409938084625 10.538992474726916
0.7447796625973737 13.395357993487881
-6.87784714871732 2.160830031081794
12.603755535983357 -8.423759662635465
-13.118785171220798 7.170923358658392
-9.836732717025281 -10.774127063502538
-4.18679801274908 10.016469156766204
-3.665261059020717 -12.567145331640381
-13.757537712881224 13.640753991242672
2.5043496438328483 6.14545509221986
-14.973539252016847 12.532710484779347
-7.1719876374304015 -10.605581711318008
-12.7084451826795 -0.8924388027613119
3.866043554579705 7.97524416500638
3.359993280429432 1.77521223996348
-10.194404947916746 -11.243576216605174
-4.185062407666155 8.939196911207606
3.9045352701976985 8.622617508634432
-8.732758389847154 -11.678793354193665
-14.283519870890345 13.939618610595963
-3.419229782405097 -11.789442246251006
-9.201301410154706 -12.373334833471215
3.7699343429095182 8.11794876740898
5.281533346653754 8.35215401009202
-7.86852766739803 -13.211739866458757
-11.28999270266054 -12.22295596797597
6.910483646289384 8.284949958754082
-9.644635720137432 -13.224743989162288
-2.473805365123823 7.863830172121281
-12.684218246418407 13.434907413695253
7.573760979520021 -6.180733069409827
-14.94596985010391 15.854262093366824
4.73250064125523 8.411684667172365
-7.718119938596226 -11.442866656764448
-9.07374388658072 11.536577976285624
-7.729745428462295 -9.159666898273121
5.087379459299772 -8.751934469799846
-13.056622855478878 14.936630717682366
11.929166339306459 -6.28404215498548
-8.783302067582587 -10.687714501922875
-12.502017856020178 12.199856568125695
-12.919448188412803 14.374856533661958
-10.242403744388396 -9.701983662563691
7.969054648506673 8.610787175838325
-1.1021500524921701 -10.236039600223338
-4.653075881366557 5.062832515075435
-11.307123856293806 13.604551789961992
-8.717867031426637 -11.045923373325817
-5.671353600913294 8.941766339793306
6.31060035037827 11.033295854610223
-8.188257568887666 -13.455254973380622
-6.749650298557479 -11.877211155049883
9.709943557743657 11.736607570545392
6.052369194255684 7.712715606390182
-10.04608305429208 2.531768365908441
-13.641210443266525 13.552786887847503
-11.925455526280842 14.252163730338495
-9.64210444179405 -14.047270783865024
-4.779636237420158 -6.533088283991674
-12.33971203953437 14.538379323331133
-10.420113227292681 16.572432454092198
-8.821631923072276 -12.373656146538224
-14.179275759296045 16.630623341415376
-7.363516824692421 13.565459899839414
-11.501567465578933 13.604042836475564
-13.538104524967007 16.02188546551792
2.7387692831087507 9.333164226306625
-12.444997234722859 5.362765903987505
8.59690812428028 9.130726789582479
-5.443221592431322 4.8589054791468085
-12.550121974487187 13.483124751075309
-12.852363785270848 13.63865149291173
-12.476606789743455 14.966026366668132
14.16632478824917 -0.7282746715453552
-3.6971069523522093 6.5836684466744115
-9.340600842023193 -11.66309207864007
-7.7729441368555 -3.678777482590446
-6.9208998396409385 6.171555292285503
-6.167092093315922 -10.22744367191886
-4.677199983347305 -10.839919784834034
-10.79767824740038 2.136226472620006
-4.937667976435604 14.801401689101318
-14.742727310393201 14.295840439063056
-3.083366747929259 9.323821877618347
-5.1377713398148925 6.254626878115722
10.69142430800806 6.64449484653084
9.421482577449105 14.000691853432194
-13.18767305343407 16.860171806196604
7.673845432329445 8.04918171038812
-3.3496081259454122 -9.982554678620586
-12.583246583990618 15.38021918015361
10.916656416394666 -3.372574476492897
-10.111462212928698 -12.452083234265304
-13.916071014815298 -0.9108357226814512
3.6046808897249027 9.681008378393166
-13.08958558473962 -2.577559317654444
-5.529620184075861 8.90043971935896
-3.840318720365433 10.21317960657407
-10.502861894542669 -10.09178788870221
-8.29323286895411 7.242199274769795
-12.324908109831437 16.667147153325928
-1.0821492352045599 -11.110778649069683
-2.9167617437886557 -11.873389535481234
-8.876954438590072 -11.402778694580318
13.453422839774248 -2.9338561710179984
-3.186626172685352 -9.439243310533435
-14.004831208265301 -5.344184112964751
-8.455929616427733 -14.634311381001023
-7.859964477553266 -9.44013842807027
-7.689191135182128 -12.782207991405343
-3.361408405792446 -12.577791593225475
-2.2314547705719807 8.09654223765671
7.351858448336461 12.595393677041141
-8.250482663637436 -10.47543858953223
-1.3528121108031126 3.9616390670354207
8.422646759306684 -9.353588178735823
3.4803165031092114 3.8578278617642283
-4.611589957611976 10.243498373753871
-6.763959227949146 7.975241948371184
-1.870001838613248 -9.78976742646829
1.209718868775287 -7.116837834753861
-7.787319523076337 -9.012169654008286
5.390232293950374 8.609064598144581
-4.338596185360642 6.577890262482233
-14.017035238591948 16.62313319727857
-5.6374672696849535 6.488573091608718
-7.898256158467111 7.897720994360341
-3.7618728493037663 -10.042815897727895
-12.806948619664066 12.97727988249743
-15.752384010054229 14.763291652564709
-10.11540361556085 -10.45235791684011
-13.125358450346855 14.104677203602899
8.112044291912621 -10.821023694050375
6.033050657063664 10.28593735593266
-3.2791509969429424 7.746368386512055
-13.163919848892528 15.229892521751108
-5.274710654060842 7.031871841365199
7.434886693723531 10.829742142381376
-13.09828387123769 17.14766629929569
-11.057214854642957 -3.4029269303697056
-4.299843541940431 -9.728604052906865
-9.29222842052189 -15.439324435631905
-2.376819944349323 -9.883777502494913
-2.352393452766406 -9.779000571489
-6.021683395967569 -13.664774040996218
11.25568095185955 -0.11523646230981299
4.547794420712692 12.241841051705102
-3.830504137790362 10.264137075300217
5.695424488594817 7.743793768848845
-8.877104716936179 -10.95516531012737
-3.3164253590763213 5.039726933866804
-2.736449411012036 -11.143658992417196
6.995158820567836 7.997164939312475
-4.8212205639862455 8.480724540484955
4.613121582800743 9.089740701810578
-12.176441933668034 6.4857149577575335
-7.56147431384416 -10.691516440734661
-7.4604011138207404 9.059320656772414
-2.8709385602451216 -10.254187434363653
7.364789230116827 -3.4320647263208244
6.9018909747623605 10.523458821786427
-4.78942108665244 5.744097662314538
-9.111171809232173 -10.193510000788912
-3.030363310079479 6.751516518435708
-7.023042895038452 -13.30513814882954
-4.937326527842985 7.40514870329457
-10.100903703570662 13.126238092144728
-4.846106189542971 5.6303141909246825
-4.600386576276023 6.603553173652662
-3.292488920236255 10.376514086134286
-14.003903055054495 -6.92428274226501
-8.402000754631587 -12.207612130001692
-9.867270737301718 -10.70711025284466
-7.0577254626439325 6.03417686934516
1.381164360704374 9.572822307219248
-8.264376883117542 -10.241186957747841
-9.488143226330898 -10.970420470020157
-6.606181887903217 5.638168116702037
-4.24531033012521 9.678323369023571
-2.238866258182607 -9.648418000724506
-8.57564379992684 -14.08396911362787
6.200529935048871 10.39913025000817
-14.443017515023847 -1.7909741630191505
-11.615882197203629 2.3159366046795427
5.0156041762965735 8.323984258713573
-4.183972133142834 13.794439014886908
-2.958539336504672 -10.778076408374723
-3.810956150272264 -9.68978076180623
-9.873203581126075 12.179394405099357
4.281796588227974 8.405545842946113
-11.011706833128768 15.409652841280398
-3.7775127315052455 -11.286933866152745
-3.625224290141145 -11.976154659753456
5.6008841637831495 14.342377962767799
-11.402008635809251 14.134852792888324
-5.628485344567814 9.747433493869977
-5.199282451010186 5.8605760099251825
-14.774536468862673 15.963425978236662
-6.520059628970062 7.961242204933172
-9.510570199966681 7.78456639251662
-3.3272333927366535 12.42877344583146
-6.266428880172469 -9.122726256068361
-7.073294428200553 7.19128644533091
-7.865315366105216 -10.843352557556646
-10.614639243247145 16.307140327468822
-7.368798896461386 -10.451704892071557
-9.803267204202339 -11.18615639501289
-8.41442601245985 -14.539696621489096
-4.029461696836739 -12.92404789098626
-2.8387061761953105 -12.06966273034321
-11.750280288182712 16.29478660650049
-5.373499830460396 8.857450122667478
-9.306519149125311 -14.08868957769685
-13.554475320286517 16.242905451414178
6.209768358321398 8.562115331221111
-9.169686390399338 -12.72633232143943
5.71941166183467 -12.889409533670008
-11.699043967500142 -2.137634331497564
-3.855598633698154 6.136633648134136
-4.278143873925821 9.079151554652487
8.537484374695094 9.72255322380373
3.3336142714677037 8.82197437907999
-3.8763006587312177 6.563134227656732
-2.738798310453305 0.6155875851759873
6.6663823210146536 9.663057306570026
-13.392463750823243 17.472777389043188
-5.972108281728286 5.908286562502644
3.3864787689463784 9.23511477820179
0.30918201172472415 9.9837694647171
5.7330565074672215 10.544637616208256
-3.771302999452335 8.922188518835059
-6.275502522158034 -7.956587052817941
-12.575709520709614 14.098407648212234
-12.186407038708099 15.398514547871848
-3.354219020580322 -13.929204315187926
-11.100640495809657 15.243235407375211
-6.256972679484323 6.208192288932052
14.902671677591222 14.024252490648575
-6.582322936396877 7.565623848610564
6.492258676621944 9.027075616315447
-5.06323841151497 5.160951819153654
-5.369950873802716 5.9425020532644925
-10.473547376459472 8.894977944760416
-9.31533019546626 -12.717094801745098
-9.843507295860922 -13.903643497806172
-8.91754748655019 -11.793482643383271
-4.493621361713917 4.687295082971421
-11.055007281529175 -11.399962148244047
-3.980223737041323 -10.765163292880537
-8.255923350610807 -13.743857268686876
4.8878023384122 11.822269181447503
-11.631279720268017 11.458165663316791
-2.3896264768740423 7.177279543697912
-2.767484814161709 -12.401895793884869
-3.0125536748228257 7.58715520498195
-8.216181603708266 -9.503505825565737
-3.0187725228178595 -10.72735251969387
-9.70997014726683 -13.217265757825736
3.053315472950903 8.44149463345118
-4.111409957926898 -10.922094594742326
-4.297019740503828 6.313012952163405
2.059575291171095 9.231407441416687
-13.34392352845024 14.050021246233907
5.368289826586956 -11.253625039366941
6.7254596754847515 10.685572959391653
-6.849888343013236 -11.032080410566472
-10.352791869407337 -12.730255266135217
-3.795184810280469 6.123926082335919
-13.232097931484661 12.819887718454217
-4.489620147144117 8.18577065847953
7.506272671307311 -9.783802302085263
-1.987227008281611 -11.700712510192014
-10.26186645295645 14.77067043066491
5.490075360345439 9.766625606861133
-6.6879123206125275 -16.416392110566036
-9.674343882892073 -10.031566176836971
-15.123593866015023 13.412055427454295
-9.579572074866343 -15.352314958513
-7.148824778909198 -12.265223325651663
-8.391809561726545 -1.3379946177212272
-3.4613889828193916 -11.991072974662423
-5.802199581624261 3.0231660393698156
5.3483357792488935 7.878848476310793
-7.9049928768360544 -10.344474000135444
-6.390137955441023 6.32931509557733
-5.634427038837326 6.797340820154087
1.830275133027186 -3.878866828970315
-2.543790099872551 -11.735318947980563
2.040012543134697 3.116969883392219
-12.226511292234663 13.585473670657752
2.5894700116874 3.7679095747737357
-13.954996552870979 16.24452079004189
-7.446527391716884 -11.359451543618627
13.514761315943034 5.705207274247222
-13.769000053894647 13.666214496731797
-9.827550118746947 -10.21544432009385
-10.715666011151072 -10.865278752715472
14.493966874335836 14.217389945800374
-4.7210004829540875 5.8920256199699725
-13.85802762555793 9.065713120105102
1.8919475535523498 8.81353605711394
-11.855379867426707 0.8335982126056436
-15.012500331379142 14.133258577598578
-8.40008828750141 -9.008880129682636
-4.018866737340106 4.6921112270043
0.07789503923985741 14.358939248811485
-2.9561970764462173 -10.339589796409912
4.256336383396553 8.88414494298999
-14.508448981494238 12.11350568119579
-13.174663287740215 13.365634037805592
-10.073222036515915 -9.472584510430162
-13.79292390983754 14.866918271087483
-1.0894144608899743 -13.425112794724003
-8.386330089947911 -11.118923141149054
-9.889399939431689 -10.4415103543083
12.01623812858335 5.007810259699863
-6.057114709835125 -12.063955617726437
-5.365966715294895 7.059159730486215
-7.185746180875906 -7.463423147102615
-3.984451314785301 7.361014389672352
5.13023357487436 10.190341287059258
-5.167845373735963 -15.027100805420808
-4.649111273738566 -11.91381125557729
-14.422409868092089 -0.497952865470479
5.813322747255557 9.964832979944616
-6.932557304179175 9.509043753598286
-10.80061369947513 15.771172545993238
13.105831082401423 5.199366291805674
-5.727999702345546 -12.180615858349901
-6.731348923907455 7.891777972003148
8.740779956998775 14.526012891468564
-0.7787252642130642 -11.00187351366729
-2.924194374310774 -10.181257995475445
-13.560342564477331 14.619379015753124
6.2333385538417785 10.478543847163545
11.114217693735561 13.934355021026338
-12.3614079839633 16.06419294530068
-1.8987009059800488 -9.454763550459894
-2.7264114807114463 7.412341609010142
-1.2592311026769547 -11.697668366345955
6.933109223669787 5.826048630883064
4.127656497799778 11.442691277466075
-4.626435969581891 -12.167577458782535
-6.056208207711342 -12.451441809267447
4.7273227083839835 -1.033872643125573
3.452507772122301 5.924211994820058
-5.952581976978082 5.792061475102519
5.522048174249546 7.362836890375602
14.494202002632818 1.8903805142820573
-13.291149033468095 -13.275956553060114
-10.623715651174045 13.864078339280512
-17.033321187241256 13.963086023868915
-2.9389568267614976 9.768246859352827
4.372468597859532 11.824234633586652
-14.34595212395386 14.990972685084797
-4.925298165135906 7.466355553904114
4.385072887692722 -9.800531718365914
-2.2894627475094977 -10.355931717659848
5.547592033010788 9.69231191673962
-0.2431592812476402 -11.493055290209817
-7.35244790223101 -13.323465209663587
14.076709167118292 3.3895750473625235
-14.67682789412829 13.77005376541713
-0.8353360047581604 -10.11848503708304
-3.8293862788436868 -9.83560578235661
-6.9969602671449564 -4.896140626899086
-13.04444431273022 13.4866203271776
-3.00015335580887 2.8041986587073664
-5.282309898473739 8.569668604546006
11.34204127449129 5.879849427503405
-13.25265383950475 16.851613397379502
4.155041188992285 7.57816995387379
-6.182099929717877 7.86453725944666
-2.6683500992690434 -10.54661081002704
-3.3396595862963387 -11.73517986355128
-11.409866432952665 13.86965937137835
2.9026159876748694 8.113181651433333
-7.311668061879157 -12.578989806536901
-10.861735895325788 -11.268199048268075
7.797058211665152 7.677521642940434
-2.581440404810795 -10.808853275071057
-5.775884267439457 6.876814332598391
-12.364222212174788 13.176844925303048
-8.588689597115783 -11.265936225594142
-2.421889987081199 -11.938347130339904
-0.6341509977534177 -10.810505216964994
1.9834502610711233 -10.63731649531907
-15.583543629722868 17.194876684959368
4.508737348489828 8.671598051578053
-0.8036973447756726 -4.797557075405264
-2.7253690736637077 -10.666682932527126
-3.491438417079358 -11.756595495513363
-7.721910261494758 6.117198223235414
-6.040063116046955 -12.778882667038962
-7.612187380523095 -2.5958931747579115
-6.418298408816076 7.565187113485421
-5.907563742661474 11.177475097521626
-4.526594170790513 -9.893924887729554
7.821709623144447 8.568534542021041
8.898690898908793 4.170165715182005
4.0443592806963515 11.474140753561453
-5.091264579907317 5.172369294760109
-6.093745103685922 3.799437383946408
-6.773844650440431 4.80104550779423
-4.055262413932626 8.78723864892443
-6.76987280515055 14.410307464717619
-12.805726546866415 2.7059074081342303
-12.27859468966166 16.21886598903884
8.735346155932227 0.6063351015998659
8.56440346128818 11.469994885206148
-7.3129492586734095 5.816868075695679
10.99526161419141 -5.841777956013768
1.823905960941051 2.2659057584441094
-0.38512792442509314 -13.707041573198499
-2.282684076287978 -9.243843431713623
-3.7366462401771763 6.268651347342065
14.704510339120993 10.788555016297916
-5.821171243312239 -3.1797180919349586
-14.614210629812877 16.832789419447195
5.288079827429018 9.63458878258667
-12.154938795767615 9.221077495866044
8.85640736869924 8.046200195427067
-4.569465840777557 -11.869404683869426
-3.8392461084382052 12.580557185389008
-4.419719875609722 7.547473313475888
-11.352170461389814 16.838000049667173
6.01317299826832 11.130810057821382
-11.177253746922625 -10.3227576002028
-12.437620750312421 6.426145129743134
8.217006304109784 7.857745803001416
-14.616495968776563 6.512571146439182
-2.792409713425806 -10.782113358211307
-2.3588047167105706 -9.168529842527919
-14.468775700970992 -11.669811357368882
3.7998178728046668 8.934974385005352
-7.696579756097245 -2.8307801476955667
-4.852168953718958 8.630210675868009
-0.8664331691615046 -10.460341031215751
-1.7978009562699808 -9.248107218980827
-0.8476068704123065 4.959361430751208
-5.932871512958144 7.077487200649909
-9.721001912709392 -10.795269588274689
-1.4007152186297211 -11.55119876404781
-2.434891956933971 -13.662235302930842
-6.0932913978484855 1.7768969138924184
4.465056458191626 10.318936509504908
5.183239945529522 -4.380083289386372
-2.6170972415204257 5.943995019615092
-0.2770080931317249 5.203763853971445
3.06372790254823 11.77031396888541
-12.57334721903716 18.381371009322983
6.615179481351646 5.8991865199449425
-2.5480390006898936 -9.735205756020068
-6.443362151450012 8.461375224386098
-10.801853711780469 15.159877895443278
-3.8463539302011287 -9.150052646084106
-14.775157874107196 15.934150536630737
11.423064815137444 9.474132589197485
-10.67644192681289 16.163890918249564
8.849612550368391 4.386386935296915
-13.35747805034912 5.455308339005608
-6.6752856024325835 -11.570951792295503
3.585093807146106 8.640966343088683
8.033843571053918 9.619839743107143
-5.052512220808551 -11.186851549980446
-11.899842474460941 15.546939878564292
-12.256329403347163 16.212850301171652
-12.532209704225613 13.2323207037638
-11.410285075011478 16.131118614599227
-4.8404405403789905 -8.367837336681578
11.858241956128403 -9.940265556942187
-2.5802026435784082 -9.243311165811651
11.729102005257943 -6.141521790486834
-3.19353960255708 -10.899376357468773
-12.932521316782688 16.911996269279683
2.546634001646094 0.9323879516943627
-14.945798068673898 17.589979619882513
14.466501157498922 -11.731137345665172
-3.995949170604108 -11.57776160166769
-6.524169277421328 6.936957082127592
-14.189068135705774 14.662975545538568
-10.674397727284799 -12.560306137996072
-9.465525627536415 -10.587345372273454
-8.287542241236483 -12.161617094919833
-4.335692061620594 6.311397136538748
3.5553759557184317 10.762487602181936
4.396135741263905 10.152123908706272
-1.7008633162886189 -10.56720255559946
-1.899748253932782 -10.779340448529705
3.27353338826347 9.114095861560703
-1.0323410701627813 -12.086493818940122
7.171347127391671 8.533996499836414
-3.3907374181489813 -10.942441662995298
-4.974455291541666 -10.79079282961455
-13.077816282414837 14.170004879202697
-13.977039453694623 13.07109360178243
5.975830323895176 8.783518543777838
-2.779702617900495 -8.581124235020738
12.886566874434259 9.502297772057101
-2.7683057658359425 -10.308413177720771
-4.0145710521701075 4.346268972039562
-13.200167182969283 15.157084886751353
-4.772490906929147 -9.685139388975296
-6.854635186483385 9.007081674809838
-11.062230588058668 -0.4988127233329074
-11.483467918600468 13.613312179394741
5.943443957930199 -0.16348576530255698
-5.171679921324287 5.19231980904722
-2.6341646151789977 -0.8264038708563834
14.934509789839492 0.31947972866268515
-7.3390705314145634 -11.19707425418121
3.593715639531723 1.3109783473291792
-12.90699707535958 14.337237172955847
-6.9708671349104545 -11.399509907259286
-3.3679399614511727 5.703279580860532
-2.9345199289473274 -12.347783630359709
-14.616020359440679 13.326444055860934
-6.176893073918004 8.604100848025588
-5.781093397501194 6.63228880427914
-8.102611495356216 -11.241271756835296
-4.89385965490576 -13.49918100788867
-5.75609956814575 -12.176798958536112
-9.173304729297998 -12.258514832955344
-6.959315625467025 6.424662433807494
-15.13010699102825 16.887996647337165
6.181891259357193 11.639364928077098
-1.0882268694438277 9.83214288949338
8.229218676662423 9.51496613023
9.388590772671176 -11.551285400537349
-10.888028472291698 16.119583533205105
10.165249850952282 4.972454643275391
-3.681229007221833 -10.89119423735671
11.633962971424207 13.079936657917926
-12.035466072337654 15.153573514023785
13.01684665131113 -1.1020144815562158
-7.631869247629099 -2.310559046542048
1.6631053618119331 -11.997819287236574
-7.149031226146727 6.63223279758107
6.197914775435349 9.180653797656376
-4.032915921561889 -10.390272066585759
5.075191627347753 7.587588038961849
13.133456493537935 4.664784434580799
-9.27092591227431 -12.136826475290478
-0.7423080203590366 10.363182341700742
-14.235272721716132 14.414805263040455
2.6963478195751094 -0.42306310345663967
-4.283813151543498 -13.506406845046428
14.874352613070414 -10.45497316353958
12.08052885859146 -10.105264151726319
-12.424532708289087 13.448978670236624
-3.027321951369858 -12.517184039724249
-14.063944505424134 17.477443959121405
-5.0318741298289655 -8.877146405872752
-10.386862822625702 7.425836533289285
5.452705012320829 10.429649350560556
-4.425896610284347 -8.694669370756177
-12.427211375690357 13.631135347303964
-9.325033152938554 -12.240245762493766
-7.493645676832962 -10.92111691483501
-5.096079603248568 7.456092594379699
5.3958734170767375 8.532423117700398
11.471769056277264 -3.587223239698048
5.942504229771433 9.186277160517548
4.3906950271701355 8.902914882147904
8.059462966627306 9.403866834185948
-11.88623526194467 16.34854356819887
-4.115722334391293 5.30740955778812
-12.002572660218558 17.602165793136194
-5.762791704099406 -13.579081056431441
-5.07812042027742 7.800257727702153
6.106274513721403 10.605311250786519
11.072036244013223 13.904175089767186
-2.5150547059662287 -10.666752556580667
-13.442264368077991 -9.763022701325953
-11.079755547964947 11.522704505739142
-15.761429390448582 15.7984096361148
-13.638362920974183 15.55173508119528
5.1829232509999565 8.210985374282515
-7.207288942482901 -11.088572584308805
-6.18936002775942 9.408938558817797
4.541493723002247 6.331877396056784
-0.7728936610799515 1.3532188441647897
-11.925541384433012 -1.697617274465701
-3.0084990473996456 -2.8497381378578694
-3.2500605783110172 -12.006392241094863
-8.770067426049915 -8.634729995198285
-13.654502085148346 -11.713051463918
10.455548573151727 11.250618490534489
-3.94178169819074 -11.815916393675455
-2.7393306056726487 12.984221357180072
9.327773847911534 4.625393176927929
-14.180177458198436 12.691994553173972
-4.696869024705244 -10.914926180566733
-5.247155515408862 -12.000493248605123
3.4398270392307486 9.358994045295022
-7.578762107923142 -8.923793439679928
-1.741400063125722 10.795255169928474
9.249543658895313 -12.097269426140645
7.203518596530442 8.0265555863575
-2.51294756409911 -13.58250683393867
1.2654720298911428 2.1968797227143355
-1.6936735450618279 -11.718104176394696
-14.29658573924526 11.246007190969026
-2.6668459457228297 -8.335676972690816
-5.294417064687536 6.6475570226057945
-1.4763914602490644 -12.004478645963793
7.588776202994228 11.907071989431321
-10.312349740118789 -14.296146874268931
-8.90000225323239 -11.042468663271599
-7.6691178852373145 4.931861269174018
6.548449541496364 10.300540682064764
-5.317381997089427 8.987475832485787
-7.8357076824073975 -14.16352495282473
-5.197245813096531 2.587799022422253
6.42405636210958 9.415370961927929
-13.30262909918705 14.930165545208277
-8.92312182665833 -12.725147447365028
-2.973244644693268 -9.66977638489706
-8.631154279241706 -13.53275294678655
4.23212482014338 7.975205080093733
-0.9245056538599588 -10.887849824951507
7.106860345690041 14.768004381172261
-8.665004308744066 -12.19277591361962
-1.2382251122922079 -11.802044124665954
-13.664497297431154 12.802726801898029
-11.346162474472408 16.9448785173974
-4.501140361184051 7.770133626949851
-4.743120146455027 -10.182287473576713
-10.13272255054286 -11.35665859380336
-2.228400516463493 14.024292269027722
-1.9534009421519563 -10.667013037009358
-13.060936555435294 15.092506684469008
-4.722777970680067 5.478274999997588
-9.295633781175578 -10.074237815178591
9.258890084247849 11.37098846243846
1.1821086540628407 5.326592778079927
-13.16607266107225 16.597684508937384
-12.35031148970382 13.24259462559442
-6.052096301126385 5.890251201543957
-12.990633486891733 15.76220153891991
8.180036786854583 7.98027044619746
-13.54789219657983 16.642413269514662
6.403022636091186 10.327440363503149
-1.229189868602301 4.302837525789673
-2.1771321916113777 -11.471982238425431
-6.213417662553707 7.034778153325585
5.239435070878141 -8.353368179342091
-4.195209919335958 8.40680046222793
-11.499256663064351 14.643513861632382
-0.5018646108117313 13.087501547030833
-12.688679274190656 12.272635547602171
-5.340581914006629 5.917843583268776
-3.561210023804694 -9.010060956056876
-8.442145618414383 -12.955639662665181
3.3993268329160635 9.949810206422281
-1.8422910591289348 -13.936634461723331
-1.5580785776109587 -12.11916972485409
-10.066820700528737 2.7651802715005473
-0.12722718677708755 11.30440456333606
14.434496150752228 -5.838212995274194
5.368204879516323 6.8843182998624135
-2.3267939831683404 -13.588508667347138
-12.443172543304257 17.114884454796904
-5.386485371236629 -10.191565803097127
-3.0957207480383815 -2.1062844075648997
-3.485059980920928 7.245621051128099
-13.138690874084622 12.852698643725939
-7.427695808590483 -11.514271938844942
-0.5235953924697849 -11.638698316988037
7.737604172886936 2.539972649682884
2.075995741087244 -14.065225047419549
-9.22678285532629 -10.115851826515632
6.85062427506754 8.791838561606903
-2.222617163322774 -13.129343831942474
10.912002236785327 4.815789935473941
-4.259572598787479 -10.906878352699522
-4.102652563956941 -12.298412267433825
-10.939044653377069 13.930716712870096
12.535295566943976 14.508304463141222
4.79339717816475 11.307659512840997
-2.7779600030681277 -13.210831963007209
-12.09758825963451 13.519699676183931
-4.947541555633732 6.5048855710760165
4.376514603736464 -6.643318325919484
-9.82343057040027 -11.887198163355189
-5.0865450138568145 6.998270850308344
-4.630689942789719 -12.427268491622353
8.372673609854928 -10.368717561166417
-6.68454145086094 8.607244706959163
9.041263725882668 -5.712150699290763
-6.311736098153959 8.141492056762912
-4.751546802977045 -11.96419703114665
7.702757840871279 7.774858656575228
-8.959280056535716 -11.746021269850285
-10.032982035365265 -10.542523671227498
10.183633419146215 -12.096986885940725
-3.9454957668105424 -10.015484526750388
-1.3194397376424134 -11.500261148144867
-11.913574983030106 -10.015045523136935
7.709704248784361 9.722931037222223
-6.928555838844282 -9.508419279275813
10.944157198811695 -12.570248375474296
6.7680566195377985 8.751758020213648
-3.530184986638374 8.265682338357514
-8.70883659831753 6.461134126378871
-7.347291110413887 -11.329439683071511
-6.090954106380674 8.667490158329464
-14.221898157082599 13.396979044025247
4.314198324128431 7.932618467698781
8.574938184954252 -2.0038705743404623
-1.4372120790129328 -11.939728082225889
-3.912011093054147 6.023081976962948
-3.354168376159892 -1.7106525684874114
-14.641314043826133 14.921745678562063
-7.041693742612061 9.372651189745405
-5.2475818208278975 8.267395459691365
-5.133219462887235 9.366322783775631
-7.538898386983946 -12.61791503579612
4.027645781728611 8.997952655923624
6.032891344159 7.169607062386005
-13.919154658191683 14.974015653546855
-12.18573752282827 5.477947898485784
-14.14509458590093 14.73496041340795
5.334454765382038 10.166124745620685
4.40030498548887 7.225189895887228
6.1867557532479935 9.464095616126919
12.601597017383348 10.1228357030649
-12.272846053985855 14.452392702323264
-4.722861084860103 -8.880584874766072
-3.6791450993459174 6.996184310928152
-14.24481734756934 4.660593976426515
-5.273082486828147 8.654381340936148
-10.785855109281767 14.98707960654753
-13.383028506645056 14.873840133623268
7.783700782109962 10.90688678686675
-2.8365419776621836 -10.312982611812995
-7.341061258990787 7.545805394214168
7.850706039014193 8.348986318778097
-5.4939599149911365 6.954928810701791
-9.734230250249214 -12.361725234117943
-8.783524112549383 -12.893417299793633
6.079195756423272 8.721009907607796
-13.545144417019475 14.680196000565367
-4.597806922747207 -12.646357344169854
-6.58057088753903 -13.13823432126425
-5.326862999122305 -10.869794264177992
4.267615696795085 7.310779911894603
10.115112348258073 13.067775910875518
6.4912284828140105 11.914774033111076
-15.547489273814007 14.641816882498278
3.5207772296459723 -12.194993445374891
3.570715657767294 7.685288805186815
7.1677125444007785 9.455004969090119
-12.677910347226625 10.923749162420922
-5.821545202751997 -12.146122464638824
-4.34969179461533 -11.372600467760172
11.350352032990774 3.685504589202143
8.594130280388345 1.9354990500760678
5.902051271566719 8.820781029861937
-10.912054919873121 14.787070893103392
-2.178293985125086 -12.548039297507597
5.449464760742424 11.112085526785513
-5.999251379173274 9.167709683412863
-8.864518896536332 -9.663818848604091
5.627306462982292 8.73294467944352
-2.375884699867867 7.06108513738248
-3.2862635346770728 -9.973617336771925
-12.777926269810106 13.997646052538075
-12.24000220594821 16.059735245222765
3.1030743418065825 -14.046440736981014
-13.60563013690746 17.625775028147697
3.339700042457225 6.349163398825014
-3.9420191219502163 -10.320307902644121
3.364335364038192 8.881870491836187
-11.433437531162129 -12.41093001436201
-6.13029445046309 -4.592581917194831
-14.037783438902716 15.643757621802582
-9.856589266702498 -10.094625156780806
-12.746309106654255 15.862339305535091
-12.164799131139041 12.589697003375239
-13.80671102436979 8.669274237601833
11.915516337405766 10.446974036591829
-5.285947891214248 7.287006148543874
-6.649911086891819 6.558109855240915
-8.592477325966811 -13.126499292329324
7.330920810143963 10.927354176518577
4.203259043780547 7.875965219044458
-3.1080634238586295 -10.707050227092259
-3.8759578489020736 -10.472651839057528
0.1953284540380924 9.713736561685533
-6.443521108892586 -3.1584186331109763
7.681400255437975 -5.19130080021125
-4.8576658941309825 6.05261892779742
-12.609120617923173 7.8605864684653675
-3.0715979194279672 -10.786792285891854
-12.052787439933532 14.023735313629555
-1.1173138981669486 -14.0938468226093
-14.35331650266286 15.126016219094879
5.4146655226050555 -9.18229082403426
-10.847545352504085 -11.025687622203867
-4.058506406735884 -9.375956563586147
-3.2847508924394444 -11.783299516515683
-8.550308660865857 -13.126187783495762
-2.568472425881515 3.2448095215265864
-9.363116670654144 0.3991393142164359
-6.58745305505998 8.77144842573584
-9.414440441352724 -9.63861726173781
-1.2202868748254323 5.964495447102493
-1.8394044159953165 10.752225079316151
-3.2143501426660603 6.03818564568923
-2.855983781600504 -9.497407648384376
-7.748425744291264 -0.3632914888418899
-14.00184805641691 14.556917315499334
4.410897756113986 -2.025197409780869
-11.397981394503775 -7.802471411450591
-3.9071982727678094 -13.37590018533638
-8.985542721379904 -13.57959651734385
-9.291259925497792 -12.368624908715157
-3.8300889730052745 -0.14703498442772478
-13.278776622830085 18.772307822835806
-11.557612529301164 -13.852505508616288
3.50547542273197 9.381256108323685
-6.67152107730925 -10.564267530751728
-6.651629604273904 -1.438114718764309
-4.3696035783675455 7.047310686077313
11.997706836959836 0.4865464099884189
-4.214222916573357 -11.222343508425904
-4.419804681420487 6.734819264203945
5.327652162791282 7.856310017865649
-3.0154540548603377 -9.56160157056323
-13.309403355939777 15.633950836400775
5.109715226108154 3.2472664635262163
-13.299700333664587 12.715394127488924
9.304323633252668 14.771121428586113
-8.389235937370469 0.09824595261449076
-3.2858867474210793 -11.658159949066627
-11.681068280169152 15.90211765740429
7.685725834382 9.718521652463657
-4.471895067387783 -7.850009131339158
-15.713590357505888 16.436355222782105
5.933648528502163 8.083622074342244
-9.802861165180651 -12.597388257778274
-9.44139414906276 -11.365642931383736
6.104456770992253 8.677340407528199
-11.868501856274282 14.758771931790923
-9.781644048106116 -9.77303741622153
4.9774246313259285 9.107338573056271
-13.45975483559806 16.00062696261442
-7.129784231752609 -12.467655618772547
6.285419870348312 9.69491629019162
8.370132154348903 9.96228753038821
-12.754450842086895 16.29209725627048
9.864959159925547 2.000032504410754
5.381634365823641 11.724174321133372
4.919531364967236 8.542579267141166
-4.2030331190595565 -11.322669167117924
13.558297545658093 10.545358487450507
-14.254794659524173 6.50870459241095
4.104675370106324 8.295580090454964
11.149166419804434 -8.14109660158515
7.159603560138908 1.0431252094249892
-8.682802093233768 -10.98003857842023
-6.335870942407718 -0.255979601917133
-9.405360792907585 -12.011279531779316
5.882002960843152 9.329251993815285
-13.020894308621761 15.401255335467193
-9.227502499414786 -10.364983608260637
-6.80078166454572 -5.732913560781206
-12.59101076833856 17.293809764392222
-8.621893642266873 -10.655866884020988
9.256483242599476 8.561666595089111
-9.80799364609278 -13.543657884482682
-13.235295414159179 13.803533168398367
-9.63053206023969 -11.324605232177447
-10.306125281652367 13.712600806235246
6.8523220906074895 11.03469475186084
-10.849442592315343 -12.259863572207827
3.365302742845895 14.15212613437635
8.602866019218578 -14.35800829358514
-10.755242070726428 -11.74448779484371
-1.1127748565594562 11.430964820259174
4.810499978705788 8.518778184962898
-9.155944283989776 -12.756382002879972
4.4936286631931255 12.43089721108015
-10.555942099263884 -10.20190858716148
-8.888739376776197 -11.312221377208807
0.9173363287667229 1.7298749019473796
-2.9635503965847008 -10.684814601842007
-14.72447431165425 14.919088108674138
-1.243298717704795 -9.88757308639029
-7.071184017083061 -10.69043873868711
-3.8341763164544096 -11.386797385912548
-8.085518701533609 -16.004676616324577
9.993453375372901 6.495696416151186
5.009797370750428 11.247227131889773
-5.797374315077835 1.8661320532095012
1.3697640634227781 -4.567797160906238
-7.197712842920145 4.090298008147556
3.4100269218120784 8.742081892691536
-12.740596076925554 -5.73655178650246
8.199980630922617 -13.795040860888996
0.33498208692734543 -12.417621599705573
4.618864999624151 7.878063745345175
-4.5723253198931015 6.517084151631366
-5.907655060670242 -0.8404847874264991
13.691041492912383 4.136915816298071
5.640515236294733 9.671629761466509
-1.1023842298045796 -9.298647065041077
-3.7618833957046585 -9.651898716291893
-9.415978098936947 13.614083613876623
7.069290655088608 5.14924140686802
-14.371545139929083 13.45119581544679
-5.096743749882599 8.89388372458082
-10.160994881929243 -12.23629476892517
-1.4382367314771898 14.11922210558889
-4.12606325930736 8.671509331496384
4.8996214545159305 1.4406667507805366
-8.085880855942149 5.635944855267114
-3.9009271031757917 -11.435885333021517
-3.3926691069309483 -8.25462369612753
-7.50327575941793 -11.128443885347924
-5.876575878612536 -11.040237376799158
4.468674586547848 8.95191827846006
-14.8962510268083 14.399788866903933
5.587083798939784 9.873195155417438
-10.635013749651346 -11.197295349736704
3.6490693702702863 10.260706509759661
-5.050497044289982 8.412350613639425
-8.45690592961902 -10.588630300278954
-7.308978821681043 -11.801826015519566
6.024569143753805 9.0830262860913
-14.638904533026833 -7.469339920797806
-4.359897870355962 -8.52652150454007
-4.759479149901058 -2.3668382410478994
3.475240397131594 9.335020341240277
5.5422668838280575 10.711749277754835
-5.11885962842488 8.121727946780593
6.752579539775988 10.402824318609325
-7.090605634112098 -9.791453778887327
-9.53835282856272 -12.133761217681855
-5.1204381956267735 -0.07980027652141963
12.614761751603154 2.7744984994116635
-10.693992811617226 -11.822961831120569
-14.842702343733086 -5.526976844780108
14.598708607091222 -3.0525868522591253
-2.540779316690853 -9.525335686383434
-3.589827628348431 7.87552283262373
-13.016397505657336 15.253838086318366
1.0586135434297788 -6.252898243049199
-8.256559248757682 10.160087168949035
-5.4804060017899205 6.27387999753573
-1.0878856158945671 -10.919877204422795
-5.896488390018086 4.17482664092511
-9.94836643277224 -12.355897405634582
-4.67760745205425 5.093657664599283
-14.91535091969093 14.238826327737359
-6.40574583767295 9.049935036462998
-7.034706553143764 4.7686541696339795
7.5203687727496416 6.536419243049537
-13.78240403580779 12.388030272474415
-10.745932455094536 -5.569895614140044
-8.633819641951217 12.548583697800336
-11.991714369471874 16.525960237091777
-5.910007738060358 6.633178921006447
-8.058104273038593 -11.541275681723615
-5.458631232199817 5.393966598240267
-2.9828178315755096 1.5323121402840414
-7.830149493794638 -10.740318927094865
-2.628245321260797 -11.9473467518638
-3.1161092991483823 7.118784997407632
-6.011311296689181 10.073540192270118
-13.74686538928742 14.368444927343232
-14.683269347591475 14.460282251224351
-4.068819288100603 6.671144420147854
-6.86155253811667 -14.279078446083172
-5.526988548674535 5.589828680573099
7.296114303604071 8.46656829231364
-6.61338906416978 7.500174963769236
-3.6463080077980123 -9.25113964986765
5.481748930145538 8.569336886607264
13.796499808166057 -6.390798893809386
-13.241660093873367 13.989778437521402
-9.697971224762014 -11.892889178875073
-11.8495864096664 11.089982189586024
-3.601564404649716 6.9731549713289045
-5.448512605372974 7.496722238829814
-17.637471952972795 13.41910049738519
5.445669459715114 10.316956326720893
-3.1105263273122414 -12.675131347427829
-5.067156430066581 4.998369846286035
12.044754131183343 1.5677442572325688
-0.8764925658612128 0.6703410106969123
-4.021653980941397 6.804403769934768
-9.534701610971135 -9.956447515082939
-8.574140268756619 -11.617784116747702
-14.00913449846028 14.567729028223322
1.4575950553518062 -13.826956031242014
-4.279727831425862 -12.505274184011824
-12.071988540506236 9.944852116822489
-5.508395232529311 6.36740329804999
7.148393013453026 8.106722638558418
10.52373821926534 2.503085959473104
-8.267825718926247 1.4101447998906629
6.260414971416926 7.177722691695025
-2.941197109871205 -11.1720301181487
10.198070121798718 9.626173616755686
-14.551653284067218 13.449503171196252
-6.546196291206589 6.9270335643618095
0.6014640059225584 -0.5102231779959574
-0.030662864726442862 -12.851803533577712
0.11377775301606796 -2.537429921985403
-3.8254937410001717 -11.619658867406674
-14.251353284970566 15.147531586861499
-12.401014253862714 13.625487809894736
-12.041332951440332 11.735757939760102
9.714021367248733 14.81114040115109
2.4696928527851263 -4.667100628069143
4.2273244266598935 11.177344787097958
-15.25934708235167 13.89419873823948
6.67318414504301 8.85972841575558
6.027340174490728 3.168748387253448
7.2005604565993515 12.570391278643516
7.7538416270155786 -10.072851624711358
4.208948077144271 2.8575511644652742
-10.461334360488683 1.364189370388015
-5.176724722395333 8.216831127094615
-6.842527112633224 8.002610516269506
-7.805546756736439 -12.634793799750963
5.585645817238488 7.057300163010813
-10.107766694508596 -14.6948931228629
13.85450946695471 -6.522922319836313
-8.093918603954277 -11.82211362881589
-12.035179849146079 13.917574231645718
-7.59521459411761 -10.527670327587693
5.140130341146101 -11.914545963843118
-1.5386697405419487 9.34738619130804
7.4775704888455525 8.964844783922654
-5.761367373996923 9.3018509731546
5.863730838695793 8.289883395783196
-4.640724917563707 6.5314385384955855
-7.196962190902049 -11.620935072579124
-13.188729938424819 13.715486623535861
-6.022590351648805 10.455437444793915
-3.2913448923194095 9.26021264065718
-1.4331579940481571 -9.768519850168978
-7.430126117514732 -12.239551073790983
-1.4329370406064776 -8.121858271816862
-2.3728426466571446 -12.1887482338261
6.6224139953460135 7.693131429961879
-0.7179286938148488 -11.675377542494308
-14.29263407435013 12.772178485722769
-9.3806961215019 -10.148622654668225
-0.9900631043649715 -10.076847322567659
-12.73663638534272 -11.26048744690939
6.742818029369308 9.50705208368367
4.409245690800086 8.450725465008727
7.142318013483518 10.871693882805745
3.789920529095871 10.256869801733057
6.3643666877365 11.683000489804012
2.5204552405983662 -14.208460982750136
-6.410644053000757 -11.33881348316349
4.856744783671889 -3.985225828833004
4.6947957532404105 6.126764073005444
5.374278249611593 6.852534378488036
3.829961499400151 9.494508709126293
-4.060228561725482 5.734824693784121
4.928164540031507 8.602792971796049
-12.447119968781713 -3.6259506021360384
-2.662501268182554 -11.867614409640431
-0.5398636607880882 -9.444731590979123
-11.260966342609091 17.06674671031802
8.055859577448748 9.115141806967209
-8.660735374618449 -11.589701626673087
-12.795605856081124 12.304991710190027
-6.433992408165964 -13.596977218409194
2.720270653956784 10.109776213360561
5.087768832663702 10.793759267485784
-10.577441023600489 -11.494593061098891
6.373064553623156 11.204269779973862
-9.532485886314214 -11.302356387281435
13.198328595763662 0.17724726909788835
12.013419917910117 2.941785250283612
-6.825350872982109 7.787628323811614
14.158704930228385 -2.5912948943829335
-5.256243532189265 7.833040969063857
2.3530493368448226 6.505062295821146
-5.482381942361225 -12.961505477772189
0.1348887798708116 0.9661439210306835
-5.806017440604631 7.474415527694504
2.3881231776793754 -2.9162988781132544
13.19512858698861 -5.37944267245434
-11.045695902340205 13.692925443532282
-13.041247656288055 11.923489701073606
-9.817101339750032 -11.160571202387864
-6.54755296429145 -9.487650978114143
-5.595998118187527 1.7479556795312483
-13.877878825248168 15.658615010672932
-3.7594073314002965 -11.628588865059815
-12.960960479908325 12.955963810123233
6.613684485240125 7.1264563354341535
-6.476280187186502 -7.386212827690141
-1.9563466583180458 6.192568694817707
-9.149547874947192 -8.538042184036001
-7.9891779368476525 -2.159085437453527
-10.678019227602888 -12.375189407397228
-8.781548851817558 -11.44484091873614
-6.398272616585173 -12.312114856480783
-4.648181121985712 6.920680316150587
-1.8245444675558333 -10.380937667446341
-11.74771588509148 16.06808713226984
-3.521981350600755 -12.540764944165234
-10.280741406411293 -11.456734706636977
-14.960469790503783 10.298104579475687
-15.515491236766087 14.347198055328779
-14.690428457888991 13.11145220174575
10.548276342998552 0.3669409888560313
14.16469266477731 -3.234015197489441
-11.736284827719507 17.396630997121058
4.579525327856388 9.33738015901266
-7.139034628859059 -10.351730831270682
-8.862914703320413 -12.1392162778806
5.908086538968995 7.006252658542732
3.406372988353006 -1.950564818226452
-1.6951070653561469 -11.646321111249954
-4.221069781325852 -9.797791703829851
4.465680616947434 4.345012058699059
0.3607671423954315 -4.087875967974092
8.337546596293755 12.067090961116499
-2.3586725572856366 11.278518835506063
-2.535534756974986 -10.693355805493505
-7.241701596461164 -8.528286787790513
-4.659171527828905 -10.435580694044322
-4.254814926449528 8.01160951713514
-8.366547462886604 11.763760601054631
-4.264953414306074 2.392882319495534
-5.299563725196203 8.109725551240594
-4.73654240141525 8.793706998339232
-9.509057595650624 13.610474598327393
-8.124268668321095 5.544146375633257
-2.7258598572188864 6.59870853433883
-11.658924211062175 -11.585254565257879
4.212125341910303 9.629416804349647
-2.1941040240015286 -13.38344660586716
-13.432095693875713 13.049834397667317
-3.778522098934783 8.870985490575388
-12.511368702365553 -7.7790577546472575
-10.364618391811728 0.4942140611872041
-3.5423270414670665 6.306435187426607
-6.43663466274236 6.8269734568728815
-11.360770224787574 -12.665567391678122
-12.999119425058314 14.343410181562705
-7.869351455133624 -11.724776010982929
-4.19413512380826 -9.499162111860006
-8.461988475576986 -11.8784254079613
9.655407137095604 -0.30411677499037104
-7.608680343895039 6.623621258444627
-4.837161526793102 -12.23340844108285
-13.192022046828285 14.659642076701644
-3.9644215850263076 -8.91214292999149
-2.7722183603120123 -8.882315943528337
-6.315710615894371 -10.942807336705622
-8.725537854133247 -10.921746770391406
-1.9235702061652935 -10.25801781283597
6.836779772978383 7.4612169368375785
3.61227438411466 10.558519163860062
-5.630873113906643 8.153835645765346
7.432847334668798 9.984534929080374
-3.890031432865584 -9.70334710554072
-8.863702420520045 -4.521705069871215
-9.027435711767245 -10.674237809236658
-17.054548582460225 14.413296872423711
-10.403713173819517 -9.544936853259859
-1.0655164389514644 -11.590046612799307
-14.290510736912664 15.355112253646123
-14.99566803595252 7.331555786512336
-8.40816724906027 -12.405784397928327
3.958305960105431 8.082979672903965
-4.735578173014475 -12.171445026108465
-6.85016753374471 8.045797821738475
14.06429224412993 -14.999275523693903
-5.347281747868193 7.1211447575783104
5.636956073452836 -9.876352977768367
-12.598237710940646 15.197871484597686
-7.6340551882098495 -10.36632022228667
4.377032442053981 0.2191929938364403
5.844372427469515 9.157450878763832
4.022692149789497 11.705800478112913
-14.124036645824376 14.693209680224534
-7.559965766835045 6.964523404503973
-5.023545731253321 6.031285614374641
-13.017717740947788 11.424158527420424
-14.10515048391134 12.29461474784173
-0.8840965582388796 -12.710584208544931
-10.993877058139969 15.071295676401894
-7.178628266823818 -12.968272695461419
-14.931548312804983 12.929120986441092
-5.258124379356186 8.618808541578364
6.168975435567946 9.982006807170798
-13.960866941928233 14.45105531617587
0.26258067560329934 12.234858826284729
-11.163763780868091 -12.449317850230695
-8.645507429000316 -13.605874735584653
-12.923562538714007 13.785907567257453
-5.727369135341655 6.600572185667788
-10.178858501745584 15.040052009313872
-5.260402348092149 7.158157757065177
13.82253150462062 11.626544475175741
8.78880412105385 13.469720874573827
-13.56287224205073 14.50984797112896
3.779337309830926 9.313291145408005
-4.021992813019186 6.011708964131942
-12.053194740888472 16.87194405665562
-13.39063615094261 -3.2680297309089106
-1.7546216936153143 -13.271912650312379
5.995609414729469 9.359102279699977
4.666857076954564 9.499585887333176
-8.515453158445318 -11.750520556838257
6.568286850555399 8.620853039862162
-3.9404143733251464 -14.128584372690055
-8.216835419247701 9.66515012210624
5.728592039636965 -4.962496163435484
-4.750043977451147 -13.822082655713201
-14.459940883491536 15.360965554697067
-14.757774457797519 14.06498071882791
6.052413367991819 6.3249239481006185
-9.299181808540654 -9.210628887566973
2.40690228646384 -3.505365058068195
-11.747323857518728 7.351750018798786
-13.623158138676775 12.87505686118924
-3.1032625990299483 9.178920782534473
13.653601201335068 -14.572626149602417
-7.821416083467128 -10.874425892598921
6.620428279825944 7.205626557044073
4.953494872787116 7.315724210768947
-14.520317677006666 -14.798952466995896
-15.405286089622205 13.869565741548836
-7.765428301980857 -12.844085801583388
5.2535721164511475 9.532865698518235
-3.0845853331266175 -10.462167167899784
-12.23917922827903 16.980069826921394
9.179553978321785 6.203821467206616
-2.0630627614073997 14.304478387000064
-6.592594449895137 8.351410035370586
-9.081253317317 -11.210481704812135
-7.44606733614422 8.968235818503672
5.157736698394515 11.019887919902233
-7.486538011182837 7.993670305390536
-12.995348764139486 12.74017791585075
-2.2062423149873407 -13.980886350304802
0.161440703584395 -5.76460986500696
6.040197005545435 10.264767526480993
-13.730654342962763 -8.315016348083807
-4.92695642488809 -13.122403030381477
-10.098732247322443 -13.027933620200184
-9.213377633991366 10.12917249854835
-6.996649516226341 -2.798072666325238
4.017161910159859 9.365767908151698
11.546995752240363 2.176066426269827
-12.136872057750896 14.184134953169279
-7.1533106138156555 -12.006862313245731
-1.452304444010295 -10.241104142577445
-1.9938769787123354 8.005837942806522
6.6011734293255735 8.803751229782852
-11.580402796006293 13.354277989319892
10.796125707148466 14.521277255289505
-6.183781302347885 -14.283973422536086
-7.903071142775394 -11.382301384268912
-13.526445768788184 15.8168869786802
-6.555166585483565 -10.9995175711436
4.759254061259372 8.947003822266264
-13.867155783149336 -3.261189195078261
-12.127681272352696 13.718879163720459
-8.80418164090438 -12.23623110458342
4.574310699433143 9.143008191224967
-14.811888049228195 15.124176425204865
-4.713169441434214 -9.159319150970344
-14.037045923506385 13.576716121058322
-10.911454645192103 16.25649080871271
-0.9909942590325826 6.819041488198918
-4.291746184464262 8.144150010268921
10.832509452746041 12.623863042750848
-14.46328855770738 13.948062902593254
6.40180335315597 9.72425352454062
-5.62507987784472 5.931392502701689
-3.9320048292093763 -10.644079745145165
-8.529554223846395 -10.322846273070311
-13.525333612553208 11.494567640471459
-3.018523730991305 -12.573576064609114
6.208649520915872 8.109391083124029
-7.798054382648921 -11.189956930834187
6.09773950389172 -2.10782515072664
5.518605458080145 10.684887956923301
13.101211992355587 5.1603770745857425
13.415029878169822 8.380606521726317
-5.082790470497978 -13.045155959023012
-13.725046467908076 5.066019810123212
-9.879480442140107 -3.073818053018144
